

  **** PARTIAL WAVE ANALYSIS (DPWA0) ******************************************


  KINETIC ENERGY = 3.70000E+06 eV

      L       PHASE(SPIN UP)     PHASE(SPIN DOWN)
  -----------------------------------------------
       0     -6.95364726E-01      0.00000000E+00
       1     -1.07485686E+00     -7.42048591E-01
       2     -1.26375796E+00     -1.09853240E+00
       3     -1.39005190E+00     -1.27953411E+00
       4     -1.48505003E+00     -1.40187501E+00
       5     -1.56120287E+00     -1.49449941E+00
       6      1.51685096E+00     -1.56906848E+00
       7      1.46235587E+00      1.51011757E+00
       8      1.41466622E+00      1.45647233E+00
       9      1.37228523E+00      1.40944419E+00
      10      1.33416211E+00      1.36759280E+00
      11      1.29953052E+00      1.32990326E+00
      12      1.26781426E+00      1.29563320E+00
      13      1.23856904E+00      1.26422301E+00
      14      1.21144497E+00      1.23524023E+00
      15      1.18616158E+00      1.20834369E+00
      16      1.16249055E+00      1.18325945E+00
      17      1.14024351E+00      1.15976415E+00
      18      1.11926325E+00      1.13767335E+00
      19      1.09941717E+00      1.11683288E+00
      20      1.08059242E+00      1.09711261E+00
      21      1.06269215E+00      1.07840167E+00
      22      1.04563265E+00      1.06060487E+00
      23      1.02934103E+00      1.04363982E+00
      24      1.01375350E+00      1.02743477E+00
      25      9.98813850E-01      1.01192686E+00
      26      9.84472363E-01      9.97060698E-01
      27      9.70684812E-01      9.82787242E-01
      28      9.57411700E-01      9.69062849E-01
      29      9.44617609E-01      9.55848528E-01
      30      9.32270660E-01      9.43109300E-01
      31      9.20342061E-01      9.30813667E-01
      32      9.08805717E-01      9.18933169E-01
      33      8.97637912E-01      9.07442008E-01
      34      8.86817026E-01      8.96316725E-01
      35      8.76323295E-01      8.85535928E-01
      36      8.66138610E-01      8.75080060E-01
      37      8.56246333E-01      8.64931192E-01
      38      8.46631147E-01      8.55072849E-01
      39      8.37278917E-01      8.45489860E-01
      40      8.28176571E-01      8.36168219E-01
      41      8.19312000E-01      8.27094977E-01
      42      8.10673963E-01      8.18258128E-01
      43      8.02252006E-01      8.09646530E-01
      44      7.94036391E-01      8.01249817E-01
      45      7.86018032E-01      7.93058331E-01
      46      7.78188436E-01      7.85063059E-01
      47      7.70539654E-01      7.77255574E-01
      48      7.63064234E-01      7.69627989E-01
      49      7.55755183E-01      7.62172910E-01
      50      7.48605925E-01      7.54883393E-01
      51      7.41610271E-01      7.47752910E-01
      52      7.34762389E-01      7.40775316E-01
      53      7.28056776E-01      7.33944820E-01
      54      7.21488232E-01      7.27255956E-01
      55      7.15051842E-01      7.20703560E-01
      56      7.08742949E-01      7.14282746E-01
      57      7.02557140E-01      7.07988889E-01
      58      6.96490231E-01      7.01817605E-01
      59      6.90538243E-01      6.95764732E-01
      60      6.84697399E-01      6.89826319E-01
      61      6.78964100E-01      6.83998609E-01
      62      6.73334922E-01      6.78278025E-01
      63      6.67806600E-01      6.72661163E-01
      64      6.62376019E-01      6.67144775E-01
      65      6.57040205E-01      6.61725765E-01
      66      6.51796316E-01      6.56401175E-01
      67      6.46641636E-01      6.51168177E-01
      68      6.41573563E-01      6.46024069E-01
      69      6.36589607E-01      6.40966264E-01
      70      6.31687382E-01      6.35992285E-01
      71      6.26864600E-01      6.31099757E-01
      72      6.22119064E-01      6.26286403E-01
      73      6.17448667E-01      6.21550038E-01
      74      6.12851382E-01      6.16888564E-01
      75      6.08325263E-01      6.12299965E-01
      76      6.03868437E-01      6.07782302E-01
      77      5.99479102E-01      6.03333712E-01
      78      5.95155522E-01      5.98952401E-01
      79      5.90896027E-01      5.94636641E-01
      80      5.86699003E-01      5.90384769E-01
      81      5.82562899E-01      5.86195178E-01
      82      5.78486216E-01      5.82066325E-01
      83      5.74467506E-01      5.77996714E-01
      84      5.70505373E-01      5.73984907E-01
      85      5.66598469E-01      5.70029513E-01
      86      5.62745489E-01      5.66129187E-01
      87      5.58945173E-01      5.62282632E-01
      88      5.55196302E-01      5.58488592E-01
      89      5.51497699E-01      5.54745854E-01
      90      5.47848220E-01      5.51053242E-01
      91      5.44246762E-01      5.47409622E-01
      92      5.40692255E-01      5.43813891E-01
      93      5.37183663E-01      5.40264984E-01
      94      5.33719981E-01      5.36761870E-01

  WARNING: Possible accumulation of round-off errors.
      95      5.30300236E-01      5.33303548E-01  i
      96      5.26923485E-01      5.29889047E-01  i
      97      5.23588813E-01      5.26517428E-01  i
      98      5.20295331E-01      5.23187779E-01  i
      99      5.17042177E-01      5.19899216E-01  i
     100      5.13828516E-01      5.16650878E-01  i
     105      4.98324987E-01      5.00984259E-01  i
     110      4.83696354E-01      4.86207991E-01  i
     115      4.69861627E-01      4.72239073E-01  i
     120      4.56750151E-01      4.59005157E-01  i
     125      4.44300014E-01      4.46442895E-01  i
     130      4.32456747E-01      4.34496592E-01  i
     135      4.21172250E-01      4.23117097E-01  i
     140      4.10403894E-01      4.12260878E-01  i
     145      4.00113770E-01      4.01889244E-01  i
     150      3.90268051E-01      3.91967692E-01  i
     155      3.80836450E-01      3.82465348E-01  i
     160      3.71791758E-01      3.73354492E-01  i
     165      3.63109447E-01      3.64610150E-01  i
     170      3.54767330E-01      3.56209748E-01  i
     175      3.46745270E-01      3.48132806E-01  i
     180      3.39024922E-01      3.40360682E-01  i
     185      3.31589521E-01      3.32876346E-01  i
     190      3.24423690E-01      3.25664190E-01  i
     195      3.17513275E-01      3.18709857E-01  i
     200      3.10845210E-01      3.12000098E-01  i
     205      3.04407390E-01      3.05522646E-01  i
     210      2.98188566E-01      2.99266110E-01  i
     215      2.92178255E-01      2.93219878E-01  i
     220      2.86366660E-01      2.87374039E-01  i
     225      2.80744603E-01      2.81719307E-01  i
     230      2.75303460E-01      2.76246969E-01  i
     235      2.70035116E-01      2.70948821E-01  i
     240      2.64931916E-01      2.65817131E-01  i
     245      2.59986625E-01      2.60844593E-01  i
     250      2.55192397E-01      2.56024294E-01  i
     255      2.50542741E-01      2.51349684E-01  i
     260      2.46031498E-01      2.46814548E-01  i
     265      2.41652818E-01      2.42412980E-01  i
     270      2.37401136E-01      2.38139369E-01  i
     275      2.33271155E-01      2.33988371E-01  i
     280      2.29257834E-01      2.29954901E-01  i
     285      2.25356365E-01      2.26034112E-01  i
     290      2.21562169E-01      2.22221385E-01  i
     295      2.17870879E-01      2.18512317E-01  i
     300      2.14278328E-01      2.14902705E-01  i
     310      2.07373732E-01      2.07966012E-01  i
     320      2.00818734E-01      2.01381413E-01  i
     330      1.94586352E-01      1.95121699E-01  i
     340      1.88652033E-01      1.89162114E-01  i
     350      1.82993446E-01      1.83480140E-01  i
     360      1.77590295E-01      1.78055308E-01  i
     370      1.72424141E-01      1.72869023E-01  i
     380      1.67478245E-01      1.67904403E-01  i
     390      1.62737419E-01      1.63146129E-01  i
     400      1.58187887E-01      1.58580306E-01  i
     410      1.53817158E-01      1.54194335E-01  i
     420      1.49613905E-01      1.49976792E-01  i
     430      1.45567856E-01      1.45917317E-01  i
     440      1.41669694E-01      1.42006510E-01  i
     450      1.37910955E-01      1.38235840E-01  i
     460      1.34283952E-01      1.34597551E-01  i
     470      1.30781687E-01      1.31084589E-01  i
     480      1.27397782E-01      1.27690524E-01  i
     490      1.24126413E-01      1.24409488E-01  i
     500      1.20962253E-01      1.21236109E-01  i
     510      1.17900411E-01      1.18165462E-01  i
     520      1.14936390E-01      1.15193017E-01  i
     530      1.12066041E-01      1.12314595E-01  i
     540      1.09285523E-01      1.09526331E-01  i
     550      1.06591271E-01      1.06824636E-01  i
     560      1.03979963E-01      1.04206167E-01  i
     570      1.01448492E-01      1.01667799E-01  i
     580      9.89939430E-02      9.92066041E-02  i
     590      9.66135741E-02      9.68198231E-02  i
     600      9.43047934E-02      9.45048523E-02  i
     620      8.98922963E-02      9.00805972E-02  i
     640      8.57381948E-02      8.59155040E-02  i
     660      8.18258185E-02      8.19928391E-02  i
     680      7.81398037E-02      7.82971865E-02  i
     700      7.46658857E-02      7.48142366E-02  i
     720      7.13907449E-02      7.15306307E-02  i
     740      6.83018935E-02      6.84338468E-02  i
     760      6.53875928E-02      6.55121144E-02  i
     780      6.26367915E-02      6.27543532E-02  i
     800      6.00390783E-02      6.01501246E-02  i
     820      5.75846461E-02      5.76895957E-02  i
     840      5.52642615E-02      5.53635083E-02  i
     860      5.30692397E-02      5.31631540E-02  i
     880      5.09914210E-02      5.10803506E-02  i
     900      4.90231494E-02      4.91074204E-02  i
     920      4.71572513E-02      4.72371690E-02  i
     940      4.53870146E-02      4.54628645E-02  i
     960      4.37061679E-02      4.37782164E-02  i
     980      4.21088591E-02      4.21773549E-02  i
    1000      4.05896346E-02      4.06548093E-02  i
    1020      3.91434181E-02      3.92054870E-02  i
    1040      3.77654896E-02      3.78246528E-02  i
    1060      3.64514648E-02      3.65079082E-02  i
    1080      3.51972745E-02      3.52511706E-02  i
    1100      3.39991453E-02      3.40506538E-02  i
    1120      3.28535798E-02      3.29028490E-02  i
    1140      3.17573385E-02      3.18045053E-02  i
    1160      3.07074216E-02      3.07526132E-02  i
    1180      2.97010527E-02      2.97443865E-02  i
    1200      2.87356621E-02      2.87772469E-02  i
    1250      2.64862916E-02      2.65239281E-02  i
    1300      2.44460726E-02      2.44802807E-02  i
    1350      2.25881115E-02      2.26193212E-02  i
    1400      2.08901437E-02      2.09187115E-02  i
    1450      1.93336512E-02      1.93598745E-02  i
    1500      1.79031400E-02      1.79272685E-02  i
    1550      1.65855527E-02      1.66077977E-02  i
    1600      1.53697964E-02      1.53903381E-02  i
    1650      1.42463633E-02      1.42653571E-02  i
    1700      1.32070304E-02      1.32246110E-02  i
    1750      1.22446194E-02      1.22609051E-02  i
    1800      1.13528078E-02      1.13679031E-02  i
    1850      1.05259792E-02      1.05399776E-02  i
    1900      9.75910522E-03      9.77209051E-03  i
    1950      9.04765148E-03      9.05969951E-03  i
    2000      8.38750378E-03      8.39868359E-03  i
    2050      7.77490880E-03      7.78528352E-03  i
    2100      7.20642675E-03      7.21605434E-03  i
    2150      6.67889325E-03      6.68782713E-03  i
    2200      6.18938821E-03      6.19767774E-03  i
    2250      5.73521035E-03      5.74290124E-03  i
    2300      5.31385591E-03      5.32099056E-03  i
    2350      4.92300076E-03      4.92961855E-03  i
    2400      4.56048518E-03      4.56662271E-03  i
    2450      4.22430055E-03      4.22999190E-03  i
    2500      3.91257789E-03      3.91785475E-03  i
    2550      3.62357754E-03      3.62846942E-03  i
    2600      3.35567993E-03      3.36021429E-03  i
    2650      3.10737726E-03      3.11157970E-03  i
    2700      2.87726589E-03      2.88116020E-03  i
    2750      2.66403932E-03      2.66764766E-03  i
    2800      2.46648168E-03      2.46982468E-03  i
    2850      2.28346177E-03      2.28655860E-03  i
    2900      2.11392738E-03      2.11679589E-03  i
    2950      1.95690009E-03      1.95955686E-03  i
    3000      1.81147037E-03      1.81393081E-03  i
    3100      1.55208247E-03      1.55419221E-03  i
    3200      1.32969701E-03      1.33150555E-03  i
    3300      1.13908315E-03      1.14063313E-03  i
    3400      9.75735604E-04      9.77063749E-04  i
    3500      8.35777569E-04      8.36915454E-04  i
    3600      7.15875994E-04      7.16850762E-04  i
    3700      6.13167378E-04      6.14002335E-04  i
    3800      5.25193254E-04      5.25908406E-04  i
    3900      4.49843991E-04      4.50456501E-04  i
    4000      3.85310261E-04      3.85834844E-04  i
    4100      3.30040753E-04      3.30490027E-04  i
    4200      2.82705888E-04      2.83090663E-04  i
    4300      2.42166441E-04      2.42495979E-04  i
    4400      2.07446427E-04      2.07728663E-04  i
    4500      1.77709886E-04      1.77951615E-04  i
    4600      1.52240882E-04      1.52447923E-04  i
    4700      1.30426347E-04      1.30603682E-04  i
    4800      1.11741298E-04      1.11893196E-04  i
    4900      9.57362205E-05      9.58663342E-05  i
    5000      8.20262260E-05      8.21376841E-05  i
    5100      7.02817743E-05      7.03772551E-05  i
    5200      6.02206869E-05      6.03024836E-05  i
    5300      5.16013639E-05      5.16714403E-05  i
    5400      4.42169260E-05      4.42769637E-05  i
    5500      3.78902291E-05      3.79416680E-05  i
    5600      3.24695635E-05      3.25136367E-05  i
    5700      2.78250262E-05      2.78627895E-05  i
    5800      2.38453670E-05      2.38777250E-05  i
    5900      2.04352953E-05      2.04630224E-05  i
    6000      1.75132071E-05      1.75369668E-05  i
    6100      1.50092055E-05      1.50295660E-05  i
    6200      1.28634128E-05      1.28808608E-05  i
    6300      1.10245462E-05      1.10394987E-05  i
    6400      9.44866421E-06      9.46147846E-06  i
    6500      8.09813202E-06      8.10911399E-06  i
    6600      6.94070391E-06      6.95011573E-06  i
    6700      5.94874857E-06      5.95681487E-06  i
    6800      5.09859762E-06      5.10551088E-06  i
    6900      4.36997015E-06      4.37589519E-06  i
    7000      3.74548575E-06      3.75056395E-06  i
    7100      3.21025475E-06      3.21460721E-06  i
    7200      2.75151582E-06      2.75524623E-06  i
    7300      2.35833189E-06      2.36152918E-06  i
    7400      2.02133715E-06      2.02407762E-06  i
    7500      1.73249591E-06      1.73484475E-06  i
    7600      1.48488891E-06      1.48690223E-06  i
    7700      1.27269555E-06      1.27442111E-06  i
    7800      1.09082126E-06      1.09230035E-06  i
    7900      9.34922042E-07      9.36189618E-07  i
    8000      8.01308798E-07      8.02395380E-07  i
    8100      6.86838405E-07      6.87769736E-07  i
    8200      5.88628317E-07      5.89426630E-07  i
    8300      5.04479187E-07      5.05163389E-07  i
    8400      4.32367459E-07      4.32953914E-07  i
    8500      3.70559979E-07      3.71062585E-07  i
    8600      3.17584462E-07      3.18015268E-07  i
    8700      2.72178915E-07      2.72548145E-07  i
    8800      2.33238804E-07      2.33555244E-07  i
    8900      1.99882682E-07      2.00153818E-07  i
    9000      1.71293546E-07      1.71526093E-07  i
    9100      1.46790013E-07      1.46989215E-07  i
    9200      1.25788417E-07      1.25959160E-07  i
    9300      1.07788633E-07      1.07935059E-07  i
    9400      9.23282160E-08      9.24537109E-08  i
    9500      7.91051425E-08      7.92128386E-08  i
    9600      6.77722028E-08      6.78644241E-08  i
    9700      5.80596393E-08      5.81386647E-08  i
    9800      4.97346049E-08      4.98024466E-08  i
    9900      4.25996152E-08      4.26577380E-08  i
   10000      3.64843625E-08      3.65340779E-08  i
   10250      2.47060115E-08      2.47398814E-08  i

  WARNING: TST = 1.6753E-08. CHECK CONVERGENCE.


  *** SCATTERING AMPLITUDES AND DIFFERENTIAL CROSS SECTION ***

    ANGLE      DCS       ASYMMETRY    DIRECT AMPLITUDE       SPIN-FLIP AMPLITUDE     ERROR
    (deg)   (cm**2/sr)                      (cm)                    (cm)
  -------------------------------------------------------------------------------------------
  0.000E+00 7.82402E-13  0.000E+00 ( 8.791E-07, 9.792E-08) ( 0.000E+00, 0.000E+00)  1.00E-07
  1.000E-04 7.82400E-13  0.000E+00 ( 8.791E-07, 9.792E-08) ( 6.741E-13, 7.509E-14)  1.00E-07
  1.250E-04 7.82398E-13  0.000E+00 ( 8.791E-07, 9.792E-08) ( 8.426E-13, 9.386E-14)  1.00E-07
  1.500E-04 7.82397E-13  0.000E+00 ( 8.791E-07, 9.792E-08) ( 1.011E-12, 1.126E-13)  1.00E-07
  1.750E-04 7.82395E-13  0.000E+00 ( 8.791E-07, 9.792E-08) ( 1.180E-12, 1.314E-13)  1.00E-07
  2.000E-04 7.82392E-13  0.000E+00 ( 8.791E-07, 9.792E-08) ( 1.348E-12, 1.502E-13)  1.00E-07
  2.250E-04 7.82390E-13  0.000E+00 ( 8.791E-07, 9.792E-08) ( 1.517E-12, 1.690E-13)  1.00E-07
  2.500E-04 7.82387E-13  0.000E+00 ( 8.791E-07, 9.792E-08) ( 1.685E-12, 1.877E-13)  1.00E-07
  2.750E-04 7.82383E-13  0.000E+00 ( 8.791E-07, 9.792E-08) ( 1.854E-12, 2.065E-13)  1.00E-07
  3.000E-04 7.82380E-13  0.000E+00 ( 8.791E-07, 9.792E-08) ( 2.022E-12, 2.253E-13)  1.00E-07
  3.250E-04 7.82376E-13  0.000E+00 ( 8.791E-07, 9.792E-08) ( 2.191E-12, 2.440E-13)  1.00E-07
  3.500E-04 7.82372E-13  0.000E+00 ( 8.791E-07, 9.792E-08) ( 2.359E-12, 2.628E-13)  1.00E-07
  3.750E-04 7.82367E-13  0.000E+00 ( 8.791E-07, 9.792E-08) ( 2.528E-12, 2.816E-13)  1.00E-07
  4.000E-04 7.82362E-13  0.000E+00 ( 8.791E-07, 9.792E-08) ( 2.696E-12, 3.004E-13)  1.00E-07
  4.250E-04 7.82357E-13  0.000E+00 ( 8.791E-07, 9.792E-08) ( 2.865E-12, 3.191E-13)  1.00E-07
  4.500E-04 7.82352E-13  0.000E+00 ( 8.791E-07, 9.792E-08) ( 3.033E-12, 3.379E-13)  1.00E-07
  4.750E-04 7.82346E-13  0.000E+00 ( 8.791E-07, 9.792E-08) ( 3.202E-12, 3.567E-13)  1.00E-07
  5.000E-04 7.82340E-13  0.000E+00 ( 8.791E-07, 9.792E-08) ( 3.370E-12, 3.755E-13)  1.00E-07
  5.250E-04 7.82333E-13  0.000E+00 ( 8.791E-07, 9.792E-08) ( 3.539E-12, 3.942E-13)  1.00E-07
  5.500E-04 7.82327E-13  0.000E+00 ( 8.791E-07, 9.792E-08) ( 3.707E-12, 4.130E-13)  1.00E-07
  5.750E-04 7.82320E-13  0.000E+00 ( 8.791E-07, 9.792E-08) ( 3.876E-12, 4.318E-13)  1.00E-07
  6.000E-04 7.82312E-13  0.000E+00 ( 8.790E-07, 9.792E-08) ( 4.044E-12, 4.505E-13)  1.00E-07
  6.250E-04 7.82305E-13  0.000E+00 ( 8.790E-07, 9.792E-08) ( 4.213E-12, 4.693E-13)  1.00E-07
  6.500E-04 7.82297E-13  0.000E+00 ( 8.790E-07, 9.792E-08) ( 4.381E-12, 4.881E-13)  1.00E-07
  6.750E-04 7.82288E-13  0.000E+00 ( 8.790E-07, 9.792E-08) ( 4.550E-12, 5.069E-13)  1.00E-07
  7.000E-04 7.82280E-13  0.000E+00 ( 8.790E-07, 9.792E-08) ( 4.718E-12, 5.256E-13)  1.00E-07
  7.250E-04 7.82271E-13  0.000E+00 ( 8.790E-07, 9.792E-08) ( 4.887E-12, 5.444E-13)  1.00E-07
  7.500E-04 7.82262E-13  0.000E+00 ( 8.790E-07, 9.792E-08) ( 5.055E-12, 5.632E-13)  1.00E-07
  7.750E-04 7.82252E-13  0.000E+00 ( 8.790E-07, 9.792E-08) ( 5.223E-12, 5.820E-13)  1.00E-07
  8.000E-04 7.82242E-13  0.000E+00 ( 8.790E-07, 9.792E-08) ( 5.392E-12, 6.007E-13)  1.00E-07
  8.250E-04 7.82232E-13  0.000E+00 ( 8.790E-07, 9.792E-08) ( 5.560E-12, 6.195E-13)  1.00E-07
  8.500E-04 7.82221E-13  0.000E+00 ( 8.790E-07, 9.792E-08) ( 5.729E-12, 6.383E-13)  1.00E-07
  8.750E-04 7.82211E-13  0.000E+00 ( 8.790E-07, 9.792E-08) ( 5.897E-12, 6.570E-13)  1.00E-07
  9.000E-04 7.82200E-13  0.000E+00 ( 8.790E-07, 9.792E-08) ( 6.066E-12, 6.758E-13)  1.00E-07
  9.250E-04 7.82188E-13  0.000E+00 ( 8.790E-07, 9.792E-08) ( 6.234E-12, 6.946E-13)  1.00E-07
  9.500E-04 7.82176E-13  0.000E+00 ( 8.790E-07, 9.792E-08) ( 6.403E-12, 7.134E-13)  1.00E-07
  9.750E-04 7.82164E-13  0.000E+00 ( 8.790E-07, 9.792E-08) ( 6.571E-12, 7.321E-13)  1.00E-07
  1.000E-03 7.82152E-13  0.000E+00 ( 8.790E-07, 9.792E-08) ( 6.740E-12, 7.509E-13)  1.00E-07
  1.250E-03 7.82011E-13  0.000E+00 ( 8.789E-07, 9.792E-08) ( 8.424E-12, 9.386E-13)  1.00E-07
  1.500E-03 7.81839E-13  0.000E+00 ( 8.788E-07, 9.792E-08) ( 1.011E-11, 1.126E-12)  1.00E-07
  1.750E-03 7.81636E-13  0.000E+00 ( 8.787E-07, 9.792E-08) ( 1.179E-11, 1.314E-12)  1.00E-07
  2.000E-03 7.81401E-13  0.000E+00 ( 8.785E-07, 9.792E-08) ( 1.347E-11, 1.502E-12)  1.00E-07
  2.250E-03 7.81136E-13  0.000E+00 ( 8.784E-07, 9.791E-08) ( 1.515E-11, 1.689E-12)  1.00E-07
  2.500E-03 7.80839E-13  0.000E+00 ( 8.782E-07, 9.791E-08) ( 1.683E-11, 1.877E-12)  1.00E-07
  2.750E-03 7.80512E-13  0.000E+00 ( 8.780E-07, 9.791E-08) ( 1.851E-11, 2.065E-12)  1.00E-07
  3.000E-03 7.80153E-13  0.000E+00 ( 8.778E-07, 9.791E-08) ( 2.019E-11, 2.252E-12)  1.00E-07
  3.250E-03 7.79763E-13  0.000E+00 ( 8.776E-07, 9.790E-08) ( 2.187E-11, 2.440E-12)  1.00E-07
  3.500E-03 7.79343E-13  0.000E+00 ( 8.774E-07, 9.790E-08) ( 2.355E-11, 2.628E-12)  1.00E-07
  3.750E-03 7.78892E-13  0.000E+00 ( 8.771E-07, 9.790E-08) ( 2.522E-11, 2.815E-12)  1.00E-07
  4.000E-03 7.78410E-13  0.000E+00 ( 8.768E-07, 9.789E-08) ( 2.689E-11, 3.003E-12)  1.00E-07
  4.250E-03 7.77898E-13  0.000E+00 ( 8.765E-07, 9.789E-08) ( 2.856E-11, 3.190E-12)  1.00E-07
  4.500E-03 7.77355E-13  0.000E+00 ( 8.762E-07, 9.788E-08) ( 3.023E-11, 3.378E-12)  1.00E-07
  4.750E-03 7.76782E-13  0.000E+00 ( 8.759E-07, 9.788E-08) ( 3.190E-11, 3.565E-12)  1.00E-07
  5.000E-03 7.76178E-13  0.000E+00 ( 8.756E-07, 9.787E-08) ( 3.357E-11, 3.753E-12)  1.00E-07
  5.250E-03 7.75544E-13  0.000E+00 ( 8.752E-07, 9.787E-08) ( 3.523E-11, 3.940E-12)  1.00E-07
  5.500E-03 7.74880E-13  0.000E+00 ( 8.748E-07, 9.786E-08) ( 3.689E-11, 4.127E-12)  1.00E-07
  5.750E-03 7.74186E-13  0.000E+00 ( 8.744E-07, 9.786E-08) ( 3.855E-11, 4.315E-12)  1.00E-07
  6.000E-03 7.73462E-13  0.000E+00 ( 8.740E-07, 9.785E-08) ( 4.021E-11, 4.502E-12)  1.00E-07
  6.250E-03 7.72709E-13  0.000E+00 ( 8.736E-07, 9.785E-08) ( 4.186E-11, 4.689E-12)  1.00E-07
  6.500E-03 7.71926E-13  0.000E+00 ( 8.731E-07, 9.784E-08) ( 4.352E-11, 4.877E-12)  1.00E-07
  6.750E-03 7.71113E-13  0.000E+00 ( 8.727E-07, 9.783E-08) ( 4.517E-11, 5.064E-12)  1.00E-07
  7.000E-03 7.70272E-13  0.000E+00 ( 8.722E-07, 9.783E-08) ( 4.681E-11, 5.251E-12)  1.00E-07
  7.250E-03 7.69401E-13  0.000E+00 ( 8.717E-07, 9.782E-08) ( 4.846E-11, 5.438E-12)  1.00E-07
  7.500E-03 7.68501E-13  0.000E+00 ( 8.712E-07, 9.781E-08) ( 5.010E-11, 5.625E-12)  1.00E-07
  7.750E-03 7.67572E-13  0.000E+00 ( 8.706E-07, 9.780E-08) ( 5.174E-11, 5.812E-12)  1.00E-07
  8.000E-03 7.66614E-13  0.000E+00 ( 8.701E-07, 9.780E-08) ( 5.337E-11, 5.999E-12)  1.00E-07
  8.250E-03 7.65628E-13  0.000E+00 ( 8.695E-07, 9.779E-08) ( 5.500E-11, 6.186E-12)  1.00E-07
  8.500E-03 7.64614E-13  0.000E+00 ( 8.689E-07, 9.778E-08) ( 5.663E-11, 6.373E-12)  1.00E-07
  8.750E-03 7.63571E-13  0.000E+00 ( 8.683E-07, 9.777E-08) ( 5.826E-11, 6.560E-12)  1.00E-07
  9.000E-03 7.62500E-13  0.000E+00 ( 8.677E-07, 9.776E-08) ( 5.988E-11, 6.747E-12)  1.00E-07
  9.250E-03 7.61402E-13  0.000E+00 ( 8.671E-07, 9.775E-08) ( 6.150E-11, 6.934E-12)  1.00E-07
  9.500E-03 7.60276E-13  0.000E+00 ( 8.664E-07, 9.774E-08) ( 6.311E-11, 7.121E-12)  1.00E-07
  9.750E-03 7.59122E-13  0.000E+00 ( 8.658E-07, 9.773E-08) ( 6.473E-11, 7.307E-12)  1.00E-07
  1.000E-02 7.57941E-13  0.000E+00 ( 8.651E-07, 9.772E-08) ( 6.633E-11, 7.494E-12)  1.00E-07
  1.250E-02 7.44680E-13  0.000E+00 ( 8.574E-07, 9.761E-08) ( 8.218E-11, 9.356E-12)  1.00E-07
  1.500E-02 7.28938E-13  0.000E+00 ( 8.482E-07, 9.747E-08) ( 9.756E-11, 1.121E-11)  1.00E-07
  1.750E-02 7.10968E-13  0.000E+00 ( 8.376E-07, 9.731E-08) ( 1.124E-10, 1.306E-11)  1.00E-07
  2.000E-02 6.91047E-13  0.000E+00 ( 8.256E-07, 9.713E-08) ( 1.266E-10, 1.490E-11)  1.00E-07
  2.250E-02 6.69466E-13  0.000E+00 ( 8.124E-07, 9.692E-08) ( 1.402E-10, 1.672E-11)  1.00E-07
  2.500E-02 6.46525E-13  0.000E+00 ( 7.982E-07, 9.669E-08) ( 1.530E-10, 1.854E-11)  1.00E-07
  2.750E-02 6.22521E-13  0.000E+00 ( 7.831E-07, 9.644E-08) ( 1.651E-10, 2.034E-11)  1.00E-07
  3.000E-02 5.97745E-13  0.000E+00 ( 7.671E-07, 9.617E-08) ( 1.765E-10, 2.212E-11)  1.00E-07
  3.250E-02 5.72471E-13  0.000E+00 ( 7.505E-07, 9.587E-08) ( 1.870E-10, 2.389E-11)  1.00E-07
  3.500E-02 5.46957E-13  0.000E+00 ( 7.334E-07, 9.556E-08) ( 1.968E-10, 2.565E-11)  1.00E-07
  3.750E-02 5.21435E-13  0.000E+00 ( 7.158E-07, 9.522E-08) ( 2.058E-10, 2.738E-11)  1.00E-07
  4.000E-02 4.96114E-13  0.000E+00 ( 6.979E-07, 9.487E-08) ( 2.141E-10, 2.910E-11)  1.00E-07
  4.250E-02 4.71176E-13  0.000E+00 ( 6.799E-07, 9.450E-08) ( 2.216E-10, 3.080E-11)  1.00E-07
  4.500E-02 4.46775E-13  0.000E+00 ( 6.618E-07, 9.411E-08) ( 2.283E-10, 3.247E-11)  1.00E-07
  4.750E-02 4.23041E-13  0.000E+00 ( 6.436E-07, 9.370E-08) ( 2.344E-10, 3.413E-11)  1.00E-07
  5.000E-02 4.00077E-13  0.000E+00 ( 6.256E-07, 9.328E-08) ( 2.398E-10, 3.577E-11)  1.00E-07
  5.250E-02 3.77965E-13  0.000E+00 ( 6.077E-07, 9.284E-08) ( 2.446E-10, 3.738E-11)  1.00E-07
  5.500E-02 3.56761E-13  0.000E+00 ( 5.901E-07, 9.239E-08) ( 2.489E-10, 3.897E-11)  1.00E-07
  5.750E-02 3.36508E-13  0.000E+00 ( 5.728E-07, 9.193E-08) ( 2.525E-10, 4.053E-11)  1.00E-07
  6.000E-02 3.17227E-13  0.000E+00 ( 5.558E-07, 9.145E-08) ( 2.557E-10, 4.208E-11)  1.00E-07
  6.250E-02 2.98927E-13  0.000E+00 ( 5.391E-07, 9.096E-08) ( 2.584E-10, 4.360E-11)  1.00E-07
  6.500E-02 2.81604E-13  0.000E+00 ( 5.229E-07, 9.046E-08) ( 2.606E-10, 4.509E-11)  1.00E-07
  6.750E-02 2.65244E-13  0.000E+00 ( 5.071E-07, 8.995E-08) ( 2.625E-10, 4.656E-11)  1.00E-07
  7.000E-02 2.49826E-13  0.000E+00 ( 4.918E-07, 8.943E-08) ( 2.640E-10, 4.801E-11)  1.00E-07
  7.250E-02 2.35321E-13  0.000E+00 ( 4.769E-07, 8.890E-08) ( 2.651E-10, 4.943E-11)  1.00E-07
  7.500E-02 2.21695E-13  0.000E+00 ( 4.625E-07, 8.836E-08) ( 2.660E-10, 5.082E-11)  1.00E-07
  7.750E-02 2.08911E-13  0.000E+00 ( 4.486E-07, 8.782E-08) ( 2.666E-10, 5.219E-11)  1.00E-07
  8.000E-02 1.96930E-13  0.000E+00 ( 4.351E-07, 8.727E-08) ( 2.669E-10, 5.354E-11)  1.00E-07
  8.250E-02 1.85712E-13  0.000E+00 ( 4.221E-07, 8.671E-08) ( 2.670E-10, 5.486E-11)  1.00E-07
  8.500E-02 1.75213E-13  0.000E+00 ( 4.096E-07, 8.615E-08) ( 2.670E-10, 5.615E-11)  1.00E-07
  8.750E-02 1.65395E-13  0.000E+00 ( 3.976E-07, 8.558E-08) ( 2.668E-10, 5.742E-11)  1.00E-07
  9.000E-02 1.56215E-13  0.000E+00 ( 3.860E-07, 8.501E-08) ( 2.664E-10, 5.867E-11)  1.00E-07
  9.250E-02 1.47634E-13  0.000E+00 ( 3.748E-07, 8.444E-08) ( 2.659E-10, 5.989E-11)  1.00E-07
  9.500E-02 1.39613E-13  0.000E+00 ( 3.641E-07, 8.386E-08) ( 2.652E-10, 6.109E-11)  1.00E-07
  9.750E-02 1.32116E-13  0.000E+00 ( 3.538E-07, 8.328E-08) ( 2.645E-10, 6.226E-11)  1.00E-07
  1.000E-01 1.25108E-13  0.000E+00 ( 3.439E-07, 8.270E-08) ( 2.637E-10, 6.341E-11)  1.00E-07
  1.250E-01 7.54433E-14  0.000E+00 ( 2.637E-07, 7.685E-08) ( 2.528E-10, 7.367E-11)  1.00E-07
  1.500E-01 4.85785E-14  0.000E+00 ( 2.086E-07, 7.118E-08) ( 2.399E-10, 8.188E-11)  1.00E-07
  1.750E-01 3.28595E-14  0.000E+00 ( 1.689E-07, 6.584E-08) ( 2.266E-10, 8.836E-11)  1.00E-07
  2.000E-01 2.29973E-14  0.000E+00 ( 1.389E-07, 6.090E-08) ( 2.130E-10, 9.340E-11)  1.00E-07
  2.250E-01 1.64932E-14  0.000E+00 ( 1.154E-07, 5.635E-08) ( 1.991E-10, 9.723E-11)  1.00E-07
  2.500E-01 1.20620E-14  0.000E+00 ( 9.664E-08, 5.219E-08) ( 1.853E-10, 1.000E-10)  1.00E-07
  2.750E-01 8.97754E-15  0.000E+00 ( 8.147E-08, 4.838E-08) ( 1.718E-10, 1.020E-10)  1.00E-07
  3.000E-01 6.79595E-15  0.000E+00 ( 6.912E-08, 4.492E-08) ( 1.590E-10, 1.033E-10)  1.00E-07
  3.250E-01 5.23107E-15  0.000E+00 ( 5.904E-08, 4.177E-08) ( 1.471E-10, 1.041E-10)  1.00E-07
  3.500E-01 4.09274E-15  0.000E+00 ( 5.078E-08, 3.891E-08) ( 1.363E-10, 1.044E-10)  1.18E-07
  3.750E-01 3.25254E-15  0.000E+00 ( 4.398E-08, 3.631E-08) ( 1.265E-10, 1.044E-10)  1.00E-07
  4.000E-01 2.62287E-15  0.000E+00 ( 3.834E-08, 3.395E-08) ( 1.176E-10, 1.042E-10)  1.51E-07
  4.250E-01 2.14356E-15  0.000E+00 ( 3.364E-08, 3.181E-08) ( 1.096E-10, 1.037E-10)  1.00E-07
  4.500E-01 1.77301E-15  0.000E+00 ( 2.969E-08, 2.986E-08) ( 1.025E-10, 1.030E-10)  1.75E-07
  4.750E-01 1.48219E-15  0.000E+00 ( 2.634E-08, 2.808E-08) ( 9.595E-11, 1.023E-10)  1.00E-07
  5.000E-01 1.25068E-15  0.000E+00 ( 2.348E-08, 2.645E-08) ( 9.002E-11, 1.014E-10)  1.86E-07
  5.250E-01 1.06397E-15  0.000E+00 ( 2.101E-08, 2.495E-08) ( 8.458E-11, 1.005E-10)  1.01E-07
  5.500E-01 9.11576E-16  0.000E+00 ( 1.886E-08, 2.358E-08) ( 7.954E-11, 9.946E-11)  1.79E-07
  5.750E-01 7.85874E-16  0.000E+00 ( 1.697E-08, 2.231E-08) ( 7.485E-11, 9.839E-11)  1.63E-07
  6.000E-01 6.81216E-16  0.000E+00 ( 1.531E-08, 2.114E-08) ( 7.045E-11, 9.727E-11)  1.51E-07
  6.250E-01 5.93363E-16  0.000E+00 ( 1.383E-08, 2.005E-08) ( 6.630E-11, 9.612E-11)  2.23E-07
  6.500E-01 5.19091E-16  0.000E+00 ( 1.251E-08, 1.904E-08) ( 6.237E-11, 9.493E-11)  1.03E-07
  6.750E-01 4.55912E-16  0.000E+00 ( 1.133E-08, 1.810E-08) ( 5.863E-11, 9.371E-11)  2.74E-07
  7.000E-01 4.01877E-16  0.000E+00 ( 1.026E-08, 1.722E-08) ( 5.508E-11, 9.246E-11)  1.00E-07
  7.250E-01 3.55441E-16  0.000E+00 ( 9.299E-09, 1.640E-08) ( 5.170E-11, 9.120E-11)  3.09E-07
  7.500E-01 3.15368E-16  0.000E+00 ( 8.427E-09, 1.563E-08) ( 4.847E-11, 8.992E-11)  1.00E-07
  7.750E-01 2.80653E-16  0.000E+00 ( 7.638E-09, 1.491E-08) ( 4.539E-11, 8.864E-11)  3.22E-07
  8.000E-01 2.50476E-16  0.000E+00 ( 6.920E-09, 1.423E-08) ( 4.245E-11, 8.734E-11)  1.44E-07
  8.250E-01 2.24159E-16  0.000E+00 ( 6.268E-09, 1.360E-08) ( 3.965E-11, 8.604E-11)  3.09E-07
  8.500E-01 2.01140E-16  0.000E+00 ( 5.675E-09, 1.300E-08) ( 3.699E-11, 8.474E-11)  2.43E-07
  8.750E-01 1.80948E-16  0.000E+00 ( 5.135E-09, 1.243E-08) ( 3.445E-11, 8.345E-11)  2.65E-07
  9.000E-01 1.63187E-16  0.000E+00 ( 4.643E-09, 1.190E-08) ( 3.204E-11, 8.216E-11)  3.36E-07
  9.250E-01 1.47525E-16  0.000E+00 ( 4.194E-09, 1.140E-08) ( 2.975E-11, 8.088E-11)  1.91E-07
  9.500E-01 1.33677E-16  0.000E+00 ( 3.785E-09, 1.092E-08) ( 2.757E-11, 7.961E-11)  4.15E-07
  9.750E-01 1.21404E-16  0.000E+00 ( 3.412E-09, 1.048E-08) ( 2.551E-11, 7.836E-11)  1.00E-07
  1.000E+00 1.10499E-16  0.000E+00 ( 3.071E-09, 1.005E-08) ( 2.355E-11, 7.712E-11)  1.00E-07
  1.100E+00 7.74091E-17  0.000E+00 ( 1.978E-09, 8.573E-09) ( 1.668E-11, 7.234E-11)  1.00E-07
  1.200E+00 5.58609E-17  0.000E+00 ( 1.212E-09, 7.375E-09) ( 1.115E-11, 6.790E-11)  1.00E-07
  1.300E+00 4.13570E-17  0.000E+00 ( 6.700E-10, 6.396E-09) ( 6.670E-12, 6.379E-11)  1.00E-07
  1.400E+00 3.13006E-17  0.000E+00 ( 2.825E-10, 5.587E-09) ( 3.022E-12, 6.002E-11)  1.00E-07
  1.500E+00 2.41427E-17  0.000E+00 ( 2.958E-12, 4.913E-09) ( 2.098E-14, 5.655E-11)  1.00E-07
  1.600E+00 1.89296E-17  0.000E+00 (-2.002E-10, 4.346E-09) (-2.471E-12, 5.336E-11)  1.00E-07
  1.700E+00 1.50558E-17  0.000E+00 (-3.485E-10, 3.864E-09) (-4.560E-12, 5.041E-11)  1.00E-07
  1.800E+00 1.21264E-17  0.000E+00 (-4.568E-10, 3.452E-09) (-6.324E-12, 4.768E-11)  1.00E-07
  1.900E+00 9.87667E-18  0.000E+00 (-5.355E-10, 3.096E-09) (-7.822E-12, 4.515E-11)  1.00E-07
  2.000E+00 8.12511E-18  0.000E+00 (-5.919E-10, 2.788E-09) (-9.099E-12, 4.280E-11)  1.00E-07
  2.100E+00 6.74473E-18  0.000E+00 (-6.314E-10, 2.519E-09) (-1.019E-11, 4.060E-11)  1.00E-07
  2.200E+00 5.64491E-18  0.000E+00 (-6.580E-10, 2.283E-09) (-1.112E-11, 3.855E-11)  1.00E-07
  2.300E+00 4.75992E-18  0.000E+00 (-6.746E-10, 2.074E-09) (-1.192E-11, 3.663E-11)  1.00E-07
  2.400E+00 4.04135E-18  0.000E+00 (-6.834E-10, 1.890E-09) (-1.261E-11, 3.483E-11)  1.00E-07
  2.500E+00 3.45310E-18  0.000E+00 (-6.863E-10, 1.727E-09) (-1.319E-11, 3.314E-11)  1.00E-07
  2.600E+00 2.96785E-18  0.000E+00 (-6.845E-10, 1.581E-09) (-1.368E-11, 3.155E-11)  1.00E-07
  2.700E+00 2.56476E-18  0.000E+00 (-6.792E-10, 1.450E-09) (-1.409E-11, 3.006E-11)  1.00E-07
  2.800E+00 2.22773E-18  0.000E+00 (-6.711E-10, 1.333E-09) (-1.444E-11, 2.865E-11)  1.00E-07
  2.900E+00 1.94422E-18  0.000E+00 (-6.609E-10, 1.227E-09) (-1.473E-11, 2.733E-11)  1.00E-07
  3.000E+00 1.70438E-18  0.000E+00 (-6.491E-10, 1.132E-09) (-1.497E-11, 2.609E-11)  1.00E-07
  3.100E+00 1.50039E-18  0.000E+00 (-6.362E-10, 1.046E-09) (-1.516E-11, 2.491E-11)  1.00E-07
  3.200E+00 1.32603E-18  0.000E+00 (-6.225E-10, 9.684E-10) (-1.531E-11, 2.380E-11)  1.00E-07
  3.300E+00 1.17629E-18  0.000E+00 (-6.082E-10, 8.976E-10) (-1.543E-11, 2.275E-11)  1.00E-07
  3.400E+00 1.04712E-18  0.000E+00 (-5.936E-10, 8.331E-10) (-1.552E-11, 2.176E-11)  1.00E-07
  3.500E+00 9.35233E-19  0.000E+00 (-5.788E-10, 7.743E-10) (-1.558E-11, 2.082E-11)  1.00E-07
  3.600E+00 8.37923E-19  0.000E+00 (-5.640E-10, 7.205E-10) (-1.561E-11, 1.992E-11)  1.00E-07
  3.700E+00 7.52972E-19  0.000E+00 (-5.493E-10, 6.713E-10) (-1.563E-11, 1.908E-11)  1.00E-07
  3.800E+00 6.78545E-19  2.946E-05 (-5.347E-10, 6.261E-10) (-1.563E-11, 1.828E-11)  1.00E-07
  3.900E+00 6.13116E-19  3.081E-05 (-5.204E-10, 5.846E-10) (-1.561E-11, 1.752E-11)  1.00E-07
  4.000E+00 5.55411E-19  3.218E-05 (-5.063E-10, 5.464E-10) (-1.558E-11, 1.679E-11)  1.00E-07
  4.100E+00 5.04360E-19  3.357E-05 (-4.925E-10, 5.112E-10) (-1.553E-11, 1.610E-11)  1.00E-07
  4.200E+00 4.59063E-19  3.497E-05 (-4.791E-10, 4.786E-10) (-1.548E-11, 1.545E-11)  1.00E-07
  4.300E+00 4.18757E-19  3.639E-05 (-4.659E-10, 4.486E-10) (-1.541E-11, 1.482E-11)  1.00E-07
  4.400E+00 3.82798E-19  3.782E-05 (-4.532E-10, 4.207E-10) (-1.534E-11, 1.422E-11)  1.00E-07
  4.500E+00 3.50632E-19  3.926E-05 (-4.408E-10, 3.949E-10) (-1.526E-11, 1.366E-11)  1.00E-07
  4.600E+00 3.21790E-19  4.072E-05 (-4.288E-10, 3.709E-10) (-1.517E-11, 1.311E-11)  1.00E-07
  4.700E+00 2.95867E-19  4.219E-05 (-4.171E-10, 3.486E-10) (-1.508E-11, 1.259E-11)  1.00E-07
  4.800E+00 2.72514E-19  4.366E-05 (-4.058E-10, 3.278E-10) (-1.499E-11, 1.209E-11)  1.00E-07
  4.900E+00 2.51432E-19  4.515E-05 (-3.948E-10, 3.085E-10) (-1.489E-11, 1.162E-11)  1.00E-07
  5.000E+00 2.32360E-19  4.664E-05 (-3.842E-10, 2.905E-10) (-1.479E-11, 1.116E-11)  1.00E-07
  5.100E+00 2.15071E-19  4.814E-05 (-3.740E-10, 2.736E-10) (-1.468E-11, 1.073E-11)  1.00E-07
  5.200E+00 1.99368E-19  4.965E-05 (-3.641E-10, 2.579E-10) (-1.457E-11, 1.031E-11)  1.00E-07
  5.300E+00 1.85081E-19  5.115E-05 (-3.545E-10, 2.432E-10) (-1.446E-11, 9.907E-12)  1.00E-07
  5.400E+00 1.72057E-19  5.266E-05 (-3.452E-10, 2.294E-10) (-1.435E-11, 9.522E-12)  1.00E-07
  5.500E+00 1.60165E-19  5.418E-05 (-3.362E-10, 2.164E-10) (-1.424E-11, 9.151E-12)  1.00E-07
  5.600E+00 1.49289E-19  5.568E-05 (-3.275E-10, 2.043E-10) (-1.412E-11, 8.796E-12)  1.00E-07
  5.700E+00 1.39326E-19  5.719E-05 (-3.191E-10, 1.929E-10) (-1.401E-11, 8.454E-12)  1.00E-07
  5.800E+00 1.30184E-19  5.870E-05 (-3.110E-10, 1.822E-10) (-1.389E-11, 8.124E-12)  1.00E-07
  5.900E+00 1.21785E-19  6.019E-05 (-3.032E-10, 1.721E-10) (-1.378E-11, 7.808E-12)  1.00E-07
  6.000E+00 1.14056E-19  6.169E-05 (-2.956E-10, 1.626E-10) (-1.366E-11, 7.503E-12)  1.00E-07
  6.100E+00 1.06934E-19  6.319E-05 (-2.882E-10, 1.537E-10) (-1.354E-11, 7.209E-12)  1.00E-07
  6.200E+00 1.00362E-19  6.466E-05 (-2.811E-10, 1.453E-10) (-1.343E-11, 6.926E-12)  1.00E-07
  6.300E+00 9.42910E-20  6.614E-05 (-2.743E-10, 1.373E-10) (-1.331E-11, 6.653E-12)  1.00E-07
  6.400E+00 8.86746E-20  6.761E-05 (-2.676E-10, 1.298E-10) (-1.320E-11, 6.389E-12)  1.00E-07
  6.500E+00 8.34729E-20  6.905E-05 (-2.612E-10, 1.227E-10) (-1.308E-11, 6.135E-12)  1.00E-07
  6.600E+00 7.86493E-20  7.050E-05 (-2.549E-10, 1.160E-10) (-1.296E-11, 5.890E-12)  1.00E-07
  6.700E+00 7.41713E-20  7.194E-05 (-2.489E-10, 1.097E-10) (-1.285E-11, 5.653E-12)  1.00E-07
  6.800E+00 7.00096E-20  7.334E-05 (-2.430E-10, 1.037E-10) (-1.274E-11, 5.424E-12)  1.00E-07
  6.900E+00 6.61375E-20  7.474E-05 (-2.374E-10, 9.803E-11) (-1.262E-11, 5.203E-12)  1.00E-07
  7.000E+00 6.25311E-20  7.615E-05 (-2.319E-10, 9.266E-11) (-1.251E-11, 4.990E-12)  1.00E-07
  7.100E+00 5.91689E-20  7.747E-05 (-2.265E-10, 8.757E-11) (-1.240E-11, 4.783E-12)  1.00E-07
  7.200E+00 5.60310E-20  7.886E-05 (-2.214E-10, 8.274E-11) (-1.229E-11, 4.583E-12)  1.00E-07
  7.300E+00 5.30998E-20  8.016E-05 (-2.164E-10, 7.816E-11) (-1.218E-11, 4.390E-12)  1.00E-07
  7.400E+00 5.03591E-20  8.147E-05 (-2.115E-10, 7.382E-11) (-1.207E-11, 4.202E-12)  1.00E-07
  7.500E+00 4.77941E-20  8.277E-05 (-2.068E-10, 6.969E-11) (-1.196E-11, 4.021E-12)  1.00E-07
  7.600E+00 4.53916E-20  8.401E-05 (-2.023E-10, 6.577E-11) (-1.186E-11, 3.845E-12)  1.00E-07
  7.700E+00 4.31391E-20  8.526E-05 (-1.978E-10, 6.204E-11) (-1.175E-11, 3.675E-12)  1.00E-07
  7.800E+00 4.10255E-20  8.647E-05 (-1.935E-10, 5.850E-11) (-1.164E-11, 3.511E-12)  1.00E-07
  7.900E+00 3.90408E-20  8.765E-05 (-1.894E-10, 5.513E-11) (-1.154E-11, 3.351E-12)  1.00E-07
  8.000E+00 3.71755E-20  8.881E-05 (-1.853E-10, 5.192E-11) (-1.144E-11, 3.196E-12)  1.00E-07
  8.100E+00 3.54211E-20  8.994E-05 (-1.814E-10, 4.887E-11) (-1.134E-11, 3.046E-12)  1.00E-07
  8.200E+00 3.37697E-20  9.104E-05 (-1.775E-10, 4.597E-11) (-1.123E-11, 2.900E-12)  1.00E-07
  8.300E+00 3.22142E-20  9.211E-05 (-1.738E-10, 4.320E-11) (-1.113E-11, 2.759E-12)  1.00E-07
  8.400E+00 3.07479E-20  9.315E-05 (-1.702E-10, 4.057E-11) (-1.103E-11, 2.621E-12)  1.00E-07
  8.500E+00 2.93647E-20  9.415E-05 (-1.667E-10, 3.805E-11) (-1.094E-11, 2.488E-12)  1.00E-07
  8.600E+00 2.80589E-20  9.512E-05 (-1.633E-10, 3.566E-11) (-1.084E-11, 2.359E-12)  1.00E-07
  8.700E+00 2.68256E-20  9.606E-05 (-1.600E-10, 3.337E-11) (-1.074E-11, 2.233E-12)  1.00E-07
  8.800E+00 2.56598E-20  9.695E-05 (-1.567E-10, 3.120E-11) (-1.065E-11, 2.111E-12)  1.00E-07
  8.900E+00 2.45571E-20  9.781E-05 (-1.536E-10, 2.912E-11) (-1.056E-11, 1.993E-12)  1.00E-07
  9.000E+00 2.35135E-20  9.864E-05 (-1.505E-10, 2.713E-11) (-1.046E-11, 1.878E-12)  1.00E-07
  9.100E+00 2.25252E-20  9.942E-05 (-1.476E-10, 2.524E-11) (-1.037E-11, 1.766E-12)  1.00E-07
  9.200E+00 2.15887E-20  1.002E-04 (-1.447E-10, 2.343E-11) (-1.028E-11, 1.657E-12)  1.00E-07
  9.300E+00 2.07008E-20  1.009E-04 (-1.419E-10, 2.170E-11) (-1.019E-11, 1.552E-12)  1.00E-07
  9.400E+00 1.98585E-20  1.015E-04 (-1.391E-10, 2.005E-11) (-1.010E-11, 1.449E-12)  1.00E-07
  9.500E+00 1.90589E-20  1.021E-04 (-1.364E-10, 1.848E-11) (-1.001E-11, 1.349E-12)  1.00E-07
  9.600E+00 1.82995E-20  1.027E-04 (-1.338E-10, 1.697E-11) (-9.927E-12, 1.252E-12)  1.00E-07
  9.700E+00 1.75779E-20  1.033E-04 (-1.313E-10, 1.553E-11) (-9.841E-12, 1.157E-12)  1.00E-07
  9.800E+00 1.68918E-20  1.037E-04 (-1.288E-10, 1.415E-11) (-9.756E-12, 1.065E-12)  1.00E-07
  9.900E+00 1.62392E-20  1.042E-04 (-1.264E-10, 1.284E-11) (-9.672E-12, 9.754E-13)  1.00E-07
  1.000E+01 1.56180E-20  1.046E-04 (-1.241E-10, 1.158E-11) (-9.589E-12, 8.882E-13)  1.00E-07
  1.025E+01 1.41914E-20  1.053E-04 (-1.184E-10, 8.662E-12) (-9.386E-12, 6.801E-13)  1.00E-07
  1.050E+01 1.29254E-20  1.058E-04 (-1.132E-10, 6.052E-12) (-9.188E-12, 4.854E-13)  1.00E-07
  1.075E+01 1.17987E-20  1.059E-04 (-1.082E-10, 3.714E-12) (-8.996E-12, 3.030E-13)  1.00E-07
  1.100E+01 1.07933E-20  1.057E-04 (-1.035E-10, 1.616E-12) (-8.809E-12, 1.321E-13)  1.00E-07
  1.125E+01 9.89374E-21  1.051E-04 (-9.909E-11,-2.650E-13) (-8.627E-12,-2.832E-14)  1.00E-07
  1.150E+01 9.08687E-21  1.042E-04 (-9.493E-11,-1.953E-12) (-8.451E-12,-1.789E-13)  1.00E-07
  1.175E+01 8.36141E-21  1.029E-04 (-9.100E-11,-3.469E-12) (-8.279E-12,-3.203E-13)  1.00E-07
  1.200E+01 7.70766E-21  1.012E-04 (-8.728E-11,-4.829E-12) (-8.112E-12,-4.532E-13)  1.00E-07
  1.225E+01 7.11724E-21  9.904E-05 (-8.377E-11,-6.049E-12) (-7.950E-12,-5.783E-13)  1.00E-07
  1.250E+01 6.58289E-21  9.650E-05 (-8.044E-11,-7.144E-12) (-7.792E-12,-6.959E-13)  1.00E-07
  1.275E+01 6.09830E-21  0.000E+00 (-7.729E-11,-8.126E-12) (-7.638E-12,-8.067E-13)  1.00E-07
  1.300E+01 5.65800E-21  0.000E+00 (-7.430E-11,-9.005E-12) (-7.489E-12,-9.111E-13)  1.00E-07
  1.325E+01 5.25718E-21  0.000E+00 (-7.146E-11,-9.792E-12) (-7.343E-12,-1.009E-12)  1.00E-07
  1.350E+01 4.89165E-21  0.000E+00 (-6.876E-11,-1.050E-11) (-7.202E-12,-1.102E-12)  1.00E-07
  1.375E+01 4.55773E-21  0.000E+00 (-6.620E-11,-1.112E-11) (-7.064E-12,-1.190E-12)  1.00E-07
  1.400E+01 4.25217E-21  0.000E+00 (-6.377E-11,-1.168E-11) (-6.929E-12,-1.272E-12)  1.00E-07
  1.425E+01 3.97211E-21  0.000E+00 (-6.145E-11,-1.218E-11) (-6.799E-12,-1.350E-12)  1.00E-07
  1.450E+01 3.71502E-21  0.000E+00 (-5.924E-11,-1.262E-11) (-6.671E-12,-1.423E-12)  1.00E-07
  1.475E+01 3.47867E-21  0.000E+00 (-5.713E-11,-1.301E-11) (-6.547E-12,-1.493E-12)  1.00E-07
  1.500E+01 3.26107E-21  0.000E+00 (-5.513E-11,-1.336E-11) (-6.426E-12,-1.558E-12)  1.00E-07
  1.525E+01 3.06045E-21  0.000E+00 (-5.321E-11,-1.366E-11) (-6.308E-12,-1.620E-12)  1.00E-07
  1.550E+01 2.87524E-21  0.000E+00 (-5.138E-11,-1.392E-11) (-6.193E-12,-1.678E-12)  1.00E-07
  1.575E+01 2.70402E-21  0.000E+00 (-4.964E-11,-1.415E-11) (-6.081E-12,-1.734E-12)  1.00E-07
  1.600E+01 2.54554E-21  0.000E+00 (-4.797E-11,-1.434E-11) (-5.972E-12,-1.786E-12)  1.00E-07
  1.625E+01 2.39867E-21  0.000E+00 (-4.637E-11,-1.451E-11) (-5.865E-12,-1.835E-12)  1.00E-07
  1.650E+01 2.26239E-21  0.000E+00 (-4.484E-11,-1.465E-11) (-5.761E-12,-1.882E-12)  1.00E-07
  1.675E+01 2.13580E-21  0.000E+00 (-4.338E-11,-1.477E-11) (-5.660E-12,-1.926E-12)  1.00E-07
  1.700E+01 2.01808E-21  0.000E+00 (-4.198E-11,-1.486E-11) (-5.560E-12,-1.967E-12)  1.00E-07
  1.725E+01 1.90848E-21  0.000E+00 (-4.064E-11,-1.493E-11) (-5.464E-12,-2.007E-12)  1.00E-07
  1.750E+01 1.80633E-21  0.000E+00 (-3.935E-11,-1.499E-11) (-5.369E-12,-2.044E-12)  1.00E-07
  1.775E+01 1.71104E-21  0.000E+00 (-3.812E-11,-1.503E-11) (-5.277E-12,-2.079E-12)  1.00E-07
  1.800E+01 1.62204E-21  0.000E+00 (-3.693E-11,-1.505E-11) (-5.186E-12,-2.112E-12)  1.00E-07
  1.825E+01 1.53885E-21  0.000E+00 (-3.580E-11,-1.506E-11) (-5.098E-12,-2.143E-12)  1.00E-07
  1.850E+01 1.46102E-21  0.000E+00 (-3.470E-11,-1.506E-11) (-5.012E-12,-2.173E-12)  1.00E-07
  1.875E+01 1.38812E-21  0.000E+00 (-3.365E-11,-1.505E-11) (-4.928E-12,-2.201E-12)  1.00E-07
  1.900E+01 1.31979E-21 -1.497E-04 (-3.264E-11,-1.502E-11) (-4.846E-12,-2.227E-12)  1.00E-07
  1.925E+01 1.25568E-21 -1.672E-04 (-3.167E-11,-1.499E-11) (-4.765E-12,-2.252E-12)  1.00E-07
  1.950E+01 1.19549E-21 -1.853E-04 (-3.074E-11,-1.495E-11) (-4.686E-12,-2.275E-12)  1.00E-07
  1.975E+01 1.13892E-21 -2.041E-04 (-2.984E-11,-1.490E-11) (-4.609E-12,-2.297E-12)  1.00E-07
  2.000E+01 1.08572E-21 -2.236E-04 (-2.898E-11,-1.484E-11) (-4.534E-12,-2.317E-12)  1.00E-07
  2.025E+01 1.03564E-21 -2.437E-04 (-2.814E-11,-1.477E-11) (-4.460E-12,-2.337E-12)  1.00E-07
  2.050E+01 9.88465E-22 -2.646E-04 (-2.734E-11,-1.470E-11) (-4.388E-12,-2.355E-12)  1.00E-07
  2.075E+01 9.43995E-22 -2.861E-04 (-2.657E-11,-1.463E-11) (-4.317E-12,-2.372E-12)  1.00E-07
  2.100E+01 9.02043E-22 -3.083E-04 (-2.582E-11,-1.455E-11) (-4.248E-12,-2.388E-12)  1.00E-07
  2.125E+01 8.62439E-22 -3.312E-04 (-2.510E-11,-1.446E-11) (-4.181E-12,-2.404E-12)  1.00E-07
  2.150E+01 8.25023E-22 -3.548E-04 (-2.440E-11,-1.438E-11) (-4.114E-12,-2.418E-12)  1.00E-07
  2.175E+01 7.89652E-22 -3.791E-04 (-2.373E-11,-1.428E-11) (-4.049E-12,-2.431E-12)  1.00E-07
  2.200E+01 7.56192E-22 -4.041E-04 (-2.309E-11,-1.419E-11) (-3.986E-12,-2.443E-12)  1.00E-07
  2.225E+01 7.24518E-22 -4.298E-04 (-2.246E-11,-1.409E-11) (-3.924E-12,-2.455E-12)  1.00E-07
  2.250E+01 6.94517E-22 -4.562E-04 (-2.186E-11,-1.399E-11) (-3.862E-12,-2.465E-12)  1.00E-07
  2.275E+01 6.66082E-22 -4.833E-04 (-2.127E-11,-1.389E-11) (-3.803E-12,-2.475E-12)  1.00E-07
  2.300E+01 6.39115E-22 -5.112E-04 (-2.071E-11,-1.379E-11) (-3.744E-12,-2.484E-12)  1.00E-07
  2.325E+01 6.13525E-22 -5.398E-04 (-2.016E-11,-1.368E-11) (-3.686E-12,-2.493E-12)  1.00E-07
  2.350E+01 5.89228E-22 -5.692E-04 (-1.964E-11,-1.357E-11) (-3.630E-12,-2.501E-12)  1.00E-07
  2.375E+01 5.66145E-22 -5.992E-04 (-1.912E-11,-1.347E-11) (-3.575E-12,-2.508E-12)  1.00E-07
  2.400E+01 5.44204E-22 -6.301E-04 (-1.863E-11,-1.336E-11) (-3.521E-12,-2.515E-12)  1.00E-07
  2.425E+01 5.23336E-22 -6.616E-04 (-1.815E-11,-1.325E-11) (-3.467E-12,-2.521E-12)  1.00E-07
  2.450E+01 5.03479E-22 -6.939E-04 (-1.769E-11,-1.314E-11) (-3.415E-12,-2.526E-12)  1.00E-07
  2.475E+01 4.84573E-22 -7.270E-04 (-1.724E-11,-1.302E-11) (-3.364E-12,-2.531E-12)  1.00E-07
  2.500E+01 4.66563E-22 -7.608E-04 (-1.681E-11,-1.291E-11) (-3.314E-12,-2.536E-12)  1.00E-07
  2.550E+01 4.33033E-22 -8.306E-04 (-1.598E-11,-1.269E-11) (-3.216E-12,-2.543E-12)  1.00E-07
  2.600E+01 4.02519E-22 -9.034E-04 (-1.520E-11,-1.246E-11) (-3.122E-12,-2.549E-12)  1.00E-07
  2.650E+01 3.74697E-22 -9.793E-04 (-1.446E-11,-1.224E-11) (-3.031E-12,-2.553E-12)  1.00E-07
  2.700E+01 3.49284E-22 -1.058E-03 (-1.377E-11,-1.202E-11) (-2.944E-12,-2.555E-12)  1.00E-07
  2.750E+01 3.26031E-22 -1.140E-03 (-1.312E-11,-1.180E-11) (-2.859E-12,-2.556E-12)  1.00E-07
  2.800E+01 3.04719E-22 -1.226E-03 (-1.251E-11,-1.158E-11) (-2.778E-12,-2.556E-12)  1.00E-07
  2.850E+01 2.85153E-22 -1.314E-03 (-1.193E-11,-1.136E-11) (-2.699E-12,-2.555E-12)  1.00E-07
  2.900E+01 2.67164E-22 -1.405E-03 (-1.138E-11,-1.115E-11) (-2.623E-12,-2.553E-12)  1.00E-07
  2.950E+01 2.50599E-22 -1.500E-03 (-1.086E-11,-1.094E-11) (-2.550E-12,-2.549E-12)  1.00E-07
  3.000E+01 2.35322E-22 -1.598E-03 (-1.037E-11,-1.073E-11) (-2.479E-12,-2.545E-12)  1.00E-07
  3.050E+01 2.21216E-22 -1.698E-03 (-9.909E-12,-1.052E-11) (-2.410E-12,-2.540E-12)  1.00E-07
  3.100E+01 2.08171E-22 -1.802E-03 (-9.470E-12,-1.032E-11) (-2.343E-12,-2.535E-12)  1.00E-07
  3.150E+01 1.96092E-22 -1.910E-03 (-9.054E-12,-1.013E-11) (-2.279E-12,-2.528E-12)  1.00E-07
  3.200E+01 1.84894E-22 -2.020E-03 (-8.659E-12,-9.932E-12) (-2.217E-12,-2.521E-12)  1.00E-07
  3.250E+01 1.74499E-22 -2.134E-03 (-8.284E-12,-9.742E-12) (-2.156E-12,-2.513E-12)  1.00E-07
  3.300E+01 1.64838E-22 -2.250E-03 (-7.927E-12,-9.556E-12) (-2.098E-12,-2.505E-12)  1.00E-07
  3.350E+01 1.55850E-22 -2.370E-03 (-7.589E-12,-9.374E-12) (-2.041E-12,-2.497E-12)  1.00E-07
  3.400E+01 1.47478E-22 -2.493E-03 (-7.267E-12,-9.195E-12) (-1.986E-12,-2.487E-12)  1.00E-07
  3.450E+01 1.39671E-22 -2.620E-03 (-6.961E-12,-9.019E-12) (-1.933E-12,-2.478E-12)  1.00E-07
  3.500E+01 1.32383E-22 -2.749E-03 (-6.669E-12,-8.848E-12) (-1.881E-12,-2.468E-12)  1.00E-07
  3.550E+01 1.25573E-22 -2.882E-03 (-6.391E-12,-8.679E-12) (-1.831E-12,-2.458E-12)  1.00E-07
  3.600E+01 1.19204E-22 -3.018E-03 (-6.127E-12,-8.515E-12) (-1.782E-12,-2.447E-12)  1.00E-07
  3.650E+01 1.13240E-22 -3.157E-03 (-5.874E-12,-8.354E-12) (-1.735E-12,-2.436E-12)  1.00E-07
  3.700E+01 1.07651E-22 -3.300E-03 (-5.634E-12,-8.196E-12) (-1.689E-12,-2.425E-12)  1.00E-07
  3.750E+01 1.02409E-22 -3.445E-03 (-5.404E-12,-8.042E-12) (-1.644E-12,-2.414E-12)  1.00E-07
  3.800E+01 9.74882E-23 -3.594E-03 (-5.185E-12,-7.891E-12) (-1.601E-12,-2.402E-12)  1.00E-07
  3.850E+01 9.28641E-23 -3.746E-03 (-4.976E-12,-7.744E-12) (-1.558E-12,-2.390E-12)  1.00E-07
  3.900E+01 8.85154E-23 -3.901E-03 (-4.776E-12,-7.599E-12) (-1.517E-12,-2.378E-12)  1.00E-07
  3.950E+01 8.44224E-23 -4.060E-03 (-4.584E-12,-7.458E-12) (-1.478E-12,-2.366E-12)  1.00E-07
  4.000E+01 8.05670E-23 -4.222E-03 (-4.402E-12,-7.320E-12) (-1.439E-12,-2.354E-12)  1.00E-07
  4.050E+01 7.69326E-23 -4.386E-03 (-4.227E-12,-7.185E-12) (-1.401E-12,-2.342E-12)  1.00E-07
  4.100E+01 7.35040E-23 -4.555E-03 (-4.059E-12,-7.053E-12) (-1.364E-12,-2.329E-12)  1.00E-07
  4.150E+01 7.02672E-23 -4.726E-03 (-3.899E-12,-6.923E-12) (-1.329E-12,-2.316E-12)  1.00E-07
  4.200E+01 6.72091E-23 -4.900E-03 (-3.746E-12,-6.797E-12) (-1.294E-12,-2.304E-12)  1.00E-07
  4.250E+01 6.43179E-23 -5.078E-03 (-3.599E-12,-6.673E-12) (-1.260E-12,-2.291E-12)  1.00E-07
  4.300E+01 6.15826E-23 -5.259E-03 (-3.458E-12,-6.552E-12) (-1.227E-12,-2.278E-12)  1.00E-07
  4.350E+01 5.89930E-23 -5.443E-03 (-3.323E-12,-6.434E-12) (-1.195E-12,-2.265E-12)  1.00E-07
  4.400E+01 5.65398E-23 -5.631E-03 (-3.194E-12,-6.318E-12) (-1.164E-12,-2.252E-12)  1.00E-07
  4.450E+01 5.42144E-23 -5.821E-03 (-3.069E-12,-6.204E-12) (-1.133E-12,-2.239E-12)  1.00E-07
  4.500E+01 5.20087E-23 -6.015E-03 (-2.950E-12,-6.094E-12) (-1.103E-12,-2.226E-12)  1.00E-07
  4.550E+01 4.99153E-23 -6.212E-03 (-2.836E-12,-5.985E-12) (-1.075E-12,-2.213E-12)  1.00E-07
  4.600E+01 4.79272E-23 -6.412E-03 (-2.726E-12,-5.879E-12) (-1.046E-12,-2.200E-12)  1.00E-07
  4.650E+01 4.60381E-23 -6.616E-03 (-2.621E-12,-5.775E-12) (-1.019E-12,-2.187E-12)  1.00E-07
  4.700E+01 4.42420E-23 -6.822E-03 (-2.520E-12,-5.673E-12) (-9.920E-13,-2.174E-12)  1.00E-07
  4.750E+01 4.25334E-23 -7.032E-03 (-2.422E-12,-5.574E-12) (-9.658E-13,-2.160E-12)  1.00E-07
  4.800E+01 4.09072E-23 -7.245E-03 (-2.329E-12,-5.476E-12) (-9.403E-13,-2.147E-12)  1.00E-07
  4.850E+01 3.93585E-23 -7.461E-03 (-2.239E-12,-5.381E-12) (-9.154E-13,-2.134E-12)  1.00E-07
  4.900E+01 3.78830E-23 -7.681E-03 (-2.153E-12,-5.287E-12) (-8.911E-13,-2.121E-12)  1.00E-07
  4.950E+01 3.64763E-23 -7.903E-03 (-2.070E-12,-5.196E-12) (-8.674E-13,-2.108E-12)  1.00E-07
  5.000E+01 3.51347E-23 -8.129E-03 (-1.990E-12,-5.106E-12) (-8.442E-13,-2.095E-12)  1.00E-07
  5.050E+01 3.38545E-23 -8.358E-03 (-1.913E-12,-5.019E-12) (-8.217E-13,-2.082E-12)  1.00E-07
  5.100E+01 3.26322E-23 -8.590E-03 (-1.839E-12,-4.933E-12) (-7.996E-13,-2.069E-12)  1.00E-07
  5.150E+01 3.14649E-23 -8.826E-03 (-1.768E-12,-4.849E-12) (-7.781E-13,-2.056E-12)  1.00E-07
  5.200E+01 3.03494E-23 -9.064E-03 (-1.699E-12,-4.766E-12) (-7.571E-13,-2.043E-12)  1.00E-07
  5.250E+01 2.92830E-23 -9.306E-03 (-1.633E-12,-4.685E-12) (-7.366E-13,-2.030E-12)  1.00E-07
  5.300E+01 2.82631E-23 -9.551E-03 (-1.569E-12,-4.606E-12) (-7.165E-13,-2.017E-12)  1.00E-07
  5.350E+01 2.72871E-23 -9.799E-03 (-1.508E-12,-4.529E-12) (-6.970E-13,-2.004E-12)  1.00E-07
  5.400E+01 2.63529E-23 -1.005E-02 (-1.449E-12,-4.453E-12) (-6.778E-13,-1.991E-12)  1.00E-07
  5.450E+01 2.54583E-23 -1.031E-02 (-1.392E-12,-4.378E-12) (-6.592E-13,-1.979E-12)  1.00E-07
  5.500E+01 2.46012E-23 -1.056E-02 (-1.338E-12,-4.305E-12) (-6.409E-13,-1.966E-12)  1.00E-07
  5.550E+01 2.37798E-23 -1.082E-02 (-1.285E-12,-4.234E-12) (-6.231E-13,-1.953E-12)  1.00E-07
  5.600E+01 2.29922E-23 -1.109E-02 (-1.234E-12,-4.164E-12) (-6.057E-13,-1.941E-12)  1.00E-07
  5.650E+01 2.22368E-23 -1.136E-02 (-1.185E-12,-4.095E-12) (-5.886E-13,-1.928E-12)  1.00E-07
  5.700E+01 2.15120E-23 -1.163E-02 (-1.138E-12,-4.028E-12) (-5.720E-13,-1.915E-12)  1.00E-07
  5.750E+01 2.08163E-23 -1.190E-02 (-1.092E-12,-3.962E-12) (-5.557E-13,-1.903E-12)  1.00E-07
  5.800E+01 2.01482E-23 -1.218E-02 (-1.048E-12,-3.897E-12) (-5.398E-13,-1.890E-12)  1.00E-07
  5.850E+01 1.95065E-23 -1.246E-02 (-1.005E-12,-3.833E-12) (-5.243E-13,-1.878E-12)  1.00E-07
  5.900E+01 1.88898E-23 -1.274E-02 (-9.644E-13,-3.771E-12) (-5.091E-13,-1.866E-12)  1.00E-07
  5.950E+01 1.82972E-23 -1.303E-02 (-9.249E-13,-3.710E-12) (-4.943E-13,-1.854E-12)  1.00E-07
  6.000E+01 1.77272E-23 -1.332E-02 (-8.868E-13,-3.650E-12) (-4.797E-13,-1.841E-12)  1.00E-07
  6.050E+01 1.71790E-23 -1.361E-02 (-8.500E-13,-3.591E-12) (-4.655E-13,-1.829E-12)  1.00E-07
  6.100E+01 1.66515E-23 -1.391E-02 (-8.145E-13,-3.533E-12) (-4.516E-13,-1.817E-12)  1.00E-07
  6.150E+01 1.61438E-23 -1.421E-02 (-7.802E-13,-3.476E-12) (-4.381E-13,-1.805E-12)  1.00E-07
  6.200E+01 1.56550E-23 -1.452E-02 (-7.471E-13,-3.421E-12) (-4.248E-13,-1.793E-12)  1.00E-07
  6.250E+01 1.51843E-23 -1.482E-02 (-7.151E-13,-3.366E-12) (-4.118E-13,-1.781E-12)  1.00E-07
  6.300E+01 1.47308E-23 -1.513E-02 (-6.843E-13,-3.313E-12) (-3.991E-13,-1.769E-12)  1.00E-07
  6.350E+01 1.42937E-23 -1.545E-02 (-6.545E-13,-3.260E-12) (-3.867E-13,-1.757E-12)  1.00E-07
  6.400E+01 1.38724E-23 -1.576E-02 (-6.257E-13,-3.208E-12) (-3.745E-13,-1.746E-12)  1.00E-07
  6.450E+01 1.34662E-23 -1.608E-02 (-5.979E-13,-3.158E-12) (-3.626E-13,-1.734E-12)  1.00E-07
  6.500E+01 1.30743E-23 -1.641E-02 (-5.711E-13,-3.108E-12) (-3.510E-13,-1.722E-12)  1.00E-07
  6.550E+01 1.26963E-23 -1.673E-02 (-5.452E-13,-3.059E-12) (-3.396E-13,-1.711E-12)  1.00E-07
  6.600E+01 1.23315E-23 -1.706E-02 (-5.202E-13,-3.011E-12) (-3.285E-13,-1.699E-12)  1.00E-07
  6.650E+01 1.19793E-23 -1.740E-02 (-4.960E-13,-2.964E-12) (-3.176E-13,-1.688E-12)  1.00E-07
  6.700E+01 1.16393E-23 -1.773E-02 (-4.726E-13,-2.918E-12) (-3.069E-13,-1.676E-12)  1.00E-07
  6.750E+01 1.13109E-23 -1.807E-02 (-4.501E-13,-2.872E-12) (-2.965E-13,-1.665E-12)  1.00E-07
  6.800E+01 1.09936E-23 -1.842E-02 (-4.283E-13,-2.827E-12) (-2.863E-13,-1.654E-12)  1.00E-07
  6.850E+01 1.06870E-23 -1.877E-02 (-4.072E-13,-2.783E-12) (-2.763E-13,-1.642E-12)  1.00E-07
  6.900E+01 1.03907E-23 -1.912E-02 (-3.869E-13,-2.740E-12) (-2.666E-13,-1.631E-12)  1.00E-07
  6.950E+01 1.01042E-23 -1.947E-02 (-3.673E-13,-2.698E-12) (-2.570E-13,-1.620E-12)  1.00E-07
  7.000E+01 9.82722E-24 -1.983E-02 (-3.483E-13,-2.656E-12) (-2.477E-13,-1.609E-12)  1.00E-07
  7.050E+01 9.55929E-24 -2.019E-02 (-3.300E-13,-2.615E-12) (-2.385E-13,-1.598E-12)  1.00E-07
  7.100E+01 9.30003E-24 -2.056E-02 (-3.123E-13,-2.575E-12) (-2.296E-13,-1.587E-12)  1.00E-07
  7.150E+01 9.04912E-24 -2.093E-02 (-2.951E-13,-2.536E-12) (-2.208E-13,-1.576E-12)  1.00E-07
  7.200E+01 8.80625E-24 -2.130E-02 (-2.786E-13,-2.497E-12) (-2.122E-13,-1.565E-12)  1.00E-07
  7.250E+01 8.57118E-24 -2.167E-02 (-2.626E-13,-2.458E-12) (-2.039E-13,-1.555E-12)  1.00E-07
  7.300E+01 8.34357E-24 -2.205E-02 (-2.472E-13,-2.421E-12) (-1.957E-13,-1.544E-12)  1.00E-07
  7.350E+01 8.12308E-24 -2.243E-02 (-2.323E-13,-2.384E-12) (-1.876E-13,-1.533E-12)  1.00E-07
  7.400E+01 7.90946E-24 -2.282E-02 (-2.179E-13,-2.348E-12) (-1.798E-13,-1.523E-12)  1.00E-07
  7.450E+01 7.70246E-24 -2.321E-02 (-2.040E-13,-2.312E-12) (-1.721E-13,-1.512E-12)  1.00E-07
  7.500E+01 7.50184E-24 -2.361E-02 (-1.906E-13,-2.277E-12) (-1.646E-13,-1.502E-12)  1.00E-07
  7.550E+01 7.30739E-24 -2.401E-02 (-1.776E-13,-2.242E-12) (-1.572E-13,-1.491E-12)  1.00E-07
  7.600E+01 7.11886E-24 -2.441E-02 (-1.651E-13,-2.208E-12) (-1.500E-13,-1.481E-12)  1.00E-07
  7.650E+01 6.93602E-24 -2.481E-02 (-1.530E-13,-2.175E-12) (-1.430E-13,-1.470E-12)  1.00E-07
  7.700E+01 6.75868E-24 -2.522E-02 (-1.413E-13,-2.142E-12) (-1.361E-13,-1.460E-12)  1.00E-07
  7.750E+01 6.58663E-24 -2.563E-02 (-1.300E-13,-2.110E-12) (-1.294E-13,-1.450E-12)  1.00E-07
  7.800E+01 6.41968E-24 -2.605E-02 (-1.191E-13,-2.078E-12) (-1.228E-13,-1.440E-12)  1.00E-07
  7.850E+01 6.25765E-24 -2.647E-02 (-1.086E-13,-2.047E-12) (-1.164E-13,-1.430E-12)  1.00E-07
  7.900E+01 6.10038E-24 -2.690E-02 (-9.848E-14,-2.016E-12) (-1.100E-13,-1.419E-12)  1.00E-07
  7.950E+01 5.94770E-24 -2.733E-02 (-8.869E-14,-1.986E-12) (-1.039E-13,-1.409E-12)  1.00E-07
  8.000E+01 5.79944E-24 -2.776E-02 (-7.923E-14,-1.956E-12) (-9.786E-14,-1.400E-12)  1.00E-07
  8.050E+01 5.65545E-24 -2.820E-02 (-7.011E-14,-1.926E-12) (-9.196E-14,-1.390E-12)  1.00E-07
  8.100E+01 5.51557E-24 -2.864E-02 (-6.131E-14,-1.898E-12) (-8.620E-14,-1.380E-12)  1.00E-07
  8.150E+01 5.37968E-24 -2.908E-02 (-5.281E-14,-1.869E-12) (-8.056E-14,-1.370E-12)  1.00E-07
  8.200E+01 5.24763E-24 -2.953E-02 (-4.462E-14,-1.841E-12) (-7.505E-14,-1.360E-12)  1.00E-07
  8.250E+01 5.11930E-24 -2.999E-02 (-3.672E-14,-1.814E-12) (-6.966E-14,-1.350E-12)  1.00E-07
  8.300E+01 4.99456E-24 -3.044E-02 (-2.910E-14,-1.787E-12) (-6.439E-14,-1.341E-12)  1.00E-07
  8.350E+01 4.87329E-24 -3.090E-02 (-2.175E-14,-1.760E-12) (-5.924E-14,-1.331E-12)  1.00E-07
  8.400E+01 4.75537E-24 -3.137E-02 (-1.467E-14,-1.734E-12) (-5.421E-14,-1.322E-12)  1.00E-07
  8.450E+01 4.64069E-24 -3.184E-02 (-7.846E-15,-1.708E-12) (-4.929E-14,-1.312E-12)  1.00E-07
  8.500E+01 4.52915E-24 -3.232E-02 (-1.268E-15,-1.682E-12) (-4.448E-14,-1.303E-12)  1.00E-07
  8.550E+01 4.42065E-24 -3.279E-02 ( 5.069E-15,-1.657E-12) (-3.978E-14,-1.293E-12)  1.00E-07
  8.600E+01 4.31508E-24 -3.328E-02 ( 1.117E-14,-1.633E-12) (-3.519E-14,-1.284E-12)  1.00E-07
  8.650E+01 4.21235E-24 -3.377E-02 ( 1.705E-14,-1.608E-12) (-3.071E-14,-1.275E-12)  1.00E-07
  8.700E+01 4.11238E-24 -3.426E-02 ( 2.271E-14,-1.584E-12) (-2.633E-14,-1.265E-12)  1.00E-07
  8.750E+01 4.01506E-24 -3.476E-02 ( 2.815E-14,-1.561E-12) (-2.205E-14,-1.256E-12)  1.00E-07
  8.800E+01 3.92033E-24 -3.526E-02 ( 3.339E-14,-1.538E-12) (-1.787E-14,-1.247E-12)  1.00E-07
  8.850E+01 3.82808E-24 -3.576E-02 ( 3.843E-14,-1.515E-12) (-1.379E-14,-1.238E-12)  1.00E-07
  8.900E+01 3.73826E-24 -3.628E-02 ( 4.328E-14,-1.492E-12) (-9.805E-15,-1.229E-12)  1.00E-07
  8.950E+01 3.65078E-24 -3.679E-02 ( 4.794E-14,-1.470E-12) (-5.915E-15,-1.220E-12)  1.00E-07
  9.000E+01 3.56557E-24 -3.731E-02 ( 5.242E-14,-1.448E-12) (-2.118E-15,-1.211E-12)  1.00E-07
  9.050E+01 3.48256E-24 -3.784E-02 ( 5.672E-14,-1.427E-12) ( 1.587E-15,-1.202E-12)  1.00E-07
  9.100E+01 3.40168E-24 -3.837E-02 ( 6.085E-14,-1.406E-12) ( 5.203E-15,-1.193E-12)  1.00E-07
  9.150E+01 3.32287E-24 -3.891E-02 ( 6.482E-14,-1.385E-12) ( 8.730E-15,-1.184E-12)  1.00E-07
  9.200E+01 3.24606E-24 -3.945E-02 ( 6.862E-14,-1.364E-12) ( 1.217E-14,-1.175E-12)  1.00E-07
  9.250E+01 3.17120E-24 -3.999E-02 ( 7.227E-14,-1.344E-12) ( 1.553E-14,-1.166E-12)  1.00E-07
  9.300E+01 3.09822E-24 -4.055E-02 ( 7.577E-14,-1.324E-12) ( 1.880E-14,-1.157E-12)  1.00E-07
  9.350E+01 3.02707E-24 -4.110E-02 ( 7.913E-14,-1.304E-12) ( 2.199E-14,-1.149E-12)  1.00E-07
  9.400E+01 2.95770E-24 -4.166E-02 ( 8.234E-14,-1.285E-12) ( 2.510E-14,-1.140E-12)  1.00E-07
  9.450E+01 2.89005E-24 -4.223E-02 ( 8.541E-14,-1.266E-12) ( 2.813E-14,-1.131E-12)  1.00E-07
  9.500E+01 2.82408E-24 -4.280E-02 ( 8.835E-14,-1.247E-12) ( 3.108E-14,-1.123E-12)  1.00E-07
  9.550E+01 2.75972E-24 -4.338E-02 ( 9.116E-14,-1.228E-12) ( 3.396E-14,-1.114E-12)  1.00E-07
  9.600E+01 2.69694E-24 -4.397E-02 ( 9.385E-14,-1.210E-12) ( 3.676E-14,-1.106E-12)  1.00E-07
  9.650E+01 2.63570E-24 -4.456E-02 ( 9.641E-14,-1.192E-12) ( 3.948E-14,-1.097E-12)  1.00E-07
  9.700E+01 2.57594E-24 -4.515E-02 ( 9.886E-14,-1.174E-12) ( 4.214E-14,-1.089E-12)  1.00E-07
  9.750E+01 2.51762E-24 -4.575E-02 ( 1.012E-13,-1.157E-12) ( 4.472E-14,-1.080E-12)  1.00E-07
  9.800E+01 2.46071E-24 -4.636E-02 ( 1.034E-13,-1.140E-12) ( 4.723E-14,-1.072E-12)  1.00E-07
  9.850E+01 2.40516E-24 -4.697E-02 ( 1.055E-13,-1.123E-12) ( 4.967E-14,-1.064E-12)  1.00E-07
  9.900E+01 2.35094E-24 -4.759E-02 ( 1.075E-13,-1.106E-12) ( 5.205E-14,-1.055E-12)  1.00E-07
  9.950E+01 2.29800E-24 -4.822E-02 ( 1.095E-13,-1.089E-12) ( 5.435E-14,-1.047E-12)  1.00E-07
  1.000E+02 2.24631E-24 -4.885E-02 ( 1.113E-13,-1.073E-12) ( 5.660E-14,-1.039E-12)  1.00E-07
  1.005E+02 2.19584E-24 -4.949E-02 ( 1.130E-13,-1.057E-12) ( 5.877E-14,-1.031E-12)  1.00E-07
  1.010E+02 2.14656E-24 -5.013E-02 ( 1.146E-13,-1.041E-12) ( 6.089E-14,-1.023E-12)  1.00E-07
  1.015E+02 2.09843E-24 -5.078E-02 ( 1.161E-13,-1.026E-12) ( 6.294E-14,-1.014E-12)  1.00E-07
  1.020E+02 2.05142E-24 -5.144E-02 ( 1.176E-13,-1.010E-12) ( 6.493E-14,-1.006E-12)  1.00E-07
  1.025E+02 2.00549E-24 -5.210E-02 ( 1.190E-13,-9.950E-13) ( 6.686E-14,-9.984E-13)  1.00E-07
  1.030E+02 1.96063E-24 -5.278E-02 ( 1.203E-13,-9.801E-13) ( 6.872E-14,-9.904E-13)  1.00E-07
  1.035E+02 1.91679E-24 -5.345E-02 ( 1.215E-13,-9.654E-13) ( 7.054E-14,-9.824E-13)  1.00E-07
  1.040E+02 1.87396E-24 -5.414E-02 ( 1.226E-13,-9.509E-13) ( 7.229E-14,-9.745E-13)  1.00E-07
  1.045E+02 1.83211E-24 -5.483E-02 ( 1.237E-13,-9.365E-13) ( 7.399E-14,-9.666E-13)  1.00E-07
  1.050E+02 1.79121E-24 -5.553E-02 ( 1.246E-13,-9.224E-13) ( 7.563E-14,-9.587E-13)  1.00E-07
  1.055E+02 1.75123E-24 -5.624E-02 ( 1.256E-13,-9.085E-13) ( 7.721E-14,-9.509E-13)  1.00E-07
  1.060E+02 1.71216E-24 -5.695E-02 ( 1.264E-13,-8.948E-13) ( 7.874E-14,-9.430E-13)  1.00E-07
  1.065E+02 1.67396E-24 -5.768E-02 ( 1.272E-13,-8.813E-13) ( 8.022E-14,-9.353E-13)  1.00E-07
  1.070E+02 1.63662E-24 -5.841E-02 ( 1.279E-13,-8.679E-13) ( 8.165E-14,-9.275E-13)  1.00E-07
  1.075E+02 1.60012E-24 -5.915E-02 ( 1.286E-13,-8.548E-13) ( 8.302E-14,-9.198E-13)  1.00E-07
  1.080E+02 1.56442E-24 -5.989E-02 ( 1.292E-13,-8.418E-13) ( 8.435E-14,-9.121E-13)  1.00E-07
  1.085E+02 1.52951E-24 -6.065E-02 ( 1.298E-13,-8.290E-13) ( 8.562E-14,-9.045E-13)  1.00E-07
  1.090E+02 1.49538E-24 -6.141E-02 ( 1.303E-13,-8.164E-13) ( 8.685E-14,-8.969E-13)  1.00E-07
  1.095E+02 1.46200E-24 -6.218E-02 ( 1.307E-13,-8.040E-13) ( 8.803E-14,-8.893E-13)  1.00E-07
  1.100E+02 1.42935E-24 -6.296E-02 ( 1.311E-13,-7.917E-13) ( 8.916E-14,-8.817E-13)  1.00E-07
  1.105E+02 1.39741E-24 -6.375E-02 ( 1.314E-13,-7.796E-13) ( 9.024E-14,-8.742E-13)  1.00E-07
  1.110E+02 1.36616E-24 -6.455E-02 ( 1.317E-13,-7.677E-13) ( 9.128E-14,-8.667E-13)  1.00E-07
  1.115E+02 1.33560E-24 -6.535E-02 ( 1.320E-13,-7.559E-13) ( 9.227E-14,-8.592E-13)  1.00E-07
  1.120E+02 1.30570E-24 -6.617E-02 ( 1.322E-13,-7.443E-13) ( 9.322E-14,-8.518E-13)  1.00E-07
  1.125E+02 1.27644E-24 -6.699E-02 ( 1.323E-13,-7.329E-13) ( 9.412E-14,-8.443E-13)  1.00E-07
  1.130E+02 1.24782E-24 -6.783E-02 ( 1.325E-13,-7.216E-13) ( 9.498E-14,-8.370E-13)  1.00E-07
  1.135E+02 1.21981E-24 -6.867E-02 ( 1.325E-13,-7.105E-13) ( 9.580E-14,-8.296E-13)  1.00E-07
  1.140E+02 1.19239E-24 -6.953E-02 ( 1.326E-13,-6.996E-13) ( 9.658E-14,-8.223E-13)  1.00E-07
  1.145E+02 1.16556E-24 -7.039E-02 ( 1.326E-13,-6.887E-13) ( 9.731E-14,-8.150E-13)  1.00E-07
  1.150E+02 1.13931E-24 -7.127E-02 ( 1.325E-13,-6.781E-13) ( 9.801E-14,-8.077E-13)  1.00E-07
  1.155E+02 1.11361E-24 -7.215E-02 ( 1.325E-13,-6.676E-13) ( 9.866E-14,-8.004E-13)  1.00E-07
  1.160E+02 1.08845E-24 -7.305E-02 ( 1.324E-13,-6.572E-13) ( 9.928E-14,-7.932E-13)  1.00E-07
  1.165E+02 1.06383E-24 -7.395E-02 ( 1.322E-13,-6.470E-13) ( 9.985E-14,-7.860E-13)  1.00E-07
  1.170E+02 1.03972E-24 -7.487E-02 ( 1.321E-13,-6.369E-13) ( 1.004E-13,-7.788E-13)  1.00E-07
  1.175E+02 1.01612E-24 -7.580E-02 ( 1.319E-13,-6.270E-13) ( 1.009E-13,-7.717E-13)  1.00E-07
  1.180E+02 9.93010E-25 -7.674E-02 ( 1.317E-13,-6.172E-13) ( 1.014E-13,-7.645E-13)  1.00E-07
  1.185E+02 9.70385E-25 -7.770E-02 ( 1.314E-13,-6.075E-13) ( 1.018E-13,-7.574E-13)  1.00E-07
  1.190E+02 9.48233E-25 -7.866E-02 ( 1.311E-13,-5.980E-13) ( 1.022E-13,-7.504E-13)  1.00E-07
  1.195E+02 9.26541E-25 -7.964E-02 ( 1.308E-13,-5.886E-13) ( 1.025E-13,-7.433E-13)  1.00E-07
  1.200E+02 9.05300E-25 -8.063E-02 ( 1.305E-13,-5.793E-13) ( 1.029E-13,-7.363E-13)  1.00E-07
  1.205E+02 8.84498E-25 -8.163E-02 ( 1.301E-13,-5.702E-13) ( 1.031E-13,-7.293E-13)  1.00E-07
  1.210E+02 8.64126E-25 -8.265E-02 ( 1.298E-13,-5.612E-13) ( 1.034E-13,-7.223E-13)  1.00E-07
  1.215E+02 8.44174E-25 -8.368E-02 ( 1.294E-13,-5.523E-13) ( 1.036E-13,-7.153E-13)  1.00E-07
  1.220E+02 8.24633E-25 -8.473E-02 ( 1.290E-13,-5.435E-13) ( 1.038E-13,-7.084E-13)  1.00E-07
  1.225E+02 8.05493E-25 -8.578E-02 ( 1.285E-13,-5.349E-13) ( 1.040E-13,-7.015E-13)  1.00E-07
  1.230E+02 7.86747E-25 -8.685E-02 ( 1.281E-13,-5.264E-13) ( 1.041E-13,-6.946E-13)  1.00E-07
  1.235E+02 7.68384E-25 -8.794E-02 ( 1.276E-13,-5.180E-13) ( 1.042E-13,-6.877E-13)  1.00E-07
  1.240E+02 7.50396E-25 -8.904E-02 ( 1.271E-13,-5.097E-13) ( 1.042E-13,-6.809E-13)  1.00E-07
  1.245E+02 7.32776E-25 -9.016E-02 ( 1.266E-13,-5.015E-13) ( 1.043E-13,-6.740E-13)  1.00E-07
  1.250E+02 7.15514E-25 -9.129E-02 ( 1.261E-13,-4.935E-13) ( 1.043E-13,-6.672E-13)  1.00E-07
  1.255E+02 6.98604E-25 -9.244E-02 ( 1.255E-13,-4.856E-13) ( 1.042E-13,-6.605E-13)  1.00E-07
  1.260E+02 6.82038E-25 -9.360E-02 ( 1.250E-13,-4.778E-13) ( 1.042E-13,-6.537E-13)  1.00E-07
  1.265E+02 6.65808E-25 -9.479E-02 ( 1.244E-13,-4.700E-13) ( 1.041E-13,-6.470E-13)  1.00E-07
  1.270E+02 6.49908E-25 -9.598E-02 ( 1.238E-13,-4.625E-13) ( 1.040E-13,-6.402E-13)  1.00E-07
  1.275E+02 6.34330E-25 -9.720E-02 ( 1.232E-13,-4.550E-13) ( 1.039E-13,-6.335E-13)  1.00E-07
  1.280E+02 6.19066E-25 -9.843E-02 ( 1.226E-13,-4.476E-13) ( 1.037E-13,-6.268E-13)  1.00E-07
  1.285E+02 6.04112E-25 -9.969E-02 ( 1.220E-13,-4.403E-13) ( 1.035E-13,-6.202E-13)  1.00E-07
  1.290E+02 5.89459E-25 -1.010E-01 ( 1.214E-13,-4.332E-13) ( 1.033E-13,-6.135E-13)  1.00E-07
  1.295E+02 5.75103E-25 -1.022E-01 ( 1.208E-13,-4.261E-13) ( 1.030E-13,-6.069E-13)  1.00E-07
  1.300E+02 5.61037E-25 -1.036E-01 ( 1.201E-13,-4.191E-13) ( 1.028E-13,-6.003E-13)  1.00E-07
  1.305E+02 5.47254E-25 -1.049E-01 ( 1.195E-13,-4.123E-13) ( 1.025E-13,-5.937E-13)  1.00E-07
  1.310E+02 5.33750E-25 -1.062E-01 ( 1.188E-13,-4.055E-13) ( 1.022E-13,-5.872E-13)  1.00E-07
  1.315E+02 5.20518E-25 -1.076E-01 ( 1.182E-13,-3.989E-13) ( 1.018E-13,-5.806E-13)  1.00E-07
  1.320E+02 5.07552E-25 -1.090E-01 ( 1.175E-13,-3.923E-13) ( 1.014E-13,-5.741E-13)  1.00E-07
  1.325E+02 4.94848E-25 -1.104E-01 ( 1.168E-13,-3.858E-13) ( 1.011E-13,-5.676E-13)  1.00E-07
  1.330E+02 4.82400E-25 -1.119E-01 ( 1.162E-13,-3.795E-13) ( 1.006E-13,-5.611E-13)  1.00E-07
  1.335E+02 4.70204E-25 -1.133E-01 ( 1.155E-13,-3.732E-13) ( 1.002E-13,-5.546E-13)  1.00E-07
  1.340E+02 4.58254E-25 -1.148E-01 ( 1.148E-13,-3.670E-13) ( 9.974E-14,-5.481E-13)  1.00E-07
  1.345E+02 4.46545E-25 -1.163E-01 ( 1.141E-13,-3.609E-13) ( 9.926E-14,-5.417E-13)  1.00E-07
  1.350E+02 4.35072E-25 -1.178E-01 ( 1.134E-13,-3.549E-13) ( 9.876E-14,-5.352E-13)  1.00E-07
  1.355E+02 4.23832E-25 -1.194E-01 ( 1.127E-13,-3.490E-13) ( 9.824E-14,-5.288E-13)  1.00E-07
  1.360E+02 4.12819E-25 -1.210E-01 ( 1.120E-13,-3.432E-13) ( 9.769E-14,-5.224E-13)  1.00E-07
  1.365E+02 4.02029E-25 -1.226E-01 ( 1.113E-13,-3.375E-13) ( 9.712E-14,-5.161E-13)  1.00E-07
  1.370E+02 3.91458E-25 -1.243E-01 ( 1.106E-13,-3.319E-13) ( 9.654E-14,-5.097E-13)  1.00E-07
  1.375E+02 3.81102E-25 -1.259E-01 ( 1.099E-13,-3.263E-13) ( 9.593E-14,-5.033E-13)  1.00E-07
  1.380E+02 3.70956E-25 -1.276E-01 ( 1.092E-13,-3.208E-13) ( 9.531E-14,-4.970E-13)  1.00E-07
  1.385E+02 3.61018E-25 -1.294E-01 ( 1.084E-13,-3.155E-13) ( 9.466E-14,-4.907E-13)  1.00E-07
  1.390E+02 3.51282E-25 -1.311E-01 ( 1.077E-13,-3.102E-13) ( 9.400E-14,-4.844E-13)  1.00E-07
  1.395E+02 3.41745E-25 -1.329E-01 ( 1.070E-13,-3.050E-13) ( 9.332E-14,-4.781E-13)  1.00E-07
  1.400E+02 3.32404E-25 -1.347E-01 ( 1.063E-13,-2.998E-13) ( 9.262E-14,-4.718E-13)  1.00E-07
  1.405E+02 3.23255E-25 -1.366E-01 ( 1.056E-13,-2.948E-13) ( 9.190E-14,-4.656E-13)  1.00E-07
  1.410E+02 3.14294E-25 -1.385E-01 ( 1.049E-13,-2.898E-13) ( 9.116E-14,-4.593E-13)  1.00E-07
  1.415E+02 3.05519E-25 -1.404E-01 ( 1.042E-13,-2.850E-13) ( 9.041E-14,-4.531E-13)  1.00E-07
  1.420E+02 2.96926E-25 -1.424E-01 ( 1.035E-13,-2.802E-13) ( 8.964E-14,-4.469E-13)  1.00E-07
  1.425E+02 2.88511E-25 -1.444E-01 ( 1.028E-13,-2.754E-13) ( 8.885E-14,-4.407E-13)  1.00E-07
  1.430E+02 2.80271E-25 -1.464E-01 ( 1.021E-13,-2.708E-13) ( 8.804E-14,-4.345E-13)  1.00E-07
  1.435E+02 2.72204E-25 -1.485E-01 ( 1.014E-13,-2.662E-13) ( 8.722E-14,-4.283E-13)  1.00E-07
  1.440E+02 2.64306E-25 -1.506E-01 ( 1.007E-13,-2.617E-13) ( 8.639E-14,-4.221E-13)  1.00E-07
  1.445E+02 2.56576E-25 -1.528E-01 ( 1.000E-13,-2.573E-13) ( 8.553E-14,-4.160E-13)  1.00E-07
  1.450E+02 2.49009E-25 -1.550E-01 ( 9.935E-14,-2.530E-13) ( 8.467E-14,-4.098E-13)  1.00E-07
  1.455E+02 2.41603E-25 -1.572E-01 ( 9.867E-14,-2.487E-13) ( 8.378E-14,-4.037E-13)  1.00E-07
  1.460E+02 2.34355E-25 -1.595E-01 ( 9.800E-14,-2.446E-13) ( 8.289E-14,-3.976E-13)  1.00E-07
  1.465E+02 2.27263E-25 -1.619E-01 ( 9.733E-14,-2.404E-13) ( 8.197E-14,-3.915E-13)  1.00E-07
  1.470E+02 2.20325E-25 -1.642E-01 ( 9.666E-14,-2.364E-13) ( 8.105E-14,-3.854E-13)  1.00E-07
  1.475E+02 2.13537E-25 -1.667E-01 ( 9.601E-14,-2.324E-13) ( 8.011E-14,-3.793E-13)  1.00E-07
  1.480E+02 2.06897E-25 -1.692E-01 ( 9.535E-14,-2.285E-13) ( 7.915E-14,-3.732E-13)  1.00E-07
  1.485E+02 2.00404E-25 -1.717E-01 ( 9.470E-14,-2.247E-13) ( 7.818E-14,-3.672E-13)  1.00E-07
  1.490E+02 1.94054E-25 -1.743E-01 ( 9.406E-14,-2.210E-13) ( 7.720E-14,-3.611E-13)  1.00E-07
  1.495E+02 1.87845E-25 -1.769E-01 ( 9.343E-14,-2.173E-13) ( 7.621E-14,-3.551E-13)  1.00E-07
  1.500E+02 1.81776E-25 -1.796E-01 ( 9.280E-14,-2.137E-13) ( 7.520E-14,-3.491E-13)  1.00E-07
  1.505E+02 1.75844E-25 -1.823E-01 ( 9.217E-14,-2.101E-13) ( 7.418E-14,-3.431E-13)  1.00E-07
  1.510E+02 1.70047E-25 -1.851E-01 ( 9.156E-14,-2.067E-13) ( 7.315E-14,-3.370E-13)  1.00E-07
  1.515E+02 1.64383E-25 -1.880E-01 ( 9.095E-14,-2.033E-13) ( 7.211E-14,-3.311E-13)  1.00E-07
  1.520E+02 1.58850E-25 -1.909E-01 ( 9.035E-14,-1.999E-13) ( 7.105E-14,-3.251E-13)  1.00E-07
  1.525E+02 1.53447E-25 -1.939E-01 ( 8.975E-14,-1.967E-13) ( 6.999E-14,-3.191E-13)  1.00E-07
  1.530E+02 1.48170E-25 -1.969E-01 ( 8.917E-14,-1.935E-13) ( 6.891E-14,-3.131E-13)  1.00E-07
  1.535E+02 1.43020E-25 -2.000E-01 ( 8.859E-14,-1.903E-13) ( 6.782E-14,-3.072E-13)  1.00E-07
  1.540E+02 1.37993E-25 -2.032E-01 ( 8.802E-14,-1.873E-13) ( 6.672E-14,-3.012E-13)  1.00E-07
  1.545E+02 1.33088E-25 -2.064E-01 ( 8.746E-14,-1.843E-13) ( 6.561E-14,-2.953E-13)  1.00E-07
  1.550E+02 1.28304E-25 -2.097E-01 ( 8.690E-14,-1.813E-13) ( 6.449E-14,-2.893E-13)  1.00E-07
  1.555E+02 1.23639E-25 -2.130E-01 ( 8.636E-14,-1.784E-13) ( 6.336E-14,-2.834E-13)  1.00E-07
  1.560E+02 1.19091E-25 -2.164E-01 ( 8.582E-14,-1.756E-13) ( 6.222E-14,-2.775E-13)  1.00E-07
  1.565E+02 1.14659E-25 -2.199E-01 ( 8.529E-14,-1.729E-13) ( 6.107E-14,-2.716E-13)  1.00E-07
  1.570E+02 1.10341E-25 -2.235E-01 ( 8.477E-14,-1.702E-13) ( 5.991E-14,-2.657E-13)  1.00E-07
  1.575E+02 1.06136E-25 -2.271E-01 ( 8.426E-14,-1.676E-13) ( 5.874E-14,-2.598E-13)  1.00E-07
  1.580E+02 1.02042E-25 -2.307E-01 ( 8.376E-14,-1.650E-13) ( 5.756E-14,-2.539E-13)  1.00E-07
  1.585E+02 9.80589E-26 -2.344E-01 ( 8.327E-14,-1.625E-13) ( 5.637E-14,-2.481E-13)  1.00E-07
  1.590E+02 9.41844E-26 -2.382E-01 ( 8.279E-14,-1.601E-13) ( 5.518E-14,-2.422E-13)  1.00E-07
  1.595E+02 9.04173E-26 -2.420E-01 ( 8.232E-14,-1.577E-13) ( 5.397E-14,-2.363E-13)  1.00E-07
  1.600E+02 8.67565E-26 -2.458E-01 ( 8.185E-14,-1.554E-13) ( 5.276E-14,-2.305E-13)  1.00E-07
  1.605E+02 8.32008E-26 -2.497E-01 ( 8.140E-14,-1.532E-13) ( 5.154E-14,-2.246E-13)  1.00E-07
  1.610E+02 7.97489E-26 -2.537E-01 ( 8.096E-14,-1.510E-13) ( 5.031E-14,-2.188E-13)  1.00E-07
  1.615E+02 7.63999E-26 -2.576E-01 ( 8.053E-14,-1.489E-13) ( 4.908E-14,-2.129E-13)  1.00E-07
  1.620E+02 7.31527E-26 -2.616E-01 ( 8.011E-14,-1.468E-13) ( 4.784E-14,-2.071E-13)  1.00E-07
  1.625E+02 7.00063E-26 -2.656E-01 ( 7.969E-14,-1.448E-13) ( 4.659E-14,-2.013E-13)  1.00E-07
  1.630E+02 6.69595E-26 -2.695E-01 ( 7.929E-14,-1.428E-13) ( 4.533E-14,-1.955E-13)  1.00E-07
  1.635E+02 6.40113E-26 -2.735E-01 ( 7.890E-14,-1.410E-13) ( 4.407E-14,-1.897E-13)  1.00E-07
  1.640E+02 6.11608E-26 -2.774E-01 ( 7.852E-14,-1.391E-13) ( 4.280E-14,-1.839E-13)  1.00E-07
  1.645E+02 5.84071E-26 -2.812E-01 ( 7.815E-14,-1.374E-13) ( 4.153E-14,-1.781E-13)  1.00E-07
  1.650E+02 5.57493E-26 -2.849E-01 ( 7.780E-14,-1.357E-13) ( 4.024E-14,-1.723E-13)  1.00E-07
  1.655E+02 5.31867E-26 -2.885E-01 ( 7.745E-14,-1.340E-13) ( 3.896E-14,-1.665E-13)  1.00E-07
  1.660E+02 5.07185E-26 -2.920E-01 ( 7.711E-14,-1.324E-13) ( 3.766E-14,-1.607E-13)  1.00E-07
  1.665E+02 4.83437E-26 -2.952E-01 ( 7.679E-14,-1.309E-13) ( 3.637E-14,-1.549E-13)  1.00E-07
  1.670E+02 4.60616E-26 -2.982E-01 ( 7.647E-14,-1.294E-13) ( 3.506E-14,-1.491E-13)  1.00E-07
  1.675E+02 4.38714E-26 -3.009E-01 ( 7.617E-14,-1.280E-13) ( 3.376E-14,-1.434E-13)  1.00E-07
  1.680E+02 4.17725E-26 -3.032E-01 ( 7.588E-14,-1.266E-13) ( 3.244E-14,-1.376E-13)  1.00E-07
  1.685E+02 3.97643E-26 -3.051E-01 ( 7.560E-14,-1.253E-13) ( 3.113E-14,-1.318E-13)  1.00E-07
  1.690E+02 3.78462E-26 -3.065E-01 ( 7.533E-14,-1.240E-13) ( 2.980E-14,-1.261E-13)  1.00E-07
  1.695E+02 3.60175E-26 -3.073E-01 ( 7.507E-14,-1.229E-13) ( 2.848E-14,-1.203E-13)  1.00E-07
  1.700E+02 3.42777E-26 -3.074E-01 ( 7.483E-14,-1.217E-13) ( 2.715E-14,-1.146E-13)  1.00E-07
  1.705E+02 3.26261E-26 -3.067E-01 ( 7.459E-14,-1.206E-13) ( 2.581E-14,-1.088E-13)  1.00E-07
  1.710E+02 3.10622E-26 -3.051E-01 ( 7.437E-14,-1.196E-13) ( 2.448E-14,-1.031E-13)  1.00E-07
  1.715E+02 2.95856E-26 -3.024E-01 ( 7.416E-14,-1.186E-13) ( 2.313E-14,-9.733E-14)  1.00E-07
  1.720E+02 2.81958E-26 -2.985E-01 ( 7.396E-14,-1.177E-13) ( 2.179E-14,-9.159E-14)  1.00E-07
  1.725E+02 2.68924E-26 -2.933E-01 ( 7.377E-14,-1.169E-13) ( 2.044E-14,-8.585E-14)  1.00E-07
  1.730E+02 2.56751E-26 -2.867E-01 ( 7.360E-14,-1.161E-13) ( 1.909E-14,-8.012E-14)  1.00E-07
  1.735E+02 2.45434E-26 -2.784E-01 ( 7.344E-14,-1.153E-13) ( 1.774E-14,-7.439E-14)  1.00E-07
  1.740E+02 2.34969E-26 -2.684E-01 ( 7.328E-14,-1.146E-13) ( 1.639E-14,-6.866E-14)  1.00E-07
  1.745E+02 2.25353E-26 -2.564E-01 ( 7.315E-14,-1.140E-13) ( 1.503E-14,-6.293E-14)  1.00E-07
  1.750E+02 2.16582E-26 -2.425E-01 ( 7.302E-14,-1.134E-13) ( 1.367E-14,-5.720E-14)  1.00E-07
  1.755E+02 2.08654E-26 -2.265E-01 ( 7.290E-14,-1.129E-13) ( 1.231E-14,-5.148E-14)  1.00E-07
  1.760E+02 2.01568E-26 -2.084E-01 ( 7.280E-14,-1.124E-13) ( 1.094E-14,-4.575E-14)  1.00E-07
  1.765E+02 1.95321E-26 -1.881E-01 ( 7.271E-14,-1.120E-13) ( 9.579E-15,-4.003E-14)  1.00E-07
  1.770E+02 1.89912E-26 -1.658E-01 ( 7.263E-14,-1.117E-13) ( 8.213E-15,-3.431E-14)  1.00E-07
  1.775E+02 1.85339E-26 -1.416E-01 ( 7.256E-14,-1.114E-13) ( 6.846E-15,-2.859E-14)  1.00E-07
  1.780E+02 1.81598E-26 -1.156E-01 ( 7.251E-14,-1.111E-13) ( 5.478E-15,-2.287E-14)  1.00E-07
  1.785E+02 1.78688E-26 -8.810E-02 ( 7.247E-14,-1.109E-13) ( 4.109E-15,-1.715E-14)  1.00E-07
  1.790E+02 1.76609E-26 -5.943E-02 ( 7.244E-14,-1.108E-13) ( 2.740E-15,-1.143E-14)  1.00E-07
  1.795E+02 1.75360E-26 -2.992E-02 ( 7.242E-14,-1.107E-13) ( 1.370E-15,-5.717E-15)  1.00E-07
  1.800E+02 1.74945E-26 -4.210E-16 ( 7.241E-14,-1.107E-13) ( 1.923E-29,-8.023E-29)  1.00E-07

  TOTAL ELASTIC CROSS SECTION = 5.809257E-18 cm**2
               FROM DCS TABLE = 5.804203E-18  (REL. DIF. = 8.70E-04)

  1ST TRANSPORT CROSS SECTION = 2.493476E-22 cm**2
               FROM DCS TABLE = 2.493277E-22  (REL. DIF. = 7.99E-05)

  2ND TRANSPORT CROSS SECTION = 6.900654E-22 cm**2

  **** DPWA0 ENDED ************************************************************

