 #  Scattering amplitudes (in cm)      MU=(1-cos(TH))/2
 #  Z =  53,   projectile: electron
 #  Kinetic energy = 3.70000E+06 eV
 #
 # TH (deg)      MU          Re(F)        Im(F)        Re(G)        Im(G)
 #--------------------------------------------------------------------------
  0.000E+00  0.00000E+00  8.79098E-07  9.79238E-08  0.00000E+00  0.00000E+00
  1.000E-04  7.61557E-13  8.79097E-07  9.79237E-08  6.74062E-13  7.50914E-14
  1.250E-04  1.18994E-12  8.79096E-07  9.79237E-08  8.42577E-13  9.38642E-14
  1.500E-04  1.71346E-12  8.79095E-07  9.79237E-08  1.01109E-12  1.12637E-13
  1.750E-04  2.33225E-12  8.79094E-07  9.79237E-08  1.17960E-12  1.31410E-13
  2.000E-04  3.04617E-12  8.79092E-07  9.79237E-08  1.34812E-12  1.50183E-13
  2.250E-04  3.85530E-12  8.79091E-07  9.79237E-08  1.51663E-12  1.68955E-13
  2.500E-04  4.75964E-12  8.79089E-07  9.79236E-08  1.68514E-12  1.87728E-13
  2.750E-04  5.75917E-12  8.79087E-07  9.79236E-08  1.85365E-12  2.06501E-13
  3.000E-04  6.85391E-12  8.79085E-07  9.79236E-08  2.02216E-12  2.25274E-13
  3.250E-04  8.04379E-12  8.79083E-07  9.79235E-08  2.19067E-12  2.44046E-13
  3.500E-04  9.32893E-12  8.79081E-07  9.79235E-08  2.35917E-12  2.62819E-13
  3.750E-04  1.07092E-11  8.79078E-07  9.79235E-08  2.52768E-12  2.81592E-13
  4.000E-04  1.21847E-11  8.79075E-07  9.79234E-08  2.69618E-12  3.00365E-13
  4.250E-04  1.37554E-11  8.79072E-07  9.79234E-08  2.86468E-12  3.19137E-13
  4.500E-04  1.54213E-11  8.79069E-07  9.79234E-08  3.03318E-12  3.37910E-13
  4.750E-04  1.71823E-11  8.79066E-07  9.79233E-08  3.20168E-12  3.56682E-13
  5.000E-04  1.90386E-11  8.79062E-07  9.79233E-08  3.37018E-12  3.75455E-13
  5.250E-04  2.09900E-11  8.79059E-07  9.79232E-08  3.53867E-12  3.94228E-13
  5.500E-04  2.30367E-11  8.79055E-07  9.79232E-08  3.70717E-12  4.13000E-13
  5.750E-04  2.51785E-11  8.79051E-07  9.79231E-08  3.87566E-12  4.31773E-13
  6.000E-04  2.74156E-11  8.79047E-07  9.79230E-08  4.04414E-12  4.50545E-13
  6.250E-04  2.97478E-11  8.79042E-07  9.79230E-08  4.21263E-12  4.69317E-13
  6.500E-04  3.21752E-11  8.79038E-07  9.79229E-08  4.38111E-12  4.88090E-13
  6.750E-04  3.46979E-11  8.79033E-07  9.79228E-08  4.54959E-12  5.06862E-13
  7.000E-04  3.73157E-11  8.79028E-07  9.79228E-08  4.71807E-12  5.25634E-13
  7.250E-04  4.00286E-11  8.79023E-07  9.79227E-08  4.88654E-12  5.44407E-13
  7.500E-04  4.28368E-11  8.79018E-07  9.79226E-08  5.05501E-12  5.63179E-13
  7.750E-04  4.57402E-11  8.79013E-07  9.79226E-08  5.22348E-12  5.81951E-13
  8.000E-04  4.87388E-11  8.79007E-07  9.79225E-08  5.39195E-12  6.00723E-13
  8.250E-04  5.18325E-11  8.79001E-07  9.79224E-08  5.56041E-12  6.19495E-13
  8.500E-04  5.50215E-11  8.78995E-07  9.79223E-08  5.72887E-12  6.38267E-13
  8.750E-04  5.83057E-11  8.78989E-07  9.79222E-08  5.89732E-12  6.57039E-13
  9.000E-04  6.16850E-11  8.78983E-07  9.79221E-08  6.06577E-12  6.75811E-13
  9.250E-04  6.51595E-11  8.78976E-07  9.79220E-08  6.23422E-12  6.94583E-13
  9.500E-04  6.87293E-11  8.78970E-07  9.79219E-08  6.40266E-12  7.13355E-13
  9.750E-04  7.23943E-11  8.78963E-07  9.79219E-08  6.57110E-12  7.32127E-13
  1.000E-03  7.61544E-11  8.78956E-07  9.79218E-08  6.73954E-12  7.50898E-13
  1.250E-03  1.18991E-10  8.78876E-07  9.79206E-08  8.42366E-12  9.38612E-13
  1.500E-03  1.71347E-10  8.78778E-07  9.79192E-08  1.01073E-11  1.12632E-12
  1.750E-03  2.33223E-10  8.78663E-07  9.79176E-08  1.17903E-11  1.31402E-12
  2.000E-03  3.04617E-10  8.78529E-07  9.79157E-08  1.34725E-11  1.50170E-12
  2.250E-03  3.85531E-10  8.78379E-07  9.79136E-08  1.51540E-11  1.68938E-12
  2.500E-03  4.75965E-10  8.78210E-07  9.79112E-08  1.68346E-11  1.87704E-12
  2.750E-03  5.75917E-10  8.78024E-07  9.79086E-08  1.85141E-11  2.06469E-12
  3.000E-03  6.85389E-10  8.77820E-07  9.79057E-08  2.01925E-11  2.25233E-12
  3.250E-03  8.04380E-10  8.77598E-07  9.79025E-08  2.18697E-11  2.43994E-12
  3.500E-03  9.32891E-10  8.77359E-07  9.78992E-08  2.35456E-11  2.62754E-12
  3.750E-03  1.07092E-09  8.77102E-07  9.78955E-08  2.52200E-11  2.81511E-12
  4.000E-03  1.21847E-09  8.76828E-07  9.78916E-08  2.68929E-11  3.00267E-12
  4.250E-03  1.37554E-09  8.76536E-07  9.78875E-08  2.85642E-11  3.19020E-12
  4.500E-03  1.54213E-09  8.76227E-07  9.78831E-08  3.02338E-11  3.37771E-12
  4.750E-03  1.71823E-09  8.75900E-07  9.78785E-08  3.19016E-11  3.56519E-12
  5.000E-03  1.90386E-09  8.75556E-07  9.78736E-08  3.35674E-11  3.75264E-12
  5.250E-03  2.09900E-09  8.75195E-07  9.78684E-08  3.52312E-11  3.94007E-12
  5.500E-03  2.30367E-09  8.74816E-07  9.78630E-08  3.68929E-11  4.12747E-12
  5.750E-03  2.51785E-09  8.74420E-07  9.78574E-08  3.85524E-11  4.31483E-12
  6.000E-03  2.74156E-09  8.74007E-07  9.78515E-08  4.02096E-11  4.50216E-12
  6.250E-03  2.97478E-09  8.73576E-07  9.78454E-08  4.18644E-11  4.68945E-12
  6.500E-03  3.21752E-09  8.73129E-07  9.78390E-08  4.35167E-11  4.87671E-12
  6.750E-03  3.46978E-09  8.72664E-07  9.78323E-08  4.51663E-11  5.06394E-12
  7.000E-03  3.73156E-09  8.72182E-07  9.78255E-08  4.68133E-11  5.25112E-12
  7.250E-03  4.00286E-09  8.71684E-07  9.78183E-08  4.84575E-11  5.43826E-12
  7.500E-03  4.28368E-09  8.71168E-07  9.78109E-08  5.00988E-11  5.62537E-12
  7.750E-03  4.57402E-09  8.70636E-07  9.78033E-08  5.17371E-11  5.81242E-12
  8.000E-03  4.87388E-09  8.70086E-07  9.77954E-08  5.33724E-11  5.99944E-12
  8.250E-03  5.18326E-09  8.69520E-07  9.77873E-08  5.50045E-11  6.18641E-12
  8.500E-03  5.50215E-09  8.68938E-07  9.77789E-08  5.66333E-11  6.37333E-12
  8.750E-03  5.83057E-09  8.68339E-07  9.77703E-08  5.82588E-11  6.56020E-12
  9.000E-03  6.16850E-09  8.67723E-07  9.77614E-08  5.98809E-11  6.74702E-12
  9.250E-03  6.51596E-09  8.67091E-07  9.77523E-08  6.14994E-11  6.93379E-12
  9.500E-03  6.87293E-09  8.66442E-07  9.77430E-08  6.31143E-11  7.12051E-12
  9.750E-03  7.23942E-09  8.65777E-07  9.77333E-08  6.47255E-11  7.30717E-12
  1.000E-02  7.61544E-09  8.65096E-07  9.77235E-08  6.63329E-11  7.49378E-12
  1.250E-02  1.18991E-08  8.57410E-07  9.76114E-08  8.21796E-11  9.35648E-12
  1.500E-02  1.71347E-08  8.48196E-07  9.74750E-08  9.75560E-11  1.12121E-11
  1.750E-02  2.33223E-08  8.37555E-07  9.73145E-08  1.12388E-10  1.30592E-11
  2.000E-02  3.04617E-08  8.25598E-07  9.71305E-08  1.26610E-10  1.48966E-11
  2.250E-02  3.85531E-08  8.12448E-07  9.69232E-08  1.40167E-10  1.67229E-11
  2.500E-02  4.75965E-08  7.98232E-07  9.66933E-08  1.53016E-10  1.85370E-11
  2.750E-02  5.75917E-08  7.83084E-07  9.64411E-08  1.65124E-10  2.03375E-11
  3.000E-02  6.85389E-08  7.67135E-07  9.61674E-08  1.76466E-10  2.21234E-11
  3.250E-02  8.04380E-08  7.50520E-07  9.58727E-08  1.87031E-10  2.38936E-11
  3.500E-02  9.32891E-08  7.33366E-07  9.55577E-08  1.96815E-10  2.56470E-11
  3.750E-02  1.07092E-07  7.15799E-07  9.52230E-08  2.05821E-10  2.73827E-11
  4.000E-02  1.21847E-07  6.97935E-07  9.48694E-08  2.14064E-10  2.90998E-11
  4.250E-02  1.37554E-07  6.79887E-07  9.44977E-08  2.21561E-10  3.07973E-11
  4.500E-02  1.54213E-07  6.61754E-07  9.41084E-08  2.28338E-10  3.24747E-11
  4.750E-02  1.71823E-07  6.43631E-07  9.37026E-08  2.34422E-10  3.41310E-11
  5.000E-02  1.90386E-07  6.25601E-07  9.32808E-08  2.39848E-10  3.57656E-11
  5.250E-02  2.09900E-07  6.07737E-07  9.28440E-08  2.44649E-10  3.73781E-11
  5.500E-02  2.30367E-07  5.90106E-07  9.23929E-08  2.48864E-10  3.89677E-11
  5.750E-02  2.51785E-07  5.72762E-07  9.19283E-08  2.52529E-10  4.05342E-11
  6.000E-02  2.74156E-07  5.55755E-07  9.14510E-08  2.55684E-10  4.20769E-11
  6.250E-02  2.97478E-07  5.39122E-07  9.09618E-08  2.58367E-10  4.35957E-11
  6.500E-02  3.21752E-07  5.22896E-07  9.04616E-08  2.60615E-10  4.50902E-11
  6.750E-02  3.46978E-07  5.07103E-07  8.99510E-08  2.62464E-10  4.65602E-11
  7.000E-02  3.73156E-07  4.91760E-07  8.94308E-08  2.63950E-10  4.80055E-11
  7.250E-02  4.00286E-07  4.76883E-07  8.89018E-08  2.65106E-10  4.94259E-11
  7.500E-02  4.28368E-07  4.62479E-07  8.83648E-08  2.65964E-10  5.08214E-11
  7.750E-02  4.57402E-07  4.48552E-07  8.78204E-08  2.66554E-10  5.21919E-11
  8.000E-02  4.87388E-07  4.35103E-07  8.72693E-08  2.66902E-10  5.35374E-11
  8.250E-02  5.18325E-07  4.22129E-07  8.67122E-08  2.67036E-10  5.48581E-11
  8.500E-02  5.50215E-07  4.09624E-07  8.61497E-08  2.66978E-10  5.61538E-11
  8.750E-02  5.83057E-07  3.97581E-07  8.55825E-08  2.66750E-10  5.74249E-11
  9.000E-02  6.16850E-07  3.85989E-07  8.50111E-08  2.66372E-10  5.86713E-11
  9.250E-02  6.51596E-07  3.74839E-07  8.44362E-08  2.65863E-10  5.98933E-11
  9.500E-02  6.87293E-07  3.64117E-07  8.38583E-08  2.65238E-10  6.10910E-11
  9.750E-02  7.23942E-07  3.53809E-07  8.32778E-08  2.64512E-10  6.22647E-11
  1.000E-01  7.61543E-07  3.43903E-07  8.26953E-08  2.63699E-10  6.34146E-11
  1.250E-01  1.18991E-06  2.63699E-07  7.68518E-08  2.52751E-10  7.36674E-11
  1.500E-01  1.71347E-06  2.08595E-07  7.11799E-08  2.39923E-10  8.18773E-11
  1.750E-01  2.33223E-06  1.68891E-07  6.58429E-08  2.26633E-10  8.83619E-11
  2.000E-01  3.04617E-06  1.38884E-07  6.08974E-08  2.12992E-10  9.34009E-11
  2.250E-01  3.85531E-06  1.15403E-07  5.63495E-08  1.99105E-10  9.72296E-11
  2.500E-01  4.75964E-06  9.66366E-08  5.21851E-08  1.85253E-10  1.00050E-10
  2.750E-01  5.75916E-06  8.14652E-08  4.83831E-08  1.71787E-10  1.02038E-10
  3.000E-01  6.85388E-06  6.91240E-08  4.49199E-08  1.59015E-10  1.03347E-10
  3.250E-01  8.04378E-06  5.90444E-08  4.17707E-08  1.47147E-10  1.04111E-10
  3.500E-01  9.32888E-06  5.07808E-08  3.89104E-08  1.36289E-10  1.04443E-10
  3.750E-01  1.07092E-05  4.39755E-08  3.63134E-08  1.26455E-10  1.04436E-10
  4.000E-01  1.21846E-05  3.83394E-08  3.39548E-08  1.17598E-10  1.04164E-10
  4.250E-01  1.37553E-05  3.36397E-08  3.18106E-08  1.09632E-10  1.03686E-10
  4.500E-01  1.54212E-05  2.96898E-08  2.98580E-08  1.02451E-10  1.03048E-10
  4.750E-01  1.71822E-05  2.63418E-08  2.80763E-08  9.59484E-11  1.02283E-10
  5.000E-01  1.90385E-05  2.34786E-08  2.64465E-08  9.00208E-11  1.01418E-10
  5.250E-01  2.09899E-05  2.10085E-08  2.49518E-08  8.45775E-11  1.00471E-10
  5.500E-01  2.30365E-05  1.88594E-08  2.35772E-08  7.95410E-11  9.94579E-11
  5.750E-01  2.51783E-05  1.69749E-08  2.23094E-08  7.48474E-11  9.83888E-11
  6.000E-01  2.74153E-05  1.53109E-08  2.11371E-08  7.04455E-11  9.72727E-11
  6.250E-01  2.97475E-05  1.38325E-08  2.00502E-08  6.62950E-11  9.61164E-11
  6.500E-01  3.21749E-05  1.25121E-08  1.90401E-08  6.23654E-11  9.49262E-11
  6.750E-01  3.46974E-05  1.13277E-08  1.80992E-08  5.86332E-11  9.37071E-11
  7.000E-01  3.73152E-05  1.02614E-08  1.72212E-08  5.50810E-11  9.24642E-11
  7.250E-01  4.00281E-05  9.29869E-09  1.64001E-08  5.16956E-11  9.12019E-11
  7.500E-01  4.28362E-05  8.42743E-09  1.56312E-08  4.84672E-11  8.99245E-11
  7.750E-01  4.57395E-05  7.63751E-09  1.49101E-08  4.53881E-11  8.86361E-11
  8.000E-01  4.87380E-05  6.92029E-09  1.42329E-08  4.24521E-11  8.73408E-11
  8.250E-01  5.18317E-05  6.26832E-09  1.35963E-08  3.96539E-11  8.60422E-11
  8.500E-01  5.50205E-05  5.67514E-09  1.29971E-08  3.69889E-11  8.47438E-11
  8.750E-01  5.83045E-05  5.13505E-09  1.24327E-08  3.44526E-11  8.34488E-11
  9.000E-01  6.16838E-05  4.64299E-09  1.19005E-08  3.20407E-11  8.21602E-11
  9.250E-01  6.51582E-05  4.19444E-09  1.13984E-08  2.97489E-11  8.08806E-11
  9.500E-01  6.87277E-05  3.78537E-09  1.09243E-08  2.75726E-11  7.96126E-11
  9.750E-01  7.23925E-05  3.41214E-09  1.04764E-08  2.55073E-11  7.83581E-11
  1.000E+00  7.61524E-05  3.07143E-09  1.00528E-08  2.35484E-11  7.71189E-11
  1.100E+00  9.21439E-05  1.97848E-09  8.57259E-09  1.66828E-11  7.23435E-11
  1.200E+00  1.09658E-04  1.21225E-09  7.37473E-09  1.11474E-11  6.78959E-11
  1.300E+00  1.28695E-04  6.70037E-10  6.39562E-09  6.67001E-12  6.37916E-11
  1.400E+00  1.49255E-04  2.82516E-10  5.58723E-09  3.02174E-12  6.00183E-11
  1.500E+00  1.71338E-04  2.95790E-12  4.91320E-09  2.09756E-14  5.65504E-11
  1.600E+00  1.94942E-04 -2.00224E-10  4.34587E-09 -2.47143E-12  5.33579E-11
  1.700E+00  2.20070E-04 -3.48547E-10  3.86417E-09 -4.56026E-12  5.04113E-11
  1.800E+00  2.46720E-04 -4.56843E-10  3.45187E-09 -6.32405E-12  4.76839E-11
  1.900E+00  2.74892E-04 -5.35495E-10  3.09642E-09 -7.82199E-12  4.51523E-11
  2.000E+00  3.04586E-04 -5.91898E-10  2.78798E-09 -9.09928E-12  4.27965E-11
  2.100E+00  3.35803E-04 -6.31409E-10  2.51879E-09 -1.01910E-11  4.05995E-11
  2.200E+00  3.68542E-04 -6.57980E-10  2.28262E-09 -1.11250E-11  3.85467E-11
  2.300E+00  4.02802E-04 -6.74572E-10  2.07446E-09 -1.19237E-11  3.66257E-11
  2.400E+00  4.38585E-04 -6.83438E-10  1.89021E-09 -1.26056E-11  3.48254E-11
  2.500E+00  4.75889E-04 -6.86311E-10  1.72650E-09 -1.31862E-11  3.31362E-11
  2.600E+00  5.14715E-04 -6.84539E-10  1.58053E-09 -1.36785E-11  3.15497E-11
  2.700E+00  5.55063E-04 -6.79180E-10  1.44996E-09 -1.40938E-11  3.00579E-11
  2.800E+00  5.96931E-04 -6.71069E-10  1.33281E-09 -1.44417E-11  2.86541E-11
  2.900E+00  6.40321E-04 -6.60867E-10  1.22740E-09 -1.47307E-11  2.73319E-11
  3.000E+00  6.85233E-04 -6.49100E-10  1.13232E-09 -1.49680E-11  2.60853E-11
  3.100E+00  7.31665E-04 -6.36187E-10  1.04633E-09 -1.51600E-11  2.49092E-11
  3.200E+00  7.79618E-04 -6.22463E-10  9.68384E-10 -1.53122E-11  2.37984E-11
  3.300E+00  8.29092E-04 -6.08195E-10  8.97571E-10 -1.54296E-11  2.27487E-11
  3.400E+00  8.80086E-04 -5.93594E-10  8.33100E-10 -1.55164E-11  2.17556E-11
  3.500E+00  9.32601E-04 -5.78829E-10  7.74283E-10 -1.55763E-11  2.08154E-11
  3.600E+00  9.86636E-04 -5.64032E-10  7.20520E-10 -1.56127E-11  1.99245E-11
  3.700E+00  1.04219E-03 -5.49308E-10  6.71285E-10 -1.56285E-11  1.90796E-11
  3.800E+00  1.09927E-03 -5.34739E-10  6.26116E-10 -1.56262E-11  1.82777E-11
  3.900E+00  1.15786E-03 -5.20387E-10  5.84605E-10 -1.56079E-11  1.75159E-11
  4.000E+00  1.21797E-03 -5.06300E-10  5.46394E-10 -1.55758E-11  1.67916E-11
  4.100E+00  1.27961E-03 -4.92514E-10  5.11164E-10 -1.55315E-11  1.61024E-11
  4.200E+00  1.34276E-03 -4.79055E-10  4.78634E-10 -1.54766E-11  1.54462E-11
  4.300E+00  1.40743E-03 -4.65940E-10  4.48553E-10 -1.54123E-11  1.48208E-11
  4.400E+00  1.47362E-03 -4.53181E-10  4.20698E-10 -1.53399E-11  1.42244E-11
  4.500E+00  1.54133E-03 -4.40786E-10  3.94868E-10 -1.52605E-11  1.36552E-11
  4.600E+00  1.61056E-03 -4.28755E-10  3.70886E-10 -1.51749E-11  1.31115E-11
  4.700E+00  1.68131E-03 -4.17090E-10  3.48592E-10 -1.50841E-11  1.25919E-11
  4.800E+00  1.75357E-03 -4.05787E-10  3.27843E-10 -1.49886E-11  1.20949E-11
  4.900E+00  1.82735E-03 -3.94840E-10  3.08508E-10 -1.48891E-11  1.16192E-11
  5.000E+00  1.90265E-03 -3.84243E-10  2.90472E-10 -1.47863E-11  1.11637E-11
  5.100E+00  1.97947E-03 -3.73988E-10  2.73629E-10 -1.46806E-11  1.07272E-11
  5.200E+00  2.05780E-03 -3.64068E-10  2.57884E-10 -1.45725E-11  1.03087E-11
  5.300E+00  2.13765E-03 -3.54473E-10  2.43151E-10 -1.44624E-11  9.90714E-12
  5.400E+00  2.21902E-03 -3.45193E-10  2.29353E-10 -1.43505E-11  9.52167E-12
  5.500E+00  2.30190E-03 -3.36218E-10  2.16417E-10 -1.42374E-11  9.15142E-12
  5.600E+00  2.38630E-03 -3.27539E-10  2.04280E-10 -1.41231E-11  8.79562E-12
  5.700E+00  2.47222E-03 -3.19147E-10  1.92882E-10 -1.40080E-11  8.45352E-12
  5.800E+00  2.55965E-03 -3.11030E-10  1.82169E-10 -1.38924E-11  8.12443E-12
  5.900E+00  2.64859E-03 -3.03180E-10  1.72093E-10 -1.37763E-11  7.80770E-12
  6.000E+00  2.73905E-03 -2.95586E-10  1.62608E-10 -1.36600E-11  7.50272E-12
  6.100E+00  2.83103E-03 -2.88241E-10  1.53673E-10 -1.35436E-11  7.20893E-12
  6.200E+00  2.92452E-03 -2.81134E-10  1.45251E-10 -1.34272E-11  6.92579E-12
  6.300E+00  3.01952E-03 -2.74257E-10  1.37306E-10 -1.33111E-11  6.65280E-12
  6.400E+00  3.11604E-03 -2.67601E-10  1.29806E-10 -1.31953E-11  6.38948E-12
  6.500E+00  3.21407E-03 -2.61158E-10  1.22722E-10 -1.30799E-11  6.13540E-12
  6.600E+00  3.31362E-03 -2.54920E-10  1.16027E-10 -1.29649E-11  5.89014E-12
  6.700E+00  3.41468E-03 -2.48879E-10  1.09696E-10 -1.28505E-11  5.65329E-12
  6.800E+00  3.51725E-03 -2.43029E-10  1.03706E-10 -1.27368E-11  5.42449E-12
  6.900E+00  3.62133E-03 -2.37361E-10  9.80340E-11 -1.26237E-11  5.20339E-12
  7.000E+00  3.72692E-03 -2.31870E-10  9.26616E-11 -1.25114E-11  4.98965E-12
  7.100E+00  3.83403E-03 -2.26548E-10  8.75700E-11 -1.23999E-11  4.78296E-12
  7.200E+00  3.94265E-03 -2.21388E-10  8.27422E-11 -1.22892E-11  4.58303E-12
  7.300E+00  4.05278E-03 -2.16386E-10  7.81622E-11 -1.21794E-11  4.38957E-12
  7.400E+00  4.16442E-03 -2.11535E-10  7.38154E-11 -1.20705E-11  4.20231E-12
  7.500E+00  4.27757E-03 -2.06829E-10  6.96880E-11 -1.19625E-11  4.02102E-12
  7.600E+00  4.39223E-03 -2.02264E-10  6.57672E-11 -1.18555E-11  3.84543E-12
  7.700E+00  4.50840E-03 -1.97834E-10  6.20412E-11 -1.17494E-11  3.67533E-12
  7.800E+00  4.62608E-03 -1.93534E-10  5.84988E-11 -1.16443E-11  3.51051E-12
  7.900E+00  4.74527E-03 -1.89360E-10  5.51297E-11 -1.15402E-11  3.35074E-12
  8.000E+00  4.86597E-03 -1.85306E-10  5.19242E-11 -1.14371E-11  3.19585E-12
  8.100E+00  4.98817E-03 -1.81369E-10  4.88732E-11 -1.13350E-11  3.04565E-12
  8.200E+00  5.11188E-03 -1.77544E-10  4.59683E-11 -1.12340E-11  2.89995E-12
  8.300E+00  5.23711E-03 -1.73828E-10  4.32015E-11 -1.11340E-11  2.75859E-12
  8.400E+00  5.36383E-03 -1.70217E-10  4.05654E-11 -1.10350E-11  2.62140E-12
  8.500E+00  5.49207E-03 -1.66706E-10  3.80531E-11 -1.09370E-11  2.48825E-12
  8.600E+00  5.62181E-03 -1.63292E-10  3.56580E-11 -1.08401E-11  2.35897E-12
  8.700E+00  5.75306E-03 -1.59973E-10  3.33740E-11 -1.07442E-11  2.23342E-12
  8.800E+00  5.88581E-03 -1.56744E-10  3.11952E-11 -1.06493E-11  2.11149E-12
  8.900E+00  6.02007E-03 -1.53603E-10  2.91164E-11 -1.05555E-11  1.99303E-12
  9.000E+00  6.15583E-03 -1.50547E-10  2.71324E-11 -1.04626E-11  1.87793E-12
  9.100E+00  6.29310E-03 -1.47572E-10  2.52384E-11 -1.03708E-11  1.76607E-12
  9.200E+00  6.43187E-03 -1.44677E-10  2.34298E-11 -1.02800E-11  1.65733E-12
  9.300E+00  6.57214E-03 -1.41858E-10  2.17025E-11 -1.01902E-11  1.55162E-12
  9.400E+00  6.71392E-03 -1.39112E-10  2.00524E-11 -1.01014E-11  1.44883E-12
  9.500E+00  6.85720E-03 -1.36438E-10  1.84758E-11 -1.00136E-11  1.34886E-12
  9.600E+00  7.00198E-03 -1.33834E-10  1.69690E-11 -9.92676E-12  1.25161E-12
  9.700E+00  7.14827E-03 -1.31296E-10  1.55287E-11 -9.84090E-12  1.15700E-12
  9.800E+00  7.29605E-03 -1.28822E-10  1.41518E-11 -9.75600E-12  1.06494E-12
  9.900E+00  7.44534E-03 -1.26412E-10  1.28351E-11 -9.67205E-12  9.75353E-13
  1.000E+01  7.59612E-03 -1.24062E-10  1.15759E-11 -9.58905E-12  8.88151E-13
  1.025E+01  7.97965E-03 -1.18439E-10  8.66198E-12 -9.38561E-12  6.80101E-13
  1.050E+01  8.37255E-03 -1.13155E-10  6.05238E-12 -9.18787E-12  4.85393E-13
  1.075E+01  8.77480E-03 -1.08185E-10  3.71365E-12 -8.99566E-12  3.03019E-13
  1.100E+01  9.18641E-03 -1.03504E-10  1.61646E-12 -8.80883E-12  1.32060E-13
  1.125E+01  9.60736E-03 -9.90921E-11 -2.64983E-13 -8.62722E-12 -2.83179E-14
  1.150E+01  1.00376E-02 -9.49295E-11 -1.95336E-12 -8.45065E-12 -1.78875E-13
  1.175E+01  1.04773E-02 -9.09985E-11 -3.46872E-12 -8.27898E-12 -3.20307E-13
  1.200E+01  1.09262E-02 -8.72831E-11 -4.82876E-12 -8.11205E-12 -4.53249E-13
  1.225E+01  1.13844E-02 -8.37682E-11 -6.04920E-12 -7.94970E-12 -5.78283E-13
  1.250E+01  1.18520E-02 -8.04404E-11 -7.14398E-12 -7.79178E-12 -6.95943E-13
  1.275E+01  1.23288E-02 -7.72870E-11 -8.12552E-12 -7.63815E-12 -8.06721E-13
  1.300E+01  1.28150E-02 -7.42967E-11 -9.00487E-12 -7.48866E-12 -9.11067E-13
  1.325E+01  1.33104E-02 -7.14588E-11 -9.79191E-12 -7.34317E-12 -1.00940E-12
  1.350E+01  1.38150E-02 -6.87635E-11 -1.04955E-11 -7.20156E-12 -1.10210E-12
  1.375E+01  1.43290E-02 -6.62019E-11 -1.11235E-11 -7.06368E-12 -1.18952E-12
  1.400E+01  1.48521E-02 -6.37655E-11 -1.16830E-11 -6.92943E-12 -1.27199E-12
  1.425E+01  1.53845E-02 -6.14467E-11 -1.21805E-11 -6.79866E-12 -1.34982E-12
  1.450E+01  1.59262E-02 -5.92384E-11 -1.26217E-11 -6.67127E-12 -1.42329E-12
  1.475E+01  1.64770E-02 -5.71338E-11 -1.30116E-11 -6.54715E-12 -1.49266E-12
  1.500E+01  1.70371E-02 -5.51270E-11 -1.33551E-11 -6.42619E-12 -1.55816E-12
  1.525E+01  1.76063E-02 -5.32122E-11 -1.36563E-11 -6.30827E-12 -1.62003E-12
  1.550E+01  1.81848E-02 -5.13841E-11 -1.39191E-11 -6.19331E-12 -1.67848E-12
  1.575E+01  1.87724E-02 -4.96377E-11 -1.41468E-11 -6.08120E-12 -1.73370E-12
  1.600E+01  1.93692E-02 -4.79685E-11 -1.43426E-11 -5.97186E-12 -1.78588E-12
  1.625E+01  1.99751E-02 -4.63721E-11 -1.45094E-11 -5.86518E-12 -1.83518E-12
  1.650E+01  2.05901E-02 -4.48447E-11 -1.46497E-11 -5.76109E-12 -1.88177E-12
  1.675E+01  2.12143E-02 -4.33824E-11 -1.47659E-11 -5.65950E-12 -1.92579E-12
  1.700E+01  2.18476E-02 -4.19817E-11 -1.48601E-11 -5.56033E-12 -1.96738E-12
  1.725E+01  2.24900E-02 -4.06395E-11 -1.49342E-11 -5.46351E-12 -2.00667E-12
  1.750E+01  2.31415E-02 -3.93526E-11 -1.49901E-11 -5.36896E-12 -2.04379E-12
  1.775E+01  2.38021E-02 -3.81181E-11 -1.50293E-11 -5.27661E-12 -2.07885E-12
  1.800E+01  2.44717E-02 -3.69335E-11 -1.50533E-11 -5.18639E-12 -2.11196E-12
  1.825E+01  2.51504E-02 -3.57961E-11 -1.50634E-11 -5.09824E-12 -2.14322E-12
  1.850E+01  2.58382E-02 -3.47037E-11 -1.50609E-11 -5.01209E-12 -2.17272E-12
  1.875E+01  2.65349E-02 -3.36539E-11 -1.50469E-11 -4.92788E-12 -2.20055E-12
  1.900E+01  2.72407E-02 -3.26447E-11 -1.50225E-11 -4.84556E-12 -2.22681E-12
  1.925E+01  2.79555E-02 -3.16742E-11 -1.49885E-11 -4.76506E-12 -2.25155E-12
  1.950E+01  2.86793E-02 -3.07404E-11 -1.49459E-11 -4.68633E-12 -2.27487E-12
  1.975E+01  2.94120E-02 -2.98417E-11 -1.48954E-11 -4.60932E-12 -2.29683E-12
  2.000E+01  3.01537E-02 -2.89764E-11 -1.48378E-11 -4.53398E-12 -2.31750E-12
  2.025E+01  3.09043E-02 -2.81429E-11 -1.47737E-11 -4.46026E-12 -2.33694E-12
  2.050E+01  3.16639E-02 -2.73398E-11 -1.47037E-11 -4.38812E-12 -2.35521E-12
  2.075E+01  3.24324E-02 -2.65657E-11 -1.46285E-11 -4.31750E-12 -2.37236E-12
  2.100E+01  3.32098E-02 -2.58192E-11 -1.45485E-11 -4.24836E-12 -2.38845E-12
  2.125E+01  3.39961E-02 -2.50992E-11 -1.44641E-11 -4.18067E-12 -2.40354E-12
  2.150E+01  3.47912E-02 -2.44045E-11 -1.43760E-11 -4.11438E-12 -2.41765E-12
  2.175E+01  3.55952E-02 -2.37340E-11 -1.42843E-11 -4.04945E-12 -2.43085E-12
  2.200E+01  3.64081E-02 -2.30866E-11 -1.41896E-11 -3.98584E-12 -2.44318E-12
  2.225E+01  3.72297E-02 -2.24613E-11 -1.40921E-11 -3.92353E-12 -2.45466E-12
  2.250E+01  3.80602E-02 -2.18573E-11 -1.39922E-11 -3.86246E-12 -2.46535E-12
  2.275E+01  3.88995E-02 -2.12735E-11 -1.38901E-11 -3.80262E-12 -2.47528E-12
  2.300E+01  3.97476E-02 -2.07091E-11 -1.37861E-11 -3.74396E-12 -2.48448E-12
  2.325E+01  4.06044E-02 -2.01634E-11 -1.36805E-11 -3.68646E-12 -2.49298E-12
  2.350E+01  4.14700E-02 -1.96356E-11 -1.35735E-11 -3.63008E-12 -2.50082E-12
  2.375E+01  4.23443E-02 -1.91249E-11 -1.34653E-11 -3.57479E-12 -2.50803E-12
  2.400E+01  4.32273E-02 -1.86307E-11 -1.33560E-11 -3.52057E-12 -2.51463E-12
  2.425E+01  4.41190E-02 -1.81523E-11 -1.32459E-11 -3.46738E-12 -2.52066E-12
  2.450E+01  4.50194E-02 -1.76890E-11 -1.31352E-11 -3.41521E-12 -2.52613E-12
  2.475E+01  4.59284E-02 -1.72403E-11 -1.30239E-11 -3.36403E-12 -2.53107E-12
  2.500E+01  4.68461E-02 -1.68057E-11 -1.29121E-11 -3.31380E-12 -2.53550E-12
  2.550E+01  4.87074E-02 -1.59762E-11 -1.26880E-11 -3.21613E-12 -2.54294E-12
  2.600E+01  5.06030E-02 -1.51965E-11 -1.24636E-11 -3.12202E-12 -2.54859E-12
  2.650E+01  5.25328E-02 -1.44631E-11 -1.22398E-11 -3.03130E-12 -2.55263E-12
  2.700E+01  5.44967E-02 -1.37724E-11 -1.20170E-11 -2.94380E-12 -2.55517E-12
  2.750E+01  5.64946E-02 -1.31215E-11 -1.17960E-11 -2.85937E-12 -2.55634E-12
  2.800E+01  5.85262E-02 -1.25076E-11 -1.15770E-11 -2.77786E-12 -2.55626E-12
  2.850E+01  6.05914E-02 -1.19281E-11 -1.13605E-11 -2.69916E-12 -2.55502E-12
  2.900E+01  6.26901E-02 -1.13805E-11 -1.11467E-11 -2.62311E-12 -2.55273E-12
  2.950E+01  6.48222E-02 -1.08629E-11 -1.09360E-11 -2.54961E-12 -2.54946E-12
  3.000E+01  6.69873E-02 -1.03732E-11 -1.07284E-11 -2.47854E-12 -2.54530E-12
  3.050E+01  6.91854E-02 -9.90947E-12 -1.05241E-11 -2.40980E-12 -2.54032E-12
  3.100E+01  7.14163E-02 -9.47016E-12 -1.03234E-11 -2.34329E-12 -2.53459E-12
  3.150E+01  7.36799E-02 -9.05367E-12 -1.01261E-11 -2.27890E-12 -2.52817E-12
  3.200E+01  7.59760E-02 -8.65857E-12 -9.93248E-12 -2.21656E-12 -2.52110E-12
  3.250E+01  7.83043E-02 -8.28351E-12 -9.74249E-12 -2.15617E-12 -2.51346E-12
  3.300E+01  8.06647E-02 -7.92727E-12 -9.55616E-12 -2.09765E-12 -2.50528E-12
  3.350E+01  8.30571E-02 -7.58872E-12 -9.37352E-12 -2.04093E-12 -2.49660E-12
  3.400E+01  8.54812E-02 -7.26679E-12 -9.19455E-12 -1.98594E-12 -2.48748E-12
  3.450E+01  8.79369E-02 -6.96050E-12 -9.01925E-12 -1.93261E-12 -2.47794E-12
  3.500E+01  9.04240E-02 -6.66894E-12 -8.84757E-12 -1.88087E-12 -2.46802E-12
  3.550E+01  9.29422E-02 -6.39125E-12 -8.67948E-12 -1.83065E-12 -2.45776E-12
  3.600E+01  9.54915E-02 -6.12664E-12 -8.51493E-12 -1.78191E-12 -2.44718E-12
  3.650E+01  9.80716E-02 -5.87438E-12 -8.35389E-12 -1.73459E-12 -2.43631E-12
  3.700E+01  1.00682E-01 -5.63377E-12 -8.19629E-12 -1.68862E-12 -2.42517E-12
  3.750E+01  1.03323E-01 -5.40418E-12 -8.04210E-12 -1.64397E-12 -2.41379E-12
  3.800E+01  1.05995E-01 -5.18499E-12 -7.89124E-12 -1.60058E-12 -2.40220E-12
  3.850E+01  1.08696E-01 -4.97567E-12 -7.74365E-12 -1.55841E-12 -2.39041E-12
  3.900E+01  1.11427E-01 -4.77566E-12 -7.59928E-12 -1.51742E-12 -2.37843E-12
  3.950E+01  1.14188E-01 -4.58448E-12 -7.45804E-12 -1.47755E-12 -2.36630E-12
  4.000E+01  1.16978E-01 -4.40167E-12 -7.31989E-12 -1.43878E-12 -2.35402E-12
  4.050E+01  1.19797E-01 -4.22679E-12 -7.18475E-12 -1.40105E-12 -2.34161E-12
  4.100E+01  1.22645E-01 -4.05945E-12 -7.05257E-12 -1.36435E-12 -2.32908E-12
  4.150E+01  1.25522E-01 -3.89925E-12 -6.92328E-12 -1.32863E-12 -2.31645E-12
  4.200E+01  1.28428E-01 -3.74584E-12 -6.79680E-12 -1.29386E-12 -2.30373E-12
  4.250E+01  1.31361E-01 -3.59888E-12 -6.67308E-12 -1.26000E-12 -2.29093E-12
  4.300E+01  1.34323E-01 -3.45805E-12 -6.55204E-12 -1.22704E-12 -2.27806E-12
  4.350E+01  1.37313E-01 -3.32306E-12 -6.43363E-12 -1.19493E-12 -2.26513E-12
  4.400E+01  1.40330E-01 -3.19361E-12 -6.31778E-12 -1.16364E-12 -2.25215E-12
  4.450E+01  1.43375E-01 -3.06945E-12 -6.20444E-12 -1.13317E-12 -2.23912E-12
  4.500E+01  1.46447E-01 -2.95032E-12 -6.09355E-12 -1.10347E-12 -2.22606E-12
  4.550E+01  1.49545E-01 -2.83599E-12 -5.98503E-12 -1.07452E-12 -2.21298E-12
  4.600E+01  1.52671E-01 -2.72623E-12 -5.87884E-12 -1.04630E-12 -2.19987E-12
  4.650E+01  1.55823E-01 -2.62083E-12 -5.77491E-12 -1.01879E-12 -2.18675E-12
  4.700E+01  1.59001E-01 -2.51960E-12 -5.67319E-12 -9.91957E-13 -2.17362E-12
  4.750E+01  1.62205E-01 -2.42233E-12 -5.57362E-12 -9.65792E-13 -2.16049E-12
  4.800E+01  1.65435E-01 -2.32886E-12 -5.47616E-12 -9.40271E-13 -2.14736E-12
  4.850E+01  1.68690E-01 -2.23901E-12 -5.38075E-12 -9.15374E-13 -2.13423E-12
  4.900E+01  1.71970E-01 -2.15262E-12 -5.28735E-12 -8.91082E-13 -2.12112E-12
  4.950E+01  1.75276E-01 -2.06955E-12 -5.19588E-12 -8.67378E-13 -2.10802E-12
  5.000E+01  1.78606E-01 -1.98963E-12 -5.10632E-12 -8.44244E-13 -2.09495E-12
  5.050E+01  1.81961E-01 -1.91275E-12 -5.01861E-12 -8.21664E-13 -2.08189E-12
  5.100E+01  1.85340E-01 -1.83876E-12 -4.93271E-12 -7.99622E-13 -2.06886E-12
  5.150E+01  1.88743E-01 -1.76755E-12 -4.84857E-12 -7.78103E-13 -2.05586E-12
  5.200E+01  1.92169E-01 -1.69900E-12 -4.76615E-12 -7.57092E-13 -2.04289E-12
  5.250E+01  1.95619E-01 -1.63299E-12 -4.68541E-12 -7.36574E-13 -2.02996E-12
  5.300E+01  1.99092E-01 -1.56942E-12 -4.60630E-12 -7.16536E-13 -2.01706E-12
  5.350E+01  2.02589E-01 -1.50819E-12 -4.52879E-12 -6.96964E-13 -2.00420E-12
  5.400E+01  2.06107E-01 -1.44919E-12 -4.45283E-12 -6.77847E-13 -1.99138E-12
  5.450E+01  2.09649E-01 -1.39235E-12 -4.37838E-12 -6.59170E-13 -1.97861E-12
  5.500E+01  2.13212E-01 -1.33758E-12 -4.30542E-12 -6.40924E-13 -1.96587E-12
  5.550E+01  2.16797E-01 -1.28478E-12 -4.23390E-12 -6.23095E-13 -1.95319E-12
  5.600E+01  2.20404E-01 -1.23389E-12 -4.16379E-12 -6.05673E-13 -1.94055E-12
  5.650E+01  2.24032E-01 -1.18482E-12 -4.09506E-12 -5.88648E-13 -1.92796E-12
  5.700E+01  2.27680E-01 -1.13750E-12 -4.02766E-12 -5.72008E-13 -1.91542E-12
  5.750E+01  2.31350E-01 -1.09187E-12 -3.96158E-12 -5.55744E-13 -1.90293E-12
  5.800E+01  2.35040E-01 -1.04785E-12 -3.89676E-12 -5.39846E-13 -1.89049E-12
  5.850E+01  2.38751E-01 -1.00540E-12 -3.83320E-12 -5.24305E-13 -1.87811E-12
  5.900E+01  2.42481E-01 -9.64436E-13 -3.77086E-12 -5.09112E-13 -1.86578E-12
  5.950E+01  2.46231E-01 -9.24916E-13 -3.70970E-12 -4.94257E-13 -1.85351E-12
  6.000E+01  2.50000E-01 -8.86780E-13 -3.64971E-12 -4.79733E-13 -1.84129E-12
  6.050E+01  2.53788E-01 -8.49976E-13 -3.59084E-12 -4.65531E-13 -1.82912E-12
  6.100E+01  2.57595E-01 -8.14452E-13 -3.53308E-12 -4.51643E-13 -1.81701E-12
  6.150E+01  2.61421E-01 -7.80162E-13 -3.47640E-12 -4.38062E-13 -1.80496E-12
  6.200E+01  2.65264E-01 -7.47062E-13 -3.42078E-12 -4.24780E-13 -1.79297E-12
  6.250E+01  2.69126E-01 -7.15108E-13 -3.36619E-12 -4.11790E-13 -1.78103E-12
  6.300E+01  2.73005E-01 -6.84257E-13 -3.31261E-12 -3.99084E-13 -1.76915E-12
  6.350E+01  2.76901E-01 -6.54468E-13 -3.26001E-12 -3.86657E-13 -1.75733E-12
  6.400E+01  2.80814E-01 -6.25701E-13 -3.20837E-12 -3.74501E-13 -1.74557E-12
  6.450E+01  2.84744E-01 -5.97920E-13 -3.15767E-12 -3.62610E-13 -1.73387E-12
  6.500E+01  2.88691E-01 -5.71091E-13 -3.10788E-12 -3.50978E-13 -1.72222E-12
  6.550E+01  2.92653E-01 -5.45179E-13 -3.05900E-12 -3.39599E-13 -1.71064E-12
  6.600E+01  2.96632E-01 -5.20153E-13 -3.01099E-12 -3.28467E-13 -1.69911E-12
  6.650E+01  3.00625E-01 -4.95982E-13 -2.96384E-12 -3.17576E-13 -1.68764E-12
  6.700E+01  3.04634E-01 -4.72635E-13 -2.91753E-12 -3.06921E-13 -1.67623E-12
  6.750E+01  3.08658E-01 -4.50080E-13 -2.87204E-12 -2.96496E-13 -1.66488E-12
  6.800E+01  3.12697E-01 -4.28291E-13 -2.82735E-12 -2.86297E-13 -1.65358E-12
  6.850E+01  3.16749E-01 -4.07241E-13 -2.78344E-12 -2.76318E-13 -1.64235E-12
  6.900E+01  3.20816E-01 -3.86907E-13 -2.74030E-12 -2.66554E-13 -1.63117E-12
  6.950E+01  3.24896E-01 -3.67265E-13 -2.69791E-12 -2.57001E-13 -1.62005E-12
  7.000E+01  3.28990E-01 -3.48291E-13 -2.65626E-12 -2.47654E-13 -1.60899E-12
  7.050E+01  3.33097E-01 -3.29963E-13 -2.61533E-12 -2.38509E-13 -1.59798E-12
  7.100E+01  3.37216E-01 -3.12252E-13 -2.57510E-12 -2.29560E-13 -1.58704E-12
  7.150E+01  3.41348E-01 -2.95137E-13 -2.53555E-12 -2.20805E-13 -1.57615E-12
  7.200E+01  3.45492E-01 -2.78603E-13 -2.49667E-12 -2.12238E-13 -1.56532E-12
  7.250E+01  3.49647E-01 -2.62639E-13 -2.45846E-12 -2.03856E-13 -1.55454E-12
  7.300E+01  3.53814E-01 -2.47220E-13 -2.42090E-12 -1.95654E-13 -1.54382E-12
  7.350E+01  3.57992E-01 -2.32321E-13 -2.38397E-12 -1.87630E-13 -1.53316E-12
  7.400E+01  3.62181E-01 -2.17924E-13 -2.34765E-12 -1.79779E-13 -1.52255E-12
  7.450E+01  3.66381E-01 -2.04019E-13 -2.31194E-12 -1.72097E-13 -1.51200E-12
  7.500E+01  3.70590E-01 -1.90589E-13 -2.27682E-12 -1.64582E-13 -1.50151E-12
  7.550E+01  3.74810E-01 -1.77620E-13 -2.24228E-12 -1.57230E-13 -1.49107E-12
  7.600E+01  3.79039E-01 -1.65095E-13 -2.20832E-12 -1.50037E-13 -1.48068E-12
  7.650E+01  3.83277E-01 -1.53000E-13 -2.17491E-12 -1.43000E-13 -1.47035E-12
  7.700E+01  3.87524E-01 -1.41318E-13 -2.14205E-12 -1.36116E-13 -1.46007E-12
  7.750E+01  3.91780E-01 -1.30038E-13 -2.10972E-12 -1.29382E-13 -1.44985E-12
  7.800E+01  3.96044E-01 -1.19147E-13 -2.07792E-12 -1.22794E-13 -1.43967E-12
  7.850E+01  4.00316E-01 -1.08633E-13 -2.04663E-12 -1.16351E-13 -1.42956E-12
  7.900E+01  4.04596E-01 -9.84839E-14 -2.01584E-12 -1.10049E-13 -1.41949E-12
  7.950E+01  4.08882E-01 -8.86882E-14 -1.98555E-12 -1.03885E-13 -1.40948E-12
  8.000E+01  4.13176E-01 -7.92343E-14 -1.95575E-12 -9.78572E-14 -1.39951E-12
  8.050E+01  4.17476E-01 -7.01108E-14 -1.92642E-12 -9.19619E-14 -1.38960E-12
  8.100E+01  4.21783E-01 -6.13072E-14 -1.89755E-12 -8.61971E-14 -1.37974E-12
  8.150E+01  4.26095E-01 -5.28135E-14 -1.86914E-12 -8.05601E-14 -1.36993E-12
  8.200E+01  4.30413E-01 -4.46204E-14 -1.84118E-12 -7.50485E-14 -1.36017E-12
  8.250E+01  4.34737E-01 -3.67187E-14 -1.81365E-12 -6.96599E-14 -1.35046E-12
  8.300E+01  4.39065E-01 -2.90993E-14 -1.78656E-12 -6.43919E-14 -1.34080E-12
  8.350E+01  4.43398E-01 -2.17532E-14 -1.75989E-12 -5.92423E-14 -1.33119E-12
  8.400E+01  4.47736E-01 -1.46715E-14 -1.73364E-12 -5.42088E-14 -1.32163E-12
  8.450E+01  4.52077E-01 -7.84590E-15 -1.70779E-12 -4.92892E-14 -1.31212E-12
  8.500E+01  4.56422E-01 -1.26836E-15 -1.68234E-12 -4.44815E-14 -1.30265E-12
  8.550E+01  4.60770E-01  5.06856E-15 -1.65729E-12 -3.97835E-14 -1.29323E-12
  8.600E+01  4.65122E-01  1.11720E-14 -1.63261E-12 -3.51931E-14 -1.28386E-12
  8.650E+01  4.69476E-01  1.70491E-14 -1.60832E-12 -3.07085E-14 -1.27453E-12
  8.700E+01  4.73832E-01  2.27070E-14 -1.58439E-12 -2.63277E-14 -1.26525E-12
  8.750E+01  4.78190E-01  2.81525E-14 -1.56083E-12 -2.20487E-14 -1.25602E-12
  8.800E+01  4.82550E-01  3.33925E-14 -1.53763E-12 -1.78697E-14 -1.24683E-12
  8.850E+01  4.86912E-01  3.84334E-14 -1.51478E-12 -1.37889E-14 -1.23769E-12
  8.900E+01  4.91274E-01  4.32810E-14 -1.49227E-12 -9.80459E-15 -1.22859E-12
  8.950E+01  4.95637E-01  4.79411E-14 -1.47010E-12 -5.91495E-15 -1.21953E-12
  9.000E+01  5.00000E-01  5.24193E-14 -1.44826E-12 -2.11830E-15 -1.21052E-12
  9.050E+01  5.04363E-01  5.67211E-14 -1.42674E-12  1.58700E-15 -1.20156E-12
  9.100E+01  5.08726E-01  6.08521E-14 -1.40555E-12  5.20257E-15 -1.19263E-12
  9.150E+01  5.13088E-01  6.48178E-14 -1.38468E-12  8.73000E-15 -1.18375E-12
  9.200E+01  5.17450E-01  6.86233E-14 -1.36411E-12  1.21708E-14 -1.17491E-12
  9.250E+01  5.21810E-01  7.22734E-14 -1.34384E-12  1.55266E-14 -1.16611E-12
  9.300E+01  5.26168E-01  7.57727E-14 -1.32388E-12  1.87988E-14 -1.15736E-12
  9.350E+01  5.30524E-01  7.91255E-14 -1.30420E-12  2.19889E-14 -1.14864E-12
  9.400E+01  5.34878E-01  8.23363E-14 -1.28482E-12  2.50983E-14 -1.13997E-12
  9.450E+01  5.39230E-01  8.54096E-14 -1.26572E-12  2.81283E-14 -1.13133E-12
  9.500E+01  5.43578E-01  8.83498E-14 -1.24690E-12  3.10804E-14 -1.12274E-12
  9.550E+01  5.47923E-01  9.11610E-14 -1.22835E-12  3.39559E-14 -1.11419E-12
  9.600E+01  5.52264E-01  9.38472E-14 -1.21007E-12  3.67561E-14 -1.10567E-12
  9.650E+01  5.56602E-01  9.64120E-14 -1.19206E-12  3.94822E-14 -1.09720E-12
  9.700E+01  5.60935E-01  9.88590E-14 -1.17431E-12  4.21356E-14 -1.08876E-12
  9.750E+01  5.65263E-01  1.01192E-13 -1.15681E-12  4.47175E-14 -1.08036E-12
  9.800E+01  5.69587E-01  1.03414E-13 -1.13957E-12  4.72290E-14 -1.07200E-12
  9.850E+01  5.73905E-01  1.05528E-13 -1.12257E-12  4.96714E-14 -1.06367E-12
  9.900E+01  5.78217E-01  1.07540E-13 -1.10582E-12  5.20458E-14 -1.05538E-12
  9.950E+01  5.82524E-01  1.09450E-13 -1.08930E-12  5.43533E-14 -1.04713E-12
  1.000E+02  5.86824E-01  1.11263E-13 -1.07302E-12  5.65951E-14 -1.03892E-12
  1.005E+02  5.91118E-01  1.12981E-13 -1.05698E-12  5.87722E-14 -1.03074E-12
  1.010E+02  5.95404E-01  1.14608E-13 -1.04116E-12  6.08857E-14 -1.02260E-12
  1.015E+02  5.99684E-01  1.16145E-13 -1.02557E-12  6.29367E-14 -1.01449E-12
  1.020E+02  6.03956E-01  1.17597E-13 -1.01020E-12  6.49262E-14 -1.00642E-12
  1.025E+02  6.08220E-01  1.18965E-13 -9.95045E-13  6.68551E-14 -9.98377E-13
  1.030E+02  6.12476E-01  1.20252E-13 -9.80105E-13  6.87245E-14 -9.90372E-13
  1.035E+02  6.16723E-01  1.21462E-13 -9.65377E-13  7.05354E-14 -9.82402E-13
  1.040E+02  6.20961E-01  1.22595E-13 -9.50856E-13  7.22887E-14 -9.74465E-13
  1.045E+02  6.25190E-01  1.23655E-13 -9.36539E-13  7.39853E-14 -9.66561E-13
  1.050E+02  6.29410E-01  1.24644E-13 -9.22425E-13  7.56261E-14 -9.58690E-13
  1.055E+02  6.33619E-01  1.25563E-13 -9.08508E-13  7.72121E-14 -9.50852E-13
  1.060E+02  6.37819E-01  1.26416E-13 -8.94787E-13  7.87441E-14 -9.43046E-13
  1.065E+02  6.42008E-01  1.27205E-13 -8.81258E-13  8.02230E-14 -9.35271E-13
  1.070E+02  6.46186E-01  1.27932E-13 -8.67918E-13  8.16497E-14 -9.27528E-13
  1.075E+02  6.50353E-01  1.28598E-13 -8.54764E-13  8.30249E-14 -9.19817E-13
  1.080E+02  6.54508E-01  1.29205E-13 -8.41794E-13  8.43495E-14 -9.12136E-13
  1.085E+02  6.58652E-01  1.29756E-13 -8.29006E-13  8.56243E-14 -9.04486E-13
  1.090E+02  6.62784E-01  1.30252E-13 -8.16396E-13  8.68501E-14 -8.96866E-13
  1.095E+02  6.66903E-01  1.30695E-13 -8.03962E-13  8.80276E-14 -8.89276E-13
  1.100E+02  6.71010E-01  1.31087E-13 -7.91700E-13  8.91577E-14 -8.81716E-13
  1.105E+02  6.75104E-01  1.31429E-13 -7.79609E-13  9.02410E-14 -8.74185E-13
  1.110E+02  6.79184E-01  1.31724E-13 -7.67686E-13  9.12784E-14 -8.66683E-13
  1.115E+02  6.83251E-01  1.31972E-13 -7.55930E-13  9.22705E-14 -8.59210E-13
  1.120E+02  6.87303E-01  1.32176E-13 -7.44336E-13  9.32180E-14 -8.51765E-13
  1.125E+02  6.91342E-01  1.32337E-13 -7.32904E-13  9.41216E-14 -8.44348E-13
  1.130E+02  6.95366E-01  1.32455E-13 -7.21631E-13  9.49821E-14 -8.36960E-13
  1.135E+02  6.99375E-01  1.32534E-13 -7.10514E-13  9.58001E-14 -8.29598E-13
  1.140E+02  7.03368E-01  1.32574E-13 -6.99551E-13  9.65762E-14 -8.22264E-13
  1.145E+02  7.07347E-01  1.32577E-13 -6.88741E-13  9.73111E-14 -8.14957E-13
  1.150E+02  7.11309E-01  1.32544E-13 -6.78080E-13  9.80055E-14 -8.07677E-13
  1.155E+02  7.15256E-01  1.32476E-13 -6.67568E-13  9.86599E-14 -8.00423E-13
  1.160E+02  7.19186E-01  1.32374E-13 -6.57202E-13  9.92751E-14 -7.93195E-13
  1.165E+02  7.23099E-01  1.32240E-13 -6.46980E-13  9.98515E-14 -7.85993E-13
  1.170E+02  7.26995E-01  1.32075E-13 -6.36901E-13  1.00390E-13 -7.78816E-13
  1.175E+02  7.30874E-01  1.31880E-13 -6.26961E-13  1.00891E-13 -7.71664E-13
  1.180E+02  7.34736E-01  1.31656E-13 -6.17159E-13  1.01355E-13 -7.64538E-13
  1.185E+02  7.38579E-01  1.31405E-13 -6.07494E-13  1.01782E-13 -7.57436E-13
  1.190E+02  7.42405E-01  1.31127E-13 -5.97963E-13  1.02174E-13 -7.50359E-13
  1.195E+02  7.46212E-01  1.30823E-13 -5.88566E-13  1.02531E-13 -7.43306E-13
  1.200E+02  7.50000E-01  1.30495E-13 -5.79301E-13  1.02852E-13 -7.36277E-13
  1.205E+02  7.53769E-01  1.30143E-13 -5.70164E-13  1.03140E-13 -7.29271E-13
  1.210E+02  7.57519E-01  1.29769E-13 -5.61155E-13  1.03394E-13 -7.22289E-13
  1.215E+02  7.61249E-01  1.29373E-13 -5.52272E-13  1.03615E-13 -7.15329E-13
  1.220E+02  7.64960E-01  1.28957E-13 -5.43514E-13  1.03803E-13 -7.08393E-13
  1.225E+02  7.68650E-01  1.28521E-13 -5.34879E-13  1.03959E-13 -7.01479E-13
  1.230E+02  7.72320E-01  1.28065E-13 -5.26365E-13  1.04084E-13 -6.94588E-13
  1.235E+02  7.75968E-01  1.27592E-13 -5.17972E-13  1.04178E-13 -6.87718E-13
  1.240E+02  7.79596E-01  1.27101E-13 -5.09697E-13  1.04240E-13 -6.80871E-13
  1.245E+02  7.83203E-01  1.26594E-13 -5.01539E-13  1.04273E-13 -6.74045E-13
  1.250E+02  7.86788E-01  1.26071E-13 -4.93496E-13  1.04276E-13 -6.67240E-13
  1.255E+02  7.90351E-01  1.25534E-13 -4.85567E-13  1.04250E-13 -6.60456E-13
  1.260E+02  7.93893E-01  1.24982E-13 -4.77751E-13  1.04195E-13 -6.53693E-13
  1.265E+02  7.97411E-01  1.24417E-13 -4.70047E-13  1.04111E-13 -6.46951E-13
  1.270E+02  8.00908E-01  1.23839E-13 -4.62453E-13  1.04000E-13 -6.40229E-13
  1.275E+02  8.04381E-01  1.23249E-13 -4.54968E-13  1.03861E-13 -6.33527E-13
  1.280E+02  8.07831E-01  1.22648E-13 -4.47590E-13  1.03695E-13 -6.26845E-13
  1.285E+02  8.11257E-01  1.22037E-13 -4.40318E-13  1.03503E-13 -6.20182E-13
  1.290E+02  8.14660E-01  1.21415E-13 -4.33151E-13  1.03284E-13 -6.13539E-13
  1.295E+02  8.18039E-01  1.20784E-13 -4.26089E-13  1.03040E-13 -6.06915E-13
  1.300E+02  8.21394E-01  1.20144E-13 -4.19129E-13  1.02770E-13 -6.00310E-13
  1.305E+02  8.24724E-01  1.19496E-13 -4.12270E-13  1.02475E-13 -5.93723E-13
  1.310E+02  8.28030E-01  1.18840E-13 -4.05512E-13  1.02155E-13 -5.87155E-13
  1.315E+02  8.31310E-01  1.18177E-13 -3.98853E-13  1.01812E-13 -5.80605E-13
  1.320E+02  8.34565E-01  1.17508E-13 -3.92292E-13  1.01444E-13 -5.74073E-13
  1.325E+02  8.37795E-01  1.16833E-13 -3.85828E-13  1.01053E-13 -5.67559E-13
  1.330E+02  8.40999E-01  1.16152E-13 -3.79460E-13  1.00639E-13 -5.61063E-13
  1.335E+02  8.44177E-01  1.15467E-13 -3.73187E-13  1.00202E-13 -5.54583E-13
  1.340E+02  8.47329E-01  1.14777E-13 -3.67008E-13  9.97432E-14 -5.48121E-13
  1.345E+02  8.50455E-01  1.14083E-13 -3.60922E-13  9.92621E-14 -5.41675E-13
  1.350E+02  8.53553E-01  1.13385E-13 -3.54928E-13  9.87593E-14 -5.35247E-13
  1.355E+02  8.56625E-01  1.12685E-13 -3.49025E-13  9.82352E-14 -5.28834E-13
  1.360E+02  8.59670E-01  1.11982E-13 -3.43211E-13  9.76902E-14 -5.22438E-13
  1.365E+02  8.62687E-01  1.11278E-13 -3.37487E-13  9.71246E-14 -5.16058E-13
  1.370E+02  8.65677E-01  1.10571E-13 -3.31851E-13  9.65387E-14 -5.09693E-13
  1.375E+02  8.68639E-01  1.09863E-13 -3.26302E-13  9.59328E-14 -5.03344E-13
  1.380E+02  8.71572E-01  1.09154E-13 -3.20841E-13  9.53074E-14 -4.97011E-13
  1.385E+02  8.74478E-01  1.08445E-13 -3.15464E-13  9.46627E-14 -4.90692E-13
  1.390E+02  8.77355E-01  1.07736E-13 -3.10172E-13  9.39989E-14 -4.84389E-13
  1.395E+02  8.80203E-01  1.07027E-13 -3.04964E-13  9.33166E-14 -4.78100E-13
  1.400E+02  8.83022E-01  1.06319E-13 -2.99839E-13  9.26159E-14 -4.71825E-13
  1.405E+02  8.85812E-01  1.05612E-13 -2.94796E-13  9.18972E-14 -4.65565E-13
  1.410E+02  8.88573E-01  1.04906E-13 -2.89836E-13  9.11607E-14 -4.59319E-13
  1.415E+02  8.91304E-01  1.04202E-13 -2.84956E-13  9.04068E-14 -4.53087E-13
  1.420E+02  8.94005E-01  1.03500E-13 -2.80156E-13  8.96358E-14 -4.46868E-13
  1.425E+02  8.96677E-01  1.02800E-13 -2.75436E-13  8.88480E-14 -4.40663E-13
  1.430E+02  8.99318E-01  1.02104E-13 -2.70793E-13  8.80436E-14 -4.34472E-13
  1.435E+02  9.01928E-01  1.01411E-13 -2.66227E-13  8.72230E-14 -4.28293E-13
  1.440E+02  9.04508E-01  1.00721E-13 -2.61740E-13  8.63864E-14 -4.22127E-13
  1.445E+02  9.07058E-01  1.00034E-13 -2.57330E-13  8.55342E-14 -4.15974E-13
  1.450E+02  9.09576E-01  9.93502E-14 -2.52996E-13  8.46665E-14 -4.09833E-13
  1.455E+02  9.12063E-01  9.86717E-14 -2.48736E-13  8.37838E-14 -4.03705E-13
  1.460E+02  9.14519E-01  9.79981E-14 -2.44551E-13  8.28862E-14 -3.97589E-13
  1.465E+02  9.16943E-01  9.73291E-14 -2.40439E-13  8.19740E-14 -3.91484E-13
  1.470E+02  9.19335E-01  9.66648E-14 -2.36401E-13  8.10475E-14 -3.85391E-13
  1.475E+02  9.21696E-01  9.60056E-14 -2.32436E-13  8.01069E-14 -3.79310E-13
  1.480E+02  9.24024E-01  9.53517E-14 -2.28543E-13  7.91526E-14 -3.73240E-13
  1.485E+02  9.26320E-01  9.47036E-14 -2.24722E-13  7.81848E-14 -3.67181E-13
  1.490E+02  9.28584E-01  9.40617E-14 -2.20972E-13  7.72037E-14 -3.61133E-13
  1.495E+02  9.30815E-01  9.34262E-14 -2.17291E-13  7.62096E-14 -3.55096E-13
  1.500E+02  9.33013E-01  9.27972E-14 -2.13681E-13  7.52028E-14 -3.49070E-13
  1.505E+02  9.35178E-01  9.21747E-14 -2.10139E-13  7.41834E-14 -3.43053E-13
  1.510E+02  9.37310E-01  9.15589E-14 -2.06668E-13  7.31518E-14 -3.37047E-13
  1.515E+02  9.39409E-01  9.09500E-14 -2.03264E-13  7.21082E-14 -3.31051E-13
  1.520E+02  9.41474E-01  9.03483E-14 -1.99929E-13  7.10529E-14 -3.25065E-13
  1.525E+02  9.43505E-01  8.97542E-14 -1.96661E-13  6.99860E-14 -3.19088E-13
  1.530E+02  9.45503E-01  8.91679E-14 -1.93459E-13  6.89079E-14 -3.13121E-13
  1.535E+02  9.47467E-01  8.85896E-14 -1.90324E-13  6.78187E-14 -3.07163E-13
  1.540E+02  9.49397E-01  8.80192E-14 -1.87255E-13  6.67188E-14 -3.01214E-13
  1.545E+02  9.51293E-01  8.74569E-14 -1.84251E-13  6.56082E-14 -2.95274E-13
  1.550E+02  9.53154E-01  8.69026E-14 -1.81313E-13  6.44874E-14 -2.89342E-13
  1.555E+02  9.54981E-01  8.63569E-14 -1.78440E-13  6.33564E-14 -2.83419E-13
  1.560E+02  9.56773E-01  8.58198E-14 -1.75631E-13  6.22156E-14 -2.77505E-13
  1.565E+02  9.58530E-01  8.52918E-14 -1.72886E-13  6.10651E-14 -2.71599E-13
  1.570E+02  9.60252E-01  8.47729E-14 -1.70204E-13  5.99052E-14 -2.65700E-13
  1.575E+02  9.61940E-01  8.42632E-14 -1.67585E-13  5.87361E-14 -2.59810E-13
  1.580E+02  9.63592E-01  8.37626E-14 -1.65029E-13  5.75580E-14 -2.53927E-13
  1.585E+02  9.65209E-01  8.32712E-14 -1.62536E-13  5.63712E-14 -2.48051E-13
  1.590E+02  9.66790E-01  8.27891E-14 -1.60105E-13  5.51758E-14 -2.42183E-13
  1.595E+02  9.68336E-01  8.23168E-14 -1.57735E-13  5.39722E-14 -2.36322E-13
  1.600E+02  9.69846E-01  8.18545E-14 -1.55427E-13  5.27604E-14 -2.30467E-13
  1.605E+02  9.71321E-01  8.14023E-14 -1.53179E-13  5.15408E-14 -2.24620E-13
  1.610E+02  9.72759E-01  8.09602E-14 -1.50993E-13  5.03135E-14 -2.18779E-13
  1.615E+02  9.74162E-01  8.05281E-14 -1.48866E-13  4.90787E-14 -2.12944E-13
  1.620E+02  9.75528E-01  8.01061E-14 -1.46801E-13  4.78367E-14 -2.07116E-13
  1.625E+02  9.76858E-01  7.96942E-14 -1.44795E-13  4.65876E-14 -2.01294E-13
  1.630E+02  9.78152E-01  7.92929E-14 -1.42849E-13  4.53318E-14 -1.95477E-13
  1.635E+02  9.79410E-01  7.89022E-14 -1.40962E-13  4.40693E-14 -1.89666E-13
  1.640E+02  9.80631E-01  7.85225E-14 -1.39134E-13  4.28004E-14 -1.83861E-13
  1.645E+02  9.81815E-01  7.81537E-14 -1.37364E-13  4.15252E-14 -1.78061E-13
  1.650E+02  9.82963E-01  7.77956E-14 -1.35653E-13  4.02441E-14 -1.72267E-13
  1.655E+02  9.84074E-01  7.74482E-14 -1.34001E-13  3.89572E-14 -1.66477E-13
  1.660E+02  9.85148E-01  7.71116E-14 -1.32407E-13  3.76647E-14 -1.60692E-13
  1.665E+02  9.86185E-01  7.67860E-14 -1.30871E-13  3.63668E-14 -1.54912E-13
  1.670E+02  9.87185E-01  7.64719E-14 -1.29393E-13  3.50637E-14 -1.49136E-13
  1.675E+02  9.88148E-01  7.61692E-14 -1.27971E-13  3.37556E-14 -1.43365E-13
  1.680E+02  9.89074E-01  7.58780E-14 -1.26607E-13  3.24427E-14 -1.37598E-13
  1.685E+02  9.89962E-01  7.55982E-14 -1.25300E-13  3.11252E-14 -1.31835E-13
  1.690E+02  9.90814E-01  7.53296E-14 -1.24050E-13  2.98033E-14 -1.26075E-13
  1.695E+02  9.91627E-01  7.50722E-14 -1.22857E-13  2.84772E-14 -1.20320E-13
  1.700E+02  9.92404E-01  7.48263E-14 -1.21721E-13  2.71471E-14 -1.14568E-13
  1.705E+02  9.93143E-01  7.45922E-14 -1.20641E-13  2.58132E-14 -1.08819E-13
  1.710E+02  9.93844E-01  7.43700E-14 -1.19617E-13  2.44757E-14 -1.03073E-13
  1.715E+02  9.94508E-01  7.41599E-14 -1.18649E-13  2.31347E-14 -9.73304E-14
  1.720E+02  9.95134E-01  7.39615E-14 -1.17736E-13  2.17905E-14 -9.15905E-14
  1.725E+02  9.95722E-01  7.37746E-14 -1.16880E-13  2.04433E-14 -8.58532E-14
  1.730E+02  9.96273E-01  7.35994E-14 -1.16081E-13  1.90932E-14 -8.01185E-14
  1.735E+02  9.96786E-01  7.34358E-14 -1.15337E-13  1.77405E-14 -7.43860E-14
  1.740E+02  9.97261E-01  7.32843E-14 -1.14648E-13  1.63853E-14 -6.86558E-14
  1.745E+02  9.97698E-01  7.31452E-14 -1.14015E-13  1.50278E-14 -6.29275E-14
  1.750E+02  9.98097E-01  7.30183E-14 -1.13436E-13  1.36683E-14 -5.72010E-14
  1.755E+02  9.98459E-01  7.29036E-14 -1.12912E-13  1.23068E-14 -5.14762E-14
  1.760E+02  9.98782E-01  7.28007E-14 -1.12444E-13  1.09437E-14 -4.57529E-14
  1.765E+02  9.99067E-01  7.27094E-14 -1.12032E-13  9.57902E-15 -4.00309E-14
  1.770E+02  9.99315E-01  7.26299E-14 -1.11676E-13  8.21304E-15 -3.43100E-14
  1.775E+02  9.99524E-01  7.25625E-14 -1.11375E-13  6.84593E-15 -2.85902E-14
  1.780E+02  9.99695E-01  7.25078E-14 -1.11127E-13  5.47787E-15 -2.28711E-14
  1.785E+02  9.99829E-01  7.24658E-14 -1.10934E-13  4.10906E-15 -1.71528E-14
  1.790E+02  9.99924E-01  7.24364E-14 -1.10795E-13  2.73968E-15 -1.14349E-14
  1.795E+02  9.99981E-01  7.24189E-14 -1.10711E-13  1.36993E-15 -5.71739E-15
  1.800E+02  1.00000E+00  7.24138E-14 -1.10683E-13  1.92253E-29 -8.02342E-29
