0	1
0.01	0.998
0.02	0.991
0.03	0.98
0.04	0.966
0.05	0.947
0.06	0.925
0.07	0.9
0.08	0.872
0.09	0.842
0.1	0.811
0.11	0.778
0.12	0.744
0.13	0.71
0.14	0.676
0.15	0.641
0.16	0.608
0.17	0.574
0.18	0.542
0.19	0.511
0.2	0.481
0.22	0.424
0.24	0.373
0.25	0.35
0.26	0.328
0.28	0.287
0.3	0.251
0.32	0.22
0.34	0.193
0.35	0.18
0.36	0.169
0.38	0.148
0.4	0.13
0.42	0.115
0.44	0.101
0.45	0.095
0.46	0.09
0.48	0.079
0.5	0.071
0.55	0.053
0.6	0.04
0.65	0.031
0.7	0.024
0.8	0.015
0.9	0.01
1	0.007
1.1	0.005
1.2	0.003
1.3	0.003
1.4	0.002
1.5	0.001
