0	8
0.01	7.992
0.02	7.967
0.03	7.926
0.04	7.869
0.05	7.798
0.06	7.712
0.07	7.612
0.08	7.501
0.09	7.378
0.1	7.245
0.11	7.103
0.12	6.954
0.13	6.798
0.14	6.637
0.15	6.472
0.16	6.304
0.17	6.134
0.18	5.964
0.19	5.793
0.2	5.623
0.22	5.289
0.24	4.965
0.25	4.808
0.26	4.655
0.28	4.363
0.3	4.089
0.32	3.834
0.34	3.599
0.35	3.489
0.36	3.383
0.38	3.186
0.4	3.006
0.42	2.844
0.44	2.697
0.45	2.629
0.46	2.564
0.48	2.445
0.5	2.338
0.55	2.115
0.6	1.946
0.65	1.816
0.7	1.714
0.8	1.568
0.9	1.463
1	1.377
1.1	1.298
1.2	1.221
1.3	1.145
1.4	1.07
1.5	0.997
1.6	0.926
1.7	0.857
1.8	0.792
1.9	0.731
2	0.674
2.5	0.443
3	0.292
3.5	0.196
4	0.134
5	0.067
6	0.037
