 #  Scattering amplitudes (in cm)      MU=(1-cos(TH))/2
 #  Z =   6,   projectile: electron
 #  Kinetic energy = 3.70000E+06 eV
 #
 # TH (deg)      MU          Re(F)        Im(F)        Re(G)        Im(G)
 #--------------------------------------------------------------------------
  0.000E+00  0.00000E+00  2.04033E-07  4.13975E-09  0.00000E+00  0.00000E+00
  1.000E-04  7.61557E-13  2.04033E-07  4.13975E-09  1.56445E-13  3.17425E-15
  1.250E-04  1.18994E-12  2.04033E-07  4.13975E-09  1.95557E-13  3.96782E-15
  1.500E-04  1.71346E-12  2.04033E-07  4.13974E-09  2.34668E-13  4.76138E-15
  1.750E-04  2.33225E-12  2.04032E-07  4.13974E-09  2.73779E-13  5.55494E-15
  2.000E-04  3.04617E-12  2.04032E-07  4.13974E-09  3.12889E-13  6.34850E-15
  2.250E-04  3.85530E-12  2.04032E-07  4.13974E-09  3.52000E-13  7.14206E-15
  2.500E-04  4.75964E-12  2.04031E-07  4.13974E-09  3.91111E-13  7.93562E-15
  2.750E-04  5.75917E-12  2.04031E-07  4.13974E-09  4.30221E-13  8.72918E-15
  3.000E-04  6.85391E-12  2.04031E-07  4.13974E-09  4.69331E-13  9.52274E-15
  3.250E-04  8.04379E-12  2.04030E-07  4.13974E-09  5.08441E-13  1.03163E-14
  3.500E-04  9.32893E-12  2.04030E-07  4.13973E-09  5.47550E-13  1.11099E-14
  3.750E-04  1.07092E-11  2.04029E-07  4.13973E-09  5.86659E-13  1.19034E-14
  4.000E-04  1.21847E-11  2.04028E-07  4.13973E-09  6.25768E-13  1.26970E-14
  4.250E-04  1.37554E-11  2.04028E-07  4.13973E-09  6.64877E-13  1.34905E-14
  4.500E-04  1.54213E-11  2.04027E-07  4.13972E-09  7.03985E-13  1.42841E-14
  4.750E-04  1.71823E-11  2.04027E-07  4.13972E-09  7.43092E-13  1.50776E-14
  5.000E-04  1.90386E-11  2.04026E-07  4.13972E-09  7.82200E-13  1.58712E-14
  5.250E-04  2.09900E-11  2.04025E-07  4.13972E-09  8.21307E-13  1.66647E-14
  5.500E-04  2.30367E-11  2.04024E-07  4.13971E-09  8.60413E-13  1.74583E-14
  5.750E-04  2.51785E-11  2.04023E-07  4.13971E-09  8.99519E-13  1.82518E-14
  6.000E-04  2.74156E-11  2.04023E-07  4.13971E-09  9.38625E-13  1.90453E-14
  6.250E-04  2.97478E-11  2.04022E-07  4.13970E-09  9.77730E-13  1.98389E-14
  6.500E-04  3.21752E-11  2.04021E-07  4.13970E-09  1.01683E-12  2.06324E-14
  6.750E-04  3.46979E-11  2.04020E-07  4.13969E-09  1.05594E-12  2.14259E-14
  7.000E-04  3.73157E-11  2.04019E-07  4.13969E-09  1.09504E-12  2.22195E-14
  7.250E-04  4.00286E-11  2.04018E-07  4.13969E-09  1.13414E-12  2.30130E-14
  7.500E-04  4.28368E-11  2.04017E-07  4.13968E-09  1.17325E-12  2.38065E-14
  7.750E-04  4.57402E-11  2.04015E-07  4.13968E-09  1.21235E-12  2.46001E-14
  8.000E-04  4.87388E-11  2.04014E-07  4.13967E-09  1.25145E-12  2.53936E-14
  8.250E-04  5.18325E-11  2.04013E-07  4.13967E-09  1.29055E-12  2.61871E-14
  8.500E-04  5.50215E-11  2.04012E-07  4.13966E-09  1.32965E-12  2.69806E-14
  8.750E-04  5.83057E-11  2.04011E-07  4.13966E-09  1.36875E-12  2.77741E-14
  9.000E-04  6.16850E-11  2.04009E-07  4.13965E-09  1.40785E-12  2.85676E-14
  9.250E-04  6.51595E-11  2.04008E-07  4.13965E-09  1.44694E-12  2.93611E-14
  9.500E-04  6.87293E-11  2.04007E-07  4.13964E-09  1.48604E-12  3.01547E-14
  9.750E-04  7.23943E-11  2.04005E-07  4.13964E-09  1.52513E-12  3.09482E-14
  1.000E-03  7.61544E-11  2.04004E-07  4.13963E-09  1.56423E-12  3.17417E-14
  1.250E-03  1.18991E-10  2.03987E-07  4.13956E-09  1.95513E-12  3.96764E-14
  1.500E-03  1.71347E-10  2.03967E-07  4.13948E-09  2.34592E-12  4.76108E-14
  1.750E-03  2.33223E-10  2.03943E-07  4.13939E-09  2.73658E-12  5.55446E-14
  2.000E-03  3.04617E-10  2.03915E-07  4.13928E-09  3.12710E-12  6.34779E-14
  2.250E-03  3.85531E-10  2.03884E-07  4.13915E-09  3.51745E-12  7.14105E-14
  2.500E-03  4.75965E-10  2.03849E-07  4.13901E-09  3.90760E-12  7.93423E-14
  2.750E-03  5.75917E-10  2.03810E-07  4.13886E-09  4.29755E-12  8.72733E-14
  3.000E-03  6.85389E-10  2.03767E-07  4.13869E-09  4.68726E-12  9.52033E-14
  3.250E-03  8.04380E-10  2.03721E-07  4.13851E-09  5.07671E-12  1.03132E-13
  3.500E-03  9.32891E-10  2.03672E-07  4.13831E-09  5.46589E-12  1.11060E-13
  3.750E-03  1.07092E-09  2.03618E-07  4.13810E-09  5.85478E-12  1.18987E-13
  4.000E-03  1.21847E-09  2.03561E-07  4.13787E-09  6.24335E-12  1.26913E-13
  4.250E-03  1.37554E-09  2.03500E-07  4.13763E-09  6.63158E-12  1.34837E-13
  4.500E-03  1.54213E-09  2.03436E-07  4.13737E-09  7.01945E-12  1.42759E-13
  4.750E-03  1.71823E-09  2.03368E-07  4.13710E-09  7.40695E-12  1.50681E-13
  5.000E-03  1.90386E-09  2.03296E-07  4.13681E-09  7.79404E-12  1.58600E-13
  5.250E-03  2.09900E-09  2.03221E-07  4.13651E-09  8.18071E-12  1.66518E-13
  5.500E-03  2.30367E-09  2.03142E-07  4.13620E-09  8.56695E-12  1.74434E-13
  5.750E-03  2.51785E-09  2.03060E-07  4.13587E-09  8.95272E-12  1.82349E-13
  6.000E-03  2.74156E-09  2.02974E-07  4.13552E-09  9.33801E-12  1.90261E-13
  6.250E-03  2.97478E-09  2.02884E-07  4.13516E-09  9.72280E-12  1.98171E-13
  6.500E-03  3.21752E-09  2.02791E-07  4.13479E-09  1.01071E-11  2.06079E-13
  6.750E-03  3.46978E-09  2.02694E-07  4.13440E-09  1.04908E-11  2.13985E-13
  7.000E-03  3.73156E-09  2.02594E-07  4.13400E-09  1.08739E-11  2.21889E-13
  7.250E-03  4.00286E-09  2.02490E-07  4.13358E-09  1.12565E-11  2.29791E-13
  7.500E-03  4.28368E-09  2.02382E-07  4.13315E-09  1.16385E-11  2.37690E-13
  7.750E-03  4.57402E-09  2.02271E-07  4.13270E-09  1.20199E-11  2.45586E-13
  8.000E-03  4.87388E-09  2.02157E-07  4.13224E-09  1.24006E-11  2.53480E-13
  8.250E-03  5.18326E-09  2.02039E-07  4.13176E-09  1.27806E-11  2.61371E-13
  8.500E-03  5.50215E-09  2.01917E-07  4.13127E-09  1.31600E-11  2.69259E-13
  8.750E-03  5.83057E-09  2.01792E-07  4.13077E-09  1.35387E-11  2.77145E-13
  9.000E-03  6.16850E-09  2.01664E-07  4.13025E-09  1.39166E-11  2.85028E-13
  9.250E-03  6.51596E-09  2.01532E-07  4.12972E-09  1.42938E-11  2.92907E-13
  9.500E-03  6.87293E-09  2.01396E-07  4.12917E-09  1.46703E-11  3.00784E-13
  9.750E-03  7.23942E-09  2.01258E-07  4.12861E-09  1.50460E-11  3.08657E-13
  1.000E-02  7.61544E-09  2.01115E-07  4.12803E-09  1.54209E-11  3.16527E-13
  1.250E-02  1.18991E-08  1.99507E-07  4.12147E-09  1.91220E-11  3.95030E-13
  1.500E-02  1.71347E-08  1.97574E-07  4.11348E-09  2.27240E-11  4.73117E-13
  1.750E-02  2.33223E-08  1.95333E-07  4.10408E-09  2.62107E-11  5.50709E-13
  2.000E-02  3.04617E-08  1.92804E-07  4.09329E-09  2.95673E-11  6.27727E-13
  2.250E-02  3.85531E-08  1.90010E-07  4.08114E-09  3.27812E-11  7.04096E-13
  2.500E-02  4.75965E-08  1.86974E-07  4.06764E-09  3.58415E-11  7.79741E-13
  2.750E-02  5.75917E-08  1.83720E-07  4.05283E-09  3.87395E-11  8.54593E-13
  3.000E-02  6.85389E-08  1.80273E-07  4.03675E-09  4.14684E-11  9.28583E-13
  3.250E-02  8.04380E-08  1.76658E-07  4.01941E-09  4.40233E-11  1.00165E-12
  3.500E-02  9.32891E-08  1.72900E-07  4.00087E-09  4.64012E-11  1.07372E-12
  3.750E-02  1.07092E-07  1.69024E-07  3.98115E-09  4.86009E-11  1.14474E-12
  4.000E-02  1.21847E-07  1.65052E-07  3.96030E-09  5.06228E-11  1.21466E-12
  4.250E-02  1.37554E-07  1.61008E-07  3.93836E-09  5.24687E-11  1.28343E-12
  4.500E-02  1.54213E-07  1.56911E-07  3.91537E-09  5.41416E-11  1.35099E-12
  4.750E-02  1.71823E-07  1.52783E-07  3.89137E-09  5.56459E-11  1.41731E-12
  5.000E-02  1.90386E-07  1.48641E-07  3.86641E-09  5.69866E-11  1.48233E-12
  5.250E-02  2.09900E-07  1.44502E-07  3.84053E-09  5.81698E-11  1.54603E-12
  5.500E-02  2.30367E-07  1.40381E-07  3.81378E-09  5.92021E-11  1.60837E-12
  5.750E-02  2.51785E-07  1.36292E-07  3.78622E-09  6.00904E-11  1.66933E-12
  6.000E-02  2.74156E-07  1.32248E-07  3.75787E-09  6.08422E-11  1.72887E-12
  6.250E-02  2.97478E-07  1.28258E-07  3.72880E-09  6.14652E-11  1.78697E-12
  6.500E-02  3.21752E-07  1.24332E-07  3.69905E-09  6.19671E-11  1.84362E-12
  6.750E-02  3.46978E-07  1.20478E-07  3.66866E-09  6.23557E-11  1.89880E-12
  7.000E-02  3.73156E-07  1.16702E-07  3.63769E-09  6.26388E-11  1.95250E-12
  7.250E-02  4.00286E-07  1.13011E-07  3.60617E-09  6.28239E-11  2.00472E-12
  7.500E-02  4.28368E-07  1.09408E-07  3.57416E-09  6.29184E-11  2.05543E-12
  7.750E-02  4.57402E-07  1.05898E-07  3.54170E-09  6.29296E-11  2.10466E-12
  8.000E-02  4.87388E-07  1.02482E-07  3.50883E-09  6.28643E-11  2.15239E-12
  8.250E-02  5.18325E-07  9.91633E-08  3.47560E-09  6.27293E-11  2.19863E-12
  8.500E-02  5.50215E-07  9.59422E-08  3.44205E-09  6.25308E-11  2.24339E-12
  8.750E-02  5.83057E-07  9.28194E-08  3.40822E-09  6.22748E-11  2.28668E-12
  9.000E-02  6.16850E-07  8.97951E-08  3.37415E-09  6.19670E-11  2.32850E-12
  9.250E-02  6.51596E-07  8.68687E-08  3.33988E-09  6.16128E-11  2.36887E-12
  9.500E-02  6.87293E-07  8.40394E-08  3.30545E-09  6.12171E-11  2.40782E-12
  9.750E-02  7.23942E-07  8.13060E-08  3.27089E-09  6.07845E-11  2.44534E-12
  1.000E-01  7.61543E-07  7.86669E-08  3.23624E-09  6.03196E-11  2.48148E-12
  1.250E-01  1.18991E-06  5.70050E-08  2.89142E-09  5.46373E-11  2.77135E-12
  1.500E-01  1.71347E-06  4.22534E-08  2.56565E-09  4.85982E-11  2.95093E-12
  1.750E-01  2.33223E-06  3.22069E-08  2.27243E-09  4.32170E-11  3.04930E-12
  2.000E-01  3.04617E-06  2.52512E-08  2.01623E-09  3.87240E-11  3.09202E-12
  2.250E-01  3.85531E-06  2.03191E-08  1.79606E-09  3.50555E-11  3.09868E-12
  2.500E-01  4.75964E-06  1.67280E-08  1.60833E-09  3.20668E-11  3.08310E-12
  2.750E-01  5.75916E-06  1.40431E-08  1.44852E-09  2.96119E-11  3.05445E-12
  3.000E-01  6.85388E-06  1.19846E-08  1.31219E-09  2.75687E-11  3.01851E-12
  3.250E-01  8.04378E-06  1.03698E-08  1.19532E-09  2.58420E-11  2.97880E-12
  3.500E-01  9.32888E-06  9.07682E-09  1.09451E-09  2.43599E-11  2.93742E-12
  3.750E-01  1.07092E-05  8.02268E-09  1.00697E-09  2.30688E-11  2.89552E-12
  4.000E-01  1.21846E-05  7.14963E-09  9.30417E-10  2.19290E-11  2.85375E-12
  4.250E-01  1.37553E-05  6.41663E-09  8.63008E-10  2.09109E-11  2.81244E-12
  4.500E-01  1.54212E-05  5.79388E-09  8.03268E-10  1.99922E-11  2.77175E-12
  4.750E-01  1.71822E-05  5.25936E-09  7.50002E-10  1.91560E-11  2.73173E-12
  5.000E-01  1.90385E-05  4.79648E-09  7.02246E-10  1.83896E-11  2.69241E-12
  5.250E-01  2.09899E-05  4.39249E-09  6.59213E-10  1.76828E-11  2.65380E-12
  5.500E-01  2.30365E-05  4.03750E-09  6.20256E-10  1.70277E-11  2.61588E-12
  5.750E-01  2.51783E-05  3.72367E-09  5.84842E-10  1.64181E-11  2.57865E-12
  6.000E-01  2.74153E-05  3.44474E-09  5.52528E-10  1.58486E-11  2.54209E-12
  6.250E-01  2.97475E-05  3.19564E-09  5.22940E-10  1.53152E-11  2.50622E-12
  6.500E-01  3.21749E-05  2.97220E-09  4.95764E-10  1.48142E-11  2.47102E-12
  6.750E-01  3.46974E-05  2.77100E-09  4.70731E-10  1.43426E-11  2.43650E-12
  7.000E-01  3.73152E-05  2.58917E-09  4.47613E-10  1.38978E-11  2.40265E-12
  7.250E-01  4.00281E-05  2.42430E-09  4.26211E-10  1.34776E-11  2.36948E-12
  7.500E-01  4.28362E-05  2.27435E-09  4.06352E-10  1.30800E-11  2.33699E-12
  7.750E-01  4.57395E-05  2.13759E-09  3.87888E-10  1.27033E-11  2.30516E-12
  8.000E-01  4.87380E-05  2.01253E-09  3.70688E-10  1.23459E-11  2.27401E-12
  8.250E-01  5.18317E-05  1.89787E-09  3.54635E-10  1.20065E-11  2.24352E-12
  8.500E-01  5.50205E-05  1.79253E-09  3.39627E-10  1.16837E-11  2.21369E-12
  8.750E-01  5.83045E-05  1.69551E-09  3.25575E-10  1.13764E-11  2.18452E-12
  9.000E-01  6.16838E-05  1.60599E-09  3.12396E-10  1.10836E-11  2.15599E-12
  9.250E-01  6.51582E-05  1.52322E-09  3.00020E-10  1.08044E-11  2.12810E-12
  9.500E-01  6.87277E-05  1.44654E-09  2.88381E-10  1.05379E-11  2.10083E-12
  9.750E-01  7.23925E-05  1.37539E-09  2.77421E-10  1.02833E-11  2.07418E-12
  1.000E+00  7.61524E-05  1.30925E-09  2.67088E-10  1.00398E-11  2.04813E-12
  1.100E+00  9.21439E-05  1.08648E-09  2.31138E-10  9.16479E-12  1.94972E-12
  1.200E+00  1.09658E-04  9.15276E-10  2.02118E-10  8.42257E-12  1.85994E-12
  1.300E+00  1.28695E-04  7.81037E-10  1.78345E-10  7.78630E-12  1.77795E-12
  1.400E+00  1.49255E-04  6.73954E-10  1.58618E-10  7.23569E-12  1.70295E-12
  1.500E+00  1.71338E-04  5.87237E-10  1.42062E-10  6.75510E-12  1.63417E-12
  1.600E+00  1.94942E-04  5.16076E-10  1.28029E-10  6.33237E-12  1.57094E-12
  1.700E+00  2.20070E-04  4.56991E-10  1.16026E-10  5.95793E-12  1.51266E-12
  1.800E+00  2.46720E-04  4.07416E-10  1.05677E-10  5.62414E-12  1.45880E-12
  1.900E+00  2.74892E-04  3.65429E-10  9.66887E-11  5.32485E-12  1.40889E-12
  2.000E+00  3.04586E-04  3.29565E-10  8.88303E-11  5.05508E-12  1.36252E-12
  2.100E+00  3.35803E-04  2.98695E-10  8.19180E-11  4.81073E-12  1.31934E-12
  2.200E+00  3.68542E-04  2.71939E-10  7.58043E-11  4.58844E-12  1.27903E-12
  2.300E+00  4.02802E-04  2.48600E-10  7.03694E-11  4.38537E-12  1.24131E-12
  2.400E+00  4.38585E-04  2.28123E-10  6.55150E-11  4.19917E-12  1.20595E-12
  2.500E+00  4.75889E-04  2.10060E-10  6.11605E-11  4.02785E-12  1.17272E-12
  2.600E+00  5.14715E-04  1.94047E-10  5.72386E-11  3.86971E-12  1.14143E-12
  2.700E+00  5.55063E-04  1.79787E-10  5.36930E-11  3.72330E-12  1.11193E-12
  2.800E+00  5.96931E-04  1.67034E-10  5.04766E-11  3.58736E-12  1.08405E-12
  2.900E+00  6.40321E-04  1.55583E-10  4.75492E-11  3.46084E-12  1.05767E-12
  3.000E+00  6.85233E-04  1.45264E-10  4.48767E-11  3.34278E-12  1.03266E-12
  3.100E+00  7.31665E-04  1.35933E-10  4.24300E-11  3.23238E-12  1.00892E-12
  3.200E+00  7.79618E-04  1.27467E-10  4.01840E-11  3.12891E-12  9.86351E-13
  3.300E+00  8.29092E-04  1.19764E-10  3.81169E-11  3.03175E-12  9.64868E-13
  3.400E+00  8.80086E-04  1.12735E-10  3.62101E-11  2.94034E-12  9.44390E-13
  3.500E+00  9.32601E-04  1.06303E-10  3.44471E-11  2.85419E-12  9.24848E-13
  3.600E+00  9.86636E-04  1.00404E-10  3.28135E-11  2.77286E-12  9.06177E-13
  3.700E+00  1.04219E-03  9.49788E-11  3.12969E-11  2.69596E-12  8.88319E-13
  3.800E+00  1.09927E-03  8.99796E-11  2.98862E-11  2.62314E-12  8.71219E-13
  3.900E+00  1.15786E-03  8.53627E-11  2.85715E-11  2.55409E-12  8.54829E-13
  4.000E+00  1.21797E-03  8.10901E-11  2.73443E-11  2.48851E-12  8.39104E-13
  4.100E+00  1.27961E-03  7.71286E-11  2.61968E-11  2.42617E-12  8.24004E-13
  4.200E+00  1.34276E-03  7.34487E-11  2.51222E-11  2.36681E-12  8.09491E-13
  4.300E+00  1.40743E-03  7.00244E-11  2.41143E-11  2.31025E-12  7.95530E-13
  4.400E+00  1.47362E-03  6.68328E-11  2.31676E-11  2.25628E-12  7.82088E-13
  4.500E+00  1.54133E-03  6.38531E-11  2.22773E-11  2.20473E-12  7.69138E-13
  4.600E+00  1.61056E-03  6.10672E-11  2.14387E-11  2.15544E-12  7.56651E-13
  4.700E+00  1.68131E-03  5.84585E-11  2.06480E-11  2.10827E-12  7.44602E-13
  4.800E+00  1.75357E-03  5.60125E-11  1.99016E-11  2.06308E-12  7.32968E-13
  4.900E+00  1.82735E-03  5.37159E-11  1.91960E-11  2.01976E-12  7.21726E-13
  5.000E+00  1.90265E-03  5.15568E-11  1.85284E-11  1.97819E-12  7.10858E-13
  5.100E+00  1.97947E-03  4.95245E-11  1.78960E-11  1.93826E-12  7.00343E-13
  5.200E+00  2.05780E-03  4.76093E-11  1.72964E-11  1.89989E-12  6.90164E-13
  5.300E+00  2.13765E-03  4.58024E-11  1.67273E-11  1.86298E-12  6.80305E-13
  5.400E+00  2.21902E-03  4.40957E-11  1.61866E-11  1.82745E-12  6.70750E-13
  5.500E+00  2.30190E-03  4.24821E-11  1.56724E-11  1.79322E-12  6.61486E-13
  5.600E+00  2.38630E-03  4.09548E-11  1.51830E-11  1.76023E-12  6.52498E-13
  5.700E+00  2.47222E-03  3.95080E-11  1.47169E-11  1.72841E-12  6.43774E-13
  5.800E+00  2.55965E-03  3.81359E-11  1.42725E-11  1.69770E-12  6.35302E-13
  5.900E+00  2.64859E-03  3.68336E-11  1.38485E-11  1.66805E-12  6.27071E-13
  6.000E+00  2.73905E-03  3.55965E-11  1.34436E-11  1.63939E-12  6.19070E-13
  6.100E+00  2.83103E-03  3.44202E-11  1.30567E-11  1.61168E-12  6.11290E-13
  6.200E+00  2.92452E-03  3.33009E-11  1.26867E-11  1.58488E-12  6.03721E-13
  6.300E+00  3.01952E-03  3.22349E-11  1.23327E-11  1.55893E-12  5.96354E-13
  6.400E+00  3.11604E-03  3.12190E-11  1.19937E-11  1.53381E-12  5.89182E-13
  6.500E+00  3.21407E-03  3.02499E-11  1.16689E-11  1.50947E-12  5.82195E-13
  6.600E+00  3.31362E-03  2.93250E-11  1.13574E-11  1.48587E-12  5.75388E-13
  6.700E+00  3.41468E-03  2.84416E-11  1.10586E-11  1.46298E-12  5.68752E-13
  6.800E+00  3.51725E-03  2.75972E-11  1.07717E-11  1.44078E-12  5.62282E-13
  6.900E+00  3.62133E-03  2.67896E-11  1.04961E-11  1.41923E-12  5.55970E-13
  7.000E+00  3.72692E-03  2.60167E-11  1.02313E-11  1.39830E-12  5.49811E-13
  7.100E+00  3.83403E-03  2.52765E-11  9.97665E-12  1.37796E-12  5.43799E-13
  7.200E+00  3.94265E-03  2.45672E-11  9.73162E-12  1.35820E-12  5.37929E-13
  7.300E+00  4.05278E-03  2.38871E-11  9.49575E-12  1.33899E-12  5.32196E-13
  7.400E+00  4.16442E-03  2.32346E-11  9.26857E-12  1.32030E-12  5.26595E-13
  7.500E+00  4.27757E-03  2.26084E-11  9.04966E-12  1.30211E-12  5.21120E-13
  7.600E+00  4.39223E-03  2.20069E-11  8.83862E-12  1.28441E-12  5.15768E-13
  7.700E+00  4.50840E-03  2.14289E-11  8.63506E-12  1.26718E-12  5.10535E-13
  7.800E+00  4.62608E-03  2.08732E-11  8.43863E-12  1.25039E-12  5.05415E-13
  7.900E+00  4.74527E-03  2.03387E-11  8.24901E-12  1.23403E-12  5.00407E-13
  8.000E+00  4.86597E-03  1.98242E-11  8.06586E-12  1.21808E-12  4.95505E-13
  8.100E+00  4.98817E-03  1.93289E-11  7.88890E-12  1.20254E-12  4.90707E-13
  8.200E+00  5.11188E-03  1.88518E-11  7.71784E-12  1.18737E-12  4.86008E-13
  8.300E+00  5.23711E-03  1.83920E-11  7.55243E-12  1.17258E-12  4.81407E-13
  8.400E+00  5.36383E-03  1.79487E-11  7.39241E-12  1.15814E-12  4.76899E-13
  8.500E+00  5.49207E-03  1.75210E-11  7.23755E-12  1.14405E-12  4.72481E-13
  8.600E+00  5.62181E-03  1.71084E-11  7.08763E-12  1.13029E-12  4.68152E-13
  8.700E+00  5.75306E-03  1.67100E-11  6.94243E-12  1.11685E-12  4.63908E-13
  8.800E+00  5.88581E-03  1.63253E-11  6.80175E-12  1.10371E-12  4.59747E-13
  8.900E+00  6.02007E-03  1.59536E-11  6.66541E-12  1.09088E-12  4.55666E-13
  9.000E+00  6.15583E-03  1.55943E-11  6.53323E-12  1.07833E-12  4.51663E-13
  9.100E+00  6.29310E-03  1.52469E-11  6.40503E-12  1.06607E-12  4.47735E-13
  9.200E+00  6.43187E-03  1.49109E-11  6.28066E-12  1.05407E-12  4.43880E-13
  9.300E+00  6.57214E-03  1.45858E-11  6.15996E-12  1.04234E-12  4.40097E-13
  9.400E+00  6.71392E-03  1.42711E-11  6.04279E-12  1.03085E-12  4.36383E-13
  9.500E+00  6.85720E-03  1.39664E-11  5.92901E-12  1.01961E-12  4.32736E-13
  9.600E+00  7.00198E-03  1.36713E-11  5.81849E-12  1.00861E-12  4.29154E-13
  9.700E+00  7.14827E-03  1.33853E-11  5.71110E-12  9.97841E-13  4.25636E-13
  9.800E+00  7.29605E-03  1.31081E-11  5.60673E-12  9.87291E-13  4.22180E-13
  9.900E+00  7.44534E-03  1.28394E-11  5.50525E-12  9.76957E-13  4.18784E-13
  1.000E+01  7.59612E-03  1.25788E-11  5.40657E-12  9.66833E-13  4.15447E-13
  1.025E+01  7.97965E-03  1.19605E-11  5.17142E-12  9.42395E-13  4.07349E-13
  1.050E+01  8.37255E-03  1.13864E-11  4.95160E-12  9.19135E-13  3.99584E-13
  1.075E+01  8.77480E-03  1.08522E-11  4.74580E-12  8.96969E-13  3.92131E-13
  1.100E+01  9.18641E-03  1.03544E-11  4.55282E-12  8.75822E-13  3.84972E-13
  1.125E+01  9.60736E-03  9.88980E-12  4.37162E-12  8.55626E-13  3.78088E-13
  1.150E+01  1.00376E-02  9.45542E-12  4.20124E-12  8.36318E-13  3.71464E-13
  1.175E+01  1.04773E-02  9.04876E-12  4.04081E-12  8.17841E-13  3.65084E-13
  1.200E+01  1.09262E-02  8.66750E-12  3.88958E-12  8.00143E-13  3.58935E-13
  1.225E+01  1.13844E-02  8.30958E-12  3.74684E-12  7.83175E-13  3.53003E-13
  1.250E+01  1.18520E-02  7.97314E-12  3.61196E-12  7.66894E-13  3.47278E-13
  1.275E+01  1.23288E-02  7.65650E-12  3.48437E-12  7.51258E-13  3.41748E-13
  1.300E+01  1.28150E-02  7.35813E-12  3.36354E-12  7.36230E-13  3.36403E-13
  1.325E+01  1.33104E-02  7.07667E-12  3.24899E-12  7.21776E-13  3.31233E-13
  1.350E+01  1.38150E-02  6.81086E-12  3.14029E-12  7.07863E-13  3.26229E-13
  1.375E+01  1.43290E-02  6.55957E-12  3.03705E-12  6.94461E-13  3.21384E-13
  1.400E+01  1.48521E-02  6.32176E-12  2.93890E-12  6.81544E-13  3.16690E-13
  1.425E+01  1.53845E-02  6.09649E-12  2.84550E-12  6.69084E-13  3.12139E-13
  1.450E+01  1.59262E-02  5.88289E-12  2.75656E-12  6.57058E-13  3.07725E-13
  1.475E+01  1.64770E-02  5.68018E-12  2.67178E-12  6.45445E-13  3.03441E-13
  1.500E+01  1.70371E-02  5.48763E-12  2.59091E-12  6.34222E-13  2.99282E-13
  1.525E+01  1.76063E-02  5.30456E-12  2.51371E-12  6.23371E-13  2.95242E-13
  1.550E+01  1.81848E-02  5.13038E-12  2.43995E-12  6.12874E-13  2.91315E-13
  1.575E+01  1.87724E-02  4.96452E-12  2.36944E-12  6.02714E-13  2.87497E-13
  1.600E+01  1.93692E-02  4.80645E-12  2.30198E-12  5.92874E-13  2.83783E-13
  1.625E+01  1.99751E-02  4.65570E-12  2.23739E-12  5.83340E-13  2.80169E-13
  1.650E+01  2.05901E-02  4.51182E-12  2.17552E-12  5.74097E-13  2.76651E-13
  1.675E+01  2.12143E-02  4.37441E-12  2.11621E-12  5.65133E-13  2.73224E-13
  1.700E+01  2.18476E-02  4.24308E-12  2.05931E-12  5.56435E-13  2.69885E-13
  1.725E+01  2.24900E-02  4.11748E-12  2.00470E-12  5.47992E-13  2.66631E-13
  1.750E+01  2.31415E-02  3.99729E-12  1.95226E-12  5.39792E-13  2.63457E-13
  1.775E+01  2.38021E-02  3.88219E-12  1.90187E-12  5.31825E-13  2.60362E-13
  1.800E+01  2.44717E-02  3.77191E-12  1.85343E-12  5.24081E-13  2.57342E-13
  1.825E+01  2.51504E-02  3.66617E-12  1.80682E-12  5.16551E-13  2.54394E-13
  1.850E+01  2.58382E-02  3.56475E-12  1.76197E-12  5.09227E-13  2.51516E-13
  1.875E+01  2.65349E-02  3.46740E-12  1.71878E-12  5.02099E-13  2.48705E-13
  1.900E+01  2.72407E-02  3.37391E-12  1.67717E-12  4.95161E-13  2.45958E-13
  1.925E+01  2.79555E-02  3.28408E-12  1.63706E-12  4.88404E-13  2.43274E-13
  1.950E+01  2.86793E-02  3.19771E-12  1.59838E-12  4.81821E-13  2.40650E-13
  1.975E+01  2.94120E-02  3.11465E-12  1.56106E-12  4.75407E-13  2.38084E-13
  2.000E+01  3.01537E-02  3.03471E-12  1.52504E-12  4.69154E-13  2.35574E-13
  2.025E+01  3.09043E-02  2.95775E-12  1.49026E-12  4.63057E-13  2.33118E-13
  2.050E+01  3.16639E-02  2.88362E-12  1.45666E-12  4.57109E-13  2.30714E-13
  2.075E+01  3.24324E-02  2.81218E-12  1.42419E-12  4.51305E-13  2.28361E-13
  2.100E+01  3.32098E-02  2.74331E-12  1.39280E-12  4.45641E-13  2.26057E-13
  2.125E+01  3.39961E-02  2.67688E-12  1.36243E-12  4.40111E-13  2.23800E-13
  2.150E+01  3.47912E-02  2.61278E-12  1.33305E-12  4.34710E-13  2.21589E-13
  2.175E+01  3.55952E-02  2.55091E-12  1.30461E-12  4.29434E-13  2.19422E-13
  2.200E+01  3.64081E-02  2.49116E-12  1.27707E-12  4.24278E-13  2.17299E-13
  2.225E+01  3.72297E-02  2.43343E-12  1.25039E-12  4.19240E-13  2.15217E-13
  2.250E+01  3.80602E-02  2.37763E-12  1.22454E-12  4.14313E-13  2.13175E-13
  2.275E+01  3.88995E-02  2.32369E-12  1.19948E-12  4.09496E-13  2.11172E-13
  2.300E+01  3.97476E-02  2.27152E-12  1.17518E-12  4.04783E-13  2.09208E-13
  2.325E+01  4.06044E-02  2.22104E-12  1.15162E-12  4.00173E-13  2.07280E-13
  2.350E+01  4.14700E-02  2.17218E-12  1.12875E-12  3.95660E-13  2.05388E-13
  2.375E+01  4.23443E-02  2.12487E-12  1.10655E-12  3.91244E-13  2.03531E-13
  2.400E+01  4.32273E-02  2.07906E-12  1.08500E-12  3.86919E-13  2.01707E-13
  2.425E+01  4.41190E-02  2.03466E-12  1.06407E-12  3.82684E-13  1.99917E-13
  2.450E+01  4.50194E-02  1.99164E-12  1.04374E-12  3.78536E-13  1.98158E-13
  2.475E+01  4.59284E-02  1.94992E-12  1.02398E-12  3.74472E-13  1.96430E-13
  2.500E+01  4.68461E-02  1.90947E-12  1.00477E-12  3.70489E-13  1.94732E-13
  2.550E+01  4.87074E-02  1.83215E-12  9.67927E-13  3.62758E-13  1.91423E-13
  2.600E+01  5.06030E-02  1.75929E-12  9.33059E-13  3.55326E-13  1.88226E-13
  2.650E+01  5.25328E-02  1.69057E-12  9.00024E-13  3.48174E-13  1.85133E-13
  2.700E+01  5.44967E-02  1.62567E-12  8.68695E-13  3.41287E-13  1.82140E-13
  2.750E+01  5.64946E-02  1.56432E-12  8.38953E-13  3.34650E-13  1.79242E-13
  2.800E+01  5.85262E-02  1.50627E-12  8.10692E-13  3.28250E-13  1.76433E-13
  2.850E+01  6.05914E-02  1.45128E-12  7.83815E-13  3.22075E-13  1.73710E-13
  2.900E+01  6.26901E-02  1.39915E-12  7.58232E-13  3.16112E-13  1.71069E-13
  2.950E+01  6.48222E-02  1.34967E-12  7.33859E-13  3.10351E-13  1.68506E-13
  3.000E+01  6.69873E-02  1.30268E-12  7.10621E-13  3.04781E-13  1.66016E-13
  3.050E+01  6.91854E-02  1.25800E-12  6.88447E-13  2.99393E-13  1.63597E-13
  3.100E+01  7.14163E-02  1.21550E-12  6.67272E-13  2.94178E-13  1.61246E-13
  3.150E+01  7.36799E-02  1.17503E-12  6.47037E-13  2.89127E-13  1.58959E-13
  3.200E+01  7.59760E-02  1.13646E-12  6.27686E-13  2.84234E-13  1.56734E-13
  3.250E+01  7.83043E-02  1.09968E-12  6.09168E-13  2.79489E-13  1.54568E-13
  3.300E+01  8.06647E-02  1.06458E-12  5.91436E-13  2.74888E-13  1.52459E-13
  3.350E+01  8.30571E-02  1.03106E-12  5.74443E-13  2.70423E-13  1.50404E-13
  3.400E+01  8.54812E-02  9.99023E-13  5.58151E-13  2.66088E-13  1.48401E-13
  3.450E+01  8.79369E-02  9.68386E-13  5.42520E-13  2.61877E-13  1.46448E-13
  3.500E+01  9.04240E-02  9.39071E-13  5.27514E-13  2.57785E-13  1.44543E-13
  3.550E+01  9.29422E-02  9.10999E-13  5.13100E-13  2.53808E-13  1.42684E-13
  3.600E+01  9.54915E-02  8.84107E-13  4.99248E-13  2.49939E-13  1.40869E-13
  3.650E+01  9.80716E-02  8.58323E-13  4.85927E-13  2.46175E-13  1.39097E-13
  3.700E+01  1.00682E-01  8.33593E-13  4.73112E-13  2.42511E-13  1.37366E-13
  3.750E+01  1.03323E-01  8.09856E-13  4.60775E-13  2.38943E-13  1.35674E-13
  3.800E+01  1.05995E-01  7.87062E-13  4.48894E-13  2.35468E-13  1.34020E-13
  3.850E+01  1.08696E-01  7.65161E-13  4.37446E-13  2.32082E-13  1.32403E-13
  3.900E+01  1.11427E-01  7.44108E-13  4.26410E-13  2.28780E-13  1.30822E-13
  3.950E+01  1.14188E-01  7.23861E-13  4.15767E-13  2.25561E-13  1.29274E-13
  4.000E+01  1.16978E-01  7.04378E-13  4.05497E-13  2.22421E-13  1.27759E-13
  4.050E+01  1.19797E-01  6.85621E-13  3.95583E-13  2.19356E-13  1.26276E-13
  4.100E+01  1.22645E-01  6.67555E-13  3.86009E-13  2.16365E-13  1.24824E-13
  4.150E+01  1.25522E-01  6.50147E-13  3.76759E-13  2.13444E-13  1.23401E-13
  4.200E+01  1.28428E-01  6.33364E-13  3.67818E-13  2.10591E-13  1.22007E-13
  4.250E+01  1.31361E-01  6.17179E-13  3.59174E-13  2.07804E-13  1.20640E-13
  4.300E+01  1.34323E-01  6.01563E-13  3.50812E-13  2.05079E-13  1.19301E-13
  4.350E+01  1.37313E-01  5.86490E-13  3.42721E-13  2.02416E-13  1.17987E-13
  4.400E+01  1.40330E-01  5.71935E-13  3.34888E-13  1.99811E-13  1.16699E-13
  4.450E+01  1.43375E-01  5.57873E-13  3.27303E-13  1.97263E-13  1.15434E-13
  4.500E+01  1.46447E-01  5.44284E-13  3.19956E-13  1.94771E-13  1.14194E-13
  4.550E+01  1.49545E-01  5.31147E-13  3.12835E-13  1.92331E-13  1.12976E-13
  4.600E+01  1.52671E-01  5.18443E-13  3.05933E-13  1.89942E-13  1.11780E-13
  4.650E+01  1.55823E-01  5.06152E-13  2.99240E-13  1.87603E-13  1.10606E-13
  4.700E+01  1.59001E-01  4.94257E-13  2.92748E-13  1.85312E-13  1.09453E-13
  4.750E+01  1.62205E-01  4.82741E-13  2.86448E-13  1.83068E-13  1.08319E-13
  4.800E+01  1.65435E-01  4.71588E-13  2.80334E-13  1.80869E-13  1.07206E-13
  4.850E+01  1.68690E-01  4.60782E-13  2.74397E-13  1.78713E-13  1.06111E-13
  4.900E+01  1.71970E-01  4.50311E-13  2.68631E-13  1.76600E-13  1.05035E-13
  4.950E+01  1.75276E-01  4.40160E-13  2.63029E-13  1.74527E-13  1.03977E-13
  5.000E+01  1.78606E-01  4.30318E-13  2.57586E-13  1.72494E-13  1.02937E-13
  5.050E+01  1.81961E-01  4.20771E-13  2.52295E-13  1.70500E-13  1.01913E-13
  5.100E+01  1.85340E-01  4.11507E-13  2.47150E-13  1.68543E-13  1.00906E-13
  5.150E+01  1.88743E-01  4.02516E-13  2.42147E-13  1.66622E-13  9.99153E-14
  5.200E+01  1.92169E-01  3.93787E-13  2.37279E-13  1.64737E-13  9.89400E-14
  5.250E+01  1.95619E-01  3.85310E-13  2.32542E-13  1.62886E-13  9.79799E-14
  5.300E+01  1.99092E-01  3.77075E-13  2.27932E-13  1.61067E-13  9.70346E-14
  5.350E+01  2.02589E-01  3.69075E-13  2.23444E-13  1.59281E-13  9.61038E-14
  5.400E+01  2.06107E-01  3.61300E-13  2.19074E-13  1.57527E-13  9.51870E-14
  5.450E+01  2.09649E-01  3.53741E-13  2.14816E-13  1.55803E-13  9.42839E-14
  5.500E+01  2.13212E-01  3.46390E-13  2.10669E-13  1.54108E-13  9.33941E-14
  5.550E+01  2.16797E-01  3.39241E-13  2.06627E-13  1.52443E-13  9.25173E-14
  5.600E+01  2.20404E-01  3.32285E-13  2.02688E-13  1.50805E-13  9.16532E-14
  5.650E+01  2.24032E-01  3.25516E-13  1.98847E-13  1.49195E-13  9.08014E-14
  5.700E+01  2.27680E-01  3.18928E-13  1.95102E-13  1.47611E-13  8.99617E-14
  5.750E+01  2.31350E-01  3.12515E-13  1.91449E-13  1.46053E-13  8.91337E-14
  5.800E+01  2.35040E-01  3.06270E-13  1.87886E-13  1.44520E-13  8.83172E-14
  5.850E+01  2.38751E-01  3.00187E-13  1.84409E-13  1.43012E-13  8.75119E-14
  5.900E+01  2.42481E-01  2.94260E-13  1.81016E-13  1.41527E-13  8.67174E-14
  5.950E+01  2.46231E-01  2.88485E-13  1.77703E-13  1.40066E-13  8.59337E-14
  6.000E+01  2.50000E-01  2.82856E-13  1.74469E-13  1.38627E-13  8.51603E-14
  6.050E+01  2.53788E-01  2.77370E-13  1.71311E-13  1.37210E-13  8.43972E-14
  6.100E+01  2.57595E-01  2.72020E-13  1.68227E-13  1.35815E-13  8.36439E-14
  6.150E+01  2.61421E-01  2.66804E-13  1.65214E-13  1.34441E-13  8.29003E-14
  6.200E+01  2.65264E-01  2.61715E-13  1.62271E-13  1.33088E-13  8.21662E-14
  6.250E+01  2.69126E-01  2.56750E-13  1.59394E-13  1.31754E-13  8.14414E-14
  6.300E+01  2.73005E-01  2.51905E-13  1.56582E-13  1.30440E-13  8.07256E-14
  6.350E+01  2.76901E-01  2.47177E-13  1.53833E-13  1.29145E-13  8.00187E-14
  6.400E+01  2.80814E-01  2.42561E-13  1.51146E-13  1.27869E-13  7.93204E-14
  6.450E+01  2.84744E-01  2.38056E-13  1.48518E-13  1.26610E-13  7.86306E-14
  6.500E+01  2.88691E-01  2.33656E-13  1.45948E-13  1.25369E-13  7.79491E-14
  6.550E+01  2.92653E-01  2.29358E-13  1.43434E-13  1.24146E-13  7.72756E-14
  6.600E+01  2.96632E-01  2.25160E-13  1.40974E-13  1.22939E-13  7.66101E-14
  6.650E+01  3.00625E-01  2.21058E-13  1.38567E-13  1.21749E-13  7.59523E-14
  6.700E+01  3.04634E-01  2.17050E-13  1.36211E-13  1.20575E-13  7.53022E-14
  6.750E+01  3.08658E-01  2.13133E-13  1.33906E-13  1.19417E-13  7.46594E-14
  6.800E+01  3.12697E-01  2.09304E-13  1.31648E-13  1.18274E-13  7.40239E-14
  6.850E+01  3.16749E-01  2.05561E-13  1.29439E-13  1.17147E-13  7.33956E-14
  6.900E+01  3.20816E-01  2.01902E-13  1.27275E-13  1.16034E-13  7.27742E-14
  6.950E+01  3.24896E-01  1.98322E-13  1.25155E-13  1.14935E-13  7.21596E-14
  7.000E+01  3.28990E-01  1.94820E-13  1.23079E-13  1.13850E-13  7.15517E-14
  7.050E+01  3.33097E-01  1.91395E-13  1.21045E-13  1.12780E-13  7.09504E-14
  7.100E+01  3.37216E-01  1.88044E-13  1.19053E-13  1.11722E-13  7.03555E-14
  7.150E+01  3.41348E-01  1.84766E-13  1.17100E-13  1.10678E-13  6.97669E-14
  7.200E+01  3.45492E-01  1.81559E-13  1.15187E-13  1.09647E-13  6.91845E-14
  7.250E+01  3.49647E-01  1.78417E-13  1.13311E-13  1.08628E-13  6.86081E-14
  7.300E+01  3.53814E-01  1.75341E-13  1.11472E-13  1.07622E-13  6.80376E-14
  7.350E+01  3.57992E-01  1.72331E-13  1.09670E-13  1.06628E-13  6.74730E-14
  7.400E+01  3.62181E-01  1.69384E-13  1.07902E-13  1.05645E-13  6.69140E-14
  7.450E+01  3.66381E-01  1.66498E-13  1.06169E-13  1.04675E-13  6.63607E-14
  7.500E+01  3.70590E-01  1.63671E-13  1.04469E-13  1.03715E-13  6.58128E-14
  7.550E+01  3.74810E-01  1.60901E-13  1.02802E-13  1.02767E-13  6.52703E-14
  7.600E+01  3.79039E-01  1.58188E-13  1.01166E-13  1.01829E-13  6.47330E-14
  7.650E+01  3.83277E-01  1.55529E-13  9.95617E-14  1.00903E-13  6.42010E-14
  7.700E+01  3.87524E-01  1.52924E-13  9.79872E-14  9.99865E-14  6.36740E-14
  7.750E+01  3.91780E-01  1.50371E-13  9.64422E-14  9.90805E-14  6.31520E-14
  7.800E+01  3.96044E-01  1.47868E-13  9.49259E-14  9.81846E-14  6.26349E-14
  7.850E+01  4.00316E-01  1.45416E-13  9.34377E-14  9.72985E-14  6.21226E-14
  7.900E+01  4.04596E-01  1.43011E-13  9.19768E-14  9.64220E-14  6.16150E-14
  7.950E+01  4.08882E-01  1.40652E-13  9.05426E-14  9.55551E-14  6.11120E-14
  8.000E+01  4.13176E-01  1.38340E-13  8.91344E-14  9.46974E-14  6.06136E-14
  8.050E+01  4.17476E-01  1.36072E-13  8.77518E-14  9.38488E-14  6.01196E-14
  8.100E+01  4.21783E-01  1.33848E-13  8.63941E-14  9.30092E-14  5.96300E-14
  8.150E+01  4.26095E-01  1.31666E-13  8.50607E-14  9.21783E-14  5.91447E-14
  8.200E+01  4.30413E-01  1.29526E-13  8.37511E-14  9.13561E-14  5.86637E-14
  8.250E+01  4.34737E-01  1.27426E-13  8.24647E-14  9.05422E-14  5.81867E-14
  8.300E+01  4.39065E-01  1.25366E-13  8.12009E-14  8.97366E-14  5.77139E-14
  8.350E+01  4.43398E-01  1.23343E-13  7.99593E-14  8.89392E-14  5.72451E-14
  8.400E+01  4.47736E-01  1.21359E-13  7.87394E-14  8.81497E-14  5.67802E-14
  8.450E+01  4.52077E-01  1.19411E-13  7.75407E-14  8.73680E-14  5.63192E-14
  8.500E+01  4.56422E-01  1.17500E-13  7.63628E-14  8.65941E-14  5.58619E-14
  8.550E+01  4.60770E-01  1.15623E-13  7.52051E-14  8.58276E-14  5.54085E-14
  8.600E+01  4.65122E-01  1.13781E-13  7.40673E-14  8.50686E-14  5.49586E-14
  8.650E+01  4.69476E-01  1.11971E-13  7.29488E-14  8.43168E-14  5.45124E-14
  8.700E+01  4.73832E-01  1.10195E-13  7.18493E-14  8.35721E-14  5.40698E-14
  8.750E+01  4.78190E-01  1.08450E-13  7.07684E-14  8.28345E-14  5.36306E-14
  8.800E+01  4.82550E-01  1.06737E-13  6.97057E-14  8.21037E-14  5.31949E-14
  8.850E+01  4.86912E-01  1.05054E-13  6.86608E-14  8.13797E-14  5.27625E-14
  8.900E+01  4.91274E-01  1.03401E-13  6.76333E-14  8.06623E-14  5.23335E-14
  8.950E+01  4.95637E-01  1.01777E-13  6.66229E-14  7.99515E-14  5.19077E-14
  9.000E+01  5.00000E-01  1.00182E-13  6.56291E-14  7.92470E-14  5.14851E-14
  9.050E+01  5.04363E-01  9.86146E-14  6.46518E-14  7.85488E-14  5.10657E-14
  9.100E+01  5.08726E-01  9.70744E-14  6.36904E-14  7.78569E-14  5.06494E-14
  9.150E+01  5.13088E-01  9.55609E-14  6.27448E-14  7.71710E-14  5.02361E-14
  9.200E+01  5.17450E-01  9.40737E-14  6.18145E-14  7.64910E-14  4.98258E-14
  9.250E+01  5.21810E-01  9.26121E-14  6.08993E-14  7.58170E-14  4.94185E-14
  9.300E+01  5.26168E-01  9.11755E-14  5.99989E-14  7.51487E-14  4.90141E-14
  9.350E+01  5.30524E-01  8.97633E-14  5.91130E-14  7.44861E-14  4.86126E-14
  9.400E+01  5.34878E-01  8.83751E-14  5.82412E-14  7.38290E-14  4.82139E-14
  9.450E+01  5.39230E-01  8.70104E-14  5.73834E-14  7.31775E-14  4.78179E-14
  9.500E+01  5.43578E-01  8.56687E-14  5.65391E-14  7.25313E-14  4.74247E-14
  9.550E+01  5.47923E-01  8.43496E-14  5.57083E-14  7.18904E-14  4.70342E-14
  9.600E+01  5.52264E-01  8.30525E-14  5.48906E-14  7.12547E-14  4.66463E-14
  9.650E+01  5.56602E-01  8.17772E-14  5.40858E-14  7.06242E-14  4.62610E-14
  9.700E+01  5.60935E-01  8.05229E-14  5.32936E-14  6.99987E-14  4.58782E-14
  9.750E+01  5.65263E-01  7.92894E-14  5.25137E-14  6.93781E-14  4.54980E-14
  9.800E+01  5.69587E-01  7.80762E-14  5.17460E-14  6.87624E-14  4.51203E-14
  9.850E+01  5.73905E-01  7.68829E-14  5.09902E-14  6.81515E-14  4.47450E-14
  9.900E+01  5.78217E-01  7.57092E-14  5.02461E-14  6.75454E-14  4.43721E-14
  9.950E+01  5.82524E-01  7.45547E-14  4.95135E-14  6.69438E-14  4.40015E-14
  1.000E+02  5.86824E-01  7.34190E-14  4.87922E-14  6.63468E-14  4.36333E-14
  1.005E+02  5.91118E-01  7.23017E-14  4.80819E-14  6.57543E-14  4.32674E-14
  1.010E+02  5.95404E-01  7.12025E-14  4.73825E-14  6.51662E-14  4.29038E-14
  1.015E+02  5.99684E-01  7.01209E-14  4.66938E-14  6.45825E-14  4.25424E-14
  1.020E+02  6.03956E-01  6.90567E-14  4.60155E-14  6.40030E-14  4.21831E-14
  1.025E+02  6.08220E-01  6.80096E-14  4.53475E-14  6.34278E-14  4.18261E-14
  1.030E+02  6.12476E-01  6.69792E-14  4.46897E-14  6.28567E-14  4.14711E-14
  1.035E+02  6.16723E-01  6.59653E-14  4.40417E-14  6.22896E-14  4.11183E-14
  1.040E+02  6.20961E-01  6.49675E-14  4.34036E-14  6.17266E-14  4.07675E-14
  1.045E+02  6.25190E-01  6.39854E-14  4.27750E-14  6.11675E-14  4.04187E-14
  1.050E+02  6.29410E-01  6.30189E-14  4.21558E-14  6.06123E-14  4.00720E-14
  1.055E+02  6.33619E-01  6.20675E-14  4.15458E-14  6.00609E-14  3.97272E-14
  1.060E+02  6.37819E-01  6.11312E-14  4.09450E-14  5.95133E-14  3.93843E-14
  1.065E+02  6.42008E-01  6.02095E-14  4.03531E-14  5.89693E-14  3.90434E-14
  1.070E+02  6.46186E-01  5.93023E-14  3.97700E-14  5.84291E-14  3.87044E-14
  1.075E+02  6.50353E-01  5.84093E-14  3.91956E-14  5.78924E-14  3.83672E-14
  1.080E+02  6.54508E-01  5.75302E-14  3.86296E-14  5.73592E-14  3.80318E-14
  1.085E+02  6.58652E-01  5.66646E-14  3.80720E-14  5.68295E-14  3.76982E-14
  1.090E+02  6.62784E-01  5.58125E-14  3.75226E-14  5.63033E-14  3.73665E-14
  1.095E+02  6.66903E-01  5.49736E-14  3.69813E-14  5.57804E-14  3.70364E-14
  1.100E+02  6.71010E-01  5.41477E-14  3.64480E-14  5.52608E-14  3.67081E-14
  1.105E+02  6.75104E-01  5.33346E-14  3.59225E-14  5.47445E-14  3.63815E-14
  1.110E+02  6.79184E-01  5.25340E-14  3.54047E-14  5.42314E-14  3.60566E-14
  1.115E+02  6.83251E-01  5.17457E-14  3.48945E-14  5.37215E-14  3.57333E-14
  1.120E+02  6.87303E-01  5.09694E-14  3.43917E-14  5.32147E-14  3.54116E-14
  1.125E+02  6.91342E-01  5.02050E-14  3.38963E-14  5.27110E-14  3.50916E-14
  1.130E+02  6.95366E-01  4.94523E-14  3.34080E-14  5.22103E-14  3.47731E-14
  1.135E+02  6.99375E-01  4.87111E-14  3.29269E-14  5.17126E-14  3.44562E-14
  1.140E+02  7.03368E-01  4.79813E-14  3.24528E-14  5.12178E-14  3.41408E-14
  1.145E+02  7.07347E-01  4.72626E-14  3.19856E-14  5.07259E-14  3.38269E-14
  1.150E+02  7.11309E-01  4.65549E-14  3.15252E-14  5.02369E-14  3.35145E-14
  1.155E+02  7.15256E-01  4.58578E-14  3.10715E-14  4.97506E-14  3.32036E-14
  1.160E+02  7.19186E-01  4.51714E-14  3.06243E-14  4.92671E-14  3.28941E-14
  1.165E+02  7.23099E-01  4.44953E-14  3.01837E-14  4.87864E-14  3.25861E-14
  1.170E+02  7.26995E-01  4.38295E-14  2.97494E-14  4.83083E-14  3.22794E-14
  1.175E+02  7.30874E-01  4.31739E-14  2.93214E-14  4.78328E-14  3.19742E-14
  1.180E+02  7.34736E-01  4.25282E-14  2.88996E-14  4.73600E-14  3.16703E-14
  1.185E+02  7.38579E-01  4.18923E-14  2.84839E-14  4.68897E-14  3.13677E-14
  1.190E+02  7.42405E-01  4.12659E-14  2.80743E-14  4.64219E-14  3.10665E-14
  1.195E+02  7.46212E-01  4.06490E-14  2.76706E-14  4.59566E-14  3.07666E-14
  1.200E+02  7.50000E-01  4.00415E-14  2.72727E-14  4.54937E-14  3.04679E-14
  1.205E+02  7.53769E-01  3.94431E-14  2.68806E-14  4.50333E-14  3.01706E-14
  1.210E+02  7.57519E-01  3.88538E-14  2.64942E-14  4.45752E-14  2.98745E-14
  1.215E+02  7.61249E-01  3.82735E-14  2.61134E-14  4.41194E-14  2.95796E-14
  1.220E+02  7.64960E-01  3.77019E-14  2.57381E-14  4.36660E-14  2.92859E-14
  1.225E+02  7.68650E-01  3.71390E-14  2.53683E-14  4.32148E-14  2.89934E-14
  1.230E+02  7.72320E-01  3.65846E-14  2.50038E-14  4.27659E-14  2.87021E-14
  1.235E+02  7.75968E-01  3.60385E-14  2.46446E-14  4.23191E-14  2.84120E-14
  1.240E+02  7.79596E-01  3.55007E-14  2.42907E-14  4.18745E-14  2.81230E-14
  1.245E+02  7.83203E-01  3.49711E-14  2.39419E-14  4.14321E-14  2.78352E-14
  1.250E+02  7.86788E-01  3.44496E-14  2.35983E-14  4.09917E-14  2.75484E-14
  1.255E+02  7.90351E-01  3.39360E-14  2.32597E-14  4.05534E-14  2.72628E-14
  1.260E+02  7.93893E-01  3.34302E-14  2.29260E-14  4.01172E-14  2.69782E-14
  1.265E+02  7.97411E-01  3.29321E-14  2.25972E-14  3.96829E-14  2.66947E-14
  1.270E+02  8.00908E-01  3.24415E-14  2.22732E-14  3.92507E-14  2.64123E-14
  1.275E+02  8.04381E-01  3.19585E-14  2.19540E-14  3.88203E-14  2.61308E-14
  1.280E+02  8.07831E-01  3.14828E-14  2.16395E-14  3.83919E-14  2.58504E-14
  1.285E+02  8.11257E-01  3.10145E-14  2.13297E-14  3.79654E-14  2.55710E-14
  1.290E+02  8.14660E-01  3.05534E-14  2.10245E-14  3.75407E-14  2.52926E-14
  1.295E+02  8.18039E-01  3.00994E-14  2.07238E-14  3.71179E-14  2.50152E-14
  1.300E+02  8.21394E-01  2.96523E-14  2.04275E-14  3.66968E-14  2.47387E-14
  1.305E+02  8.24724E-01  2.92121E-14  2.01357E-14  3.62776E-14  2.44632E-14
  1.310E+02  8.28030E-01  2.87787E-14  1.98482E-14  3.58600E-14  2.41886E-14
  1.315E+02  8.31310E-01  2.83520E-14  1.95651E-14  3.54442E-14  2.39149E-14
  1.320E+02  8.34565E-01  2.79321E-14  1.92863E-14  3.50301E-14  2.36421E-14
  1.325E+02  8.37795E-01  2.75187E-14  1.90116E-14  3.46177E-14  2.33702E-14
  1.330E+02  8.40999E-01  2.71118E-14  1.87411E-14  3.42069E-14  2.30992E-14
  1.335E+02  8.44177E-01  2.67112E-14  1.84748E-14  3.37977E-14  2.28290E-14
  1.340E+02  8.47329E-01  2.63169E-14  1.82125E-14  3.33901E-14  2.25597E-14
  1.345E+02  8.50455E-01  2.59288E-14  1.79542E-14  3.29840E-14  2.22913E-14
  1.350E+02  8.53553E-01  2.55470E-14  1.76999E-14  3.25795E-14  2.20236E-14
  1.355E+02  8.56625E-01  2.51712E-14  1.74495E-14  3.21766E-14  2.17568E-14
  1.360E+02  8.59670E-01  2.48015E-14  1.72030E-14  3.17751E-14  2.14908E-14
  1.365E+02  8.62687E-01  2.44377E-14  1.69604E-14  3.13750E-14  2.12255E-14
  1.370E+02  8.65677E-01  2.40797E-14  1.67215E-14  3.09764E-14  2.09610E-14
  1.375E+02  8.68639E-01  2.37275E-14  1.64865E-14  3.05793E-14  2.06973E-14
  1.380E+02  8.71572E-01  2.33809E-14  1.62551E-14  3.01835E-14  2.04344E-14
  1.385E+02  8.74478E-01  2.30401E-14  1.60274E-14  2.97891E-14  2.01721E-14
  1.390E+02  8.77355E-01  2.27049E-14  1.58034E-14  2.93961E-14  1.99107E-14
  1.395E+02  8.80203E-01  2.23753E-14  1.55830E-14  2.90044E-14  1.96499E-14
  1.400E+02  8.83022E-01  2.20512E-14  1.53661E-14  2.86140E-14  1.93898E-14
  1.405E+02  8.85812E-01  2.17325E-14  1.51528E-14  2.82248E-14  1.91304E-14
  1.410E+02  8.88573E-01  2.14190E-14  1.49430E-14  2.78370E-14  1.88717E-14
  1.415E+02  8.91304E-01  2.11108E-14  1.47366E-14  2.74504E-14  1.86137E-14
  1.420E+02  8.94005E-01  2.08079E-14  1.45337E-14  2.70650E-14  1.83563E-14
  1.425E+02  8.96677E-01  2.05102E-14  1.43341E-14  2.66808E-14  1.80995E-14
  1.430E+02  8.99318E-01  2.02177E-14  1.41379E-14  2.62978E-14  1.78435E-14
  1.435E+02  9.01928E-01  1.99303E-14  1.39451E-14  2.59160E-14  1.75880E-14
  1.440E+02  9.04508E-01  1.96479E-14  1.37556E-14  2.55353E-14  1.73331E-14
  1.445E+02  9.07058E-01  1.93702E-14  1.35692E-14  2.51557E-14  1.70789E-14
  1.450E+02  9.09576E-01  1.90975E-14  1.33862E-14  2.47772E-14  1.68252E-14
  1.455E+02  9.12063E-01  1.88298E-14  1.32063E-14  2.43998E-14  1.65721E-14
  1.460E+02  9.14519E-01  1.85670E-14  1.30297E-14  2.40234E-14  1.63196E-14
  1.465E+02  9.16943E-01  1.83090E-14  1.28562E-14  2.36482E-14  1.60677E-14
  1.470E+02  9.19335E-01  1.80557E-14  1.26858E-14  2.32739E-14  1.58163E-14
  1.475E+02  9.21696E-01  1.78070E-14  1.25185E-14  2.29006E-14  1.55655E-14
  1.480E+02  9.24024E-01  1.75629E-14  1.23542E-14  2.25283E-14  1.53152E-14
  1.485E+02  9.26320E-01  1.73234E-14  1.21930E-14  2.21570E-14  1.50654E-14
  1.490E+02  9.28584E-01  1.70885E-14  1.20349E-14  2.17867E-14  1.48161E-14
  1.495E+02  9.30815E-01  1.68582E-14  1.18797E-14  2.14172E-14  1.45674E-14
  1.500E+02  9.33013E-01  1.66324E-14  1.17275E-14  2.10487E-14  1.43191E-14
  1.505E+02  9.35178E-01  1.64110E-14  1.15783E-14  2.06811E-14  1.40713E-14
  1.510E+02  9.37310E-01  1.61940E-14  1.14319E-14  2.03143E-14  1.38240E-14
  1.515E+02  9.39409E-01  1.59812E-14  1.12885E-14  1.99484E-14  1.35771E-14
  1.520E+02  9.41474E-01  1.57729E-14  1.11479E-14  1.95834E-14  1.33308E-14
  1.525E+02  9.43505E-01  1.55688E-14  1.10102E-14  1.92192E-14  1.30848E-14
  1.530E+02  9.45503E-01  1.53690E-14  1.08754E-14  1.88558E-14  1.28393E-14
  1.535E+02  9.47467E-01  1.51735E-14  1.07433E-14  1.84932E-14  1.25942E-14
  1.540E+02  9.49397E-01  1.49822E-14  1.06141E-14  1.81313E-14  1.23496E-14
  1.545E+02  9.51293E-01  1.47950E-14  1.04876E-14  1.77702E-14  1.21053E-14
  1.550E+02  9.53154E-01  1.46119E-14  1.03639E-14  1.74099E-14  1.18615E-14
  1.555E+02  9.54981E-01  1.44329E-14  1.02429E-14  1.70503E-14  1.16181E-14
  1.560E+02  9.56773E-01  1.42579E-14  1.01246E-14  1.66914E-14  1.13750E-14
  1.565E+02  9.58530E-01  1.40871E-14  1.00091E-14  1.63332E-14  1.11323E-14
  1.570E+02  9.60252E-01  1.39203E-14  9.89621E-15  1.59756E-14  1.08900E-14
  1.575E+02  9.61940E-01  1.37574E-14  9.78601E-15  1.56187E-14  1.06480E-14
  1.580E+02  9.63592E-01  1.35985E-14  9.67846E-15  1.52625E-14  1.04064E-14
  1.585E+02  9.65209E-01  1.34435E-14  9.57354E-15  1.49069E-14  1.01652E-14
  1.590E+02  9.66790E-01  1.32924E-14  9.47123E-15  1.45519E-14  9.92424E-15
  1.595E+02  9.68336E-01  1.31451E-14  9.37153E-15  1.41975E-14  9.68364E-15
  1.600E+02  9.69846E-01  1.30018E-14  9.27443E-15  1.38437E-14  9.44335E-15
  1.605E+02  9.71321E-01  1.28623E-14  9.17991E-15  1.34905E-14  9.20336E-15
  1.610E+02  9.72759E-01  1.27267E-14  9.08796E-15  1.31378E-14  8.96368E-15
  1.615E+02  9.74162E-01  1.25948E-14  8.99855E-15  1.27856E-14  8.72429E-15
  1.620E+02  9.75528E-01  1.24666E-14  8.91167E-15  1.24340E-14  8.48519E-15
  1.625E+02  9.76858E-01  1.23421E-14  8.82731E-15  1.20828E-14  8.24636E-15
  1.630E+02  9.78152E-01  1.22214E-14  8.74546E-15  1.17322E-14  8.00780E-15
  1.635E+02  9.79410E-01  1.21044E-14  8.66611E-15  1.13820E-14  7.76949E-15
  1.640E+02  9.80631E-01  1.19911E-14  8.58926E-15  1.10323E-14  7.53144E-15
  1.645E+02  9.81815E-01  1.18816E-14  8.51490E-15  1.06831E-14  7.29363E-15
  1.650E+02  9.82963E-01  1.17757E-14  8.44299E-15  1.03343E-14  7.05606E-15
  1.655E+02  9.84074E-01  1.16733E-14  8.37354E-15  9.98586E-15  6.81871E-15
  1.660E+02  9.85148E-01  1.15746E-14  8.30652E-15  9.63786E-15  6.58159E-15
  1.665E+02  9.86185E-01  1.14794E-14  8.24193E-15  9.29024E-15  6.34467E-15
  1.670E+02  9.87185E-01  1.13878E-14  8.17978E-15  8.94300E-15  6.10796E-15
  1.675E+02  9.88148E-01  1.12999E-14  8.12006E-15  8.59612E-15  5.87145E-15
  1.680E+02  9.89074E-01  1.12156E-14  8.06275E-15  8.24958E-15  5.63512E-15
  1.685E+02  9.89962E-01  1.11348E-14  8.00784E-15  7.90338E-15  5.39898E-15
  1.690E+02  9.90814E-01  1.10575E-14  7.95532E-15  7.55750E-15  5.16301E-15
  1.695E+02  9.91627E-01  1.09836E-14  7.90517E-15  7.21191E-15  4.92720E-15
  1.700E+02  9.92404E-01  1.09133E-14  7.85740E-15  6.86662E-15  4.69155E-15
  1.705E+02  9.93143E-01  1.08464E-14  7.81200E-15  6.52160E-15  4.45605E-15
  1.710E+02  9.93844E-01  1.07832E-14  7.76899E-15  6.17684E-15  4.22069E-15
  1.715E+02  9.94508E-01  1.07234E-14  7.72834E-15  5.83232E-15  3.98547E-15
  1.720E+02  9.95134E-01  1.06672E-14  7.69005E-15  5.48805E-15  3.75037E-15
  1.725E+02  9.95722E-01  1.06143E-14  7.65409E-15  5.14399E-15  3.51540E-15
  1.730E+02  9.96273E-01  1.05648E-14  7.62047E-15  4.80013E-15  3.28054E-15
  1.735E+02  9.96786E-01  1.05187E-14  7.58917E-15  4.45647E-15  3.04578E-15
  1.740E+02  9.97261E-01  1.04760E-14  7.56022E-15  4.11298E-15  2.81111E-15
  1.745E+02  9.97698E-01  1.04369E-14  7.53361E-15  3.76966E-15  2.57654E-15
  1.750E+02  9.98097E-01  1.04013E-14  7.50934E-15  3.42648E-15  2.34205E-15
  1.755E+02  9.98459E-01  1.03691E-14  7.48740E-15  3.08345E-15  2.10763E-15
  1.760E+02  9.98782E-01  1.03403E-14  7.46777E-15  2.74053E-15  1.87328E-15
  1.765E+02  9.99067E-01  1.03148E-14  7.45043E-15  2.39773E-15  1.63899E-15
  1.770E+02  9.99315E-01  1.02926E-14  7.43540E-15  2.05502E-15  1.40475E-15
  1.775E+02  9.99524E-01  1.02738E-14  7.42268E-15  1.71239E-15  1.17056E-15
  1.780E+02  9.99695E-01  1.02585E-14  7.41229E-15  1.36983E-15  9.36403E-16
  1.785E+02  9.99829E-01  1.02467E-14  7.40424E-15  1.02732E-15  7.02276E-16
  1.790E+02  9.99924E-01  1.02385E-14  7.39851E-15  6.84858E-16  4.68171E-16
  1.795E+02  9.99981E-01  1.02336E-14  7.39509E-15  3.42421E-16  2.34082E-16
  1.800E+02  1.00000E+00  1.02322E-14  7.39396E-15  4.80530E-30  3.28495E-30
