 #  Scattering field.
 #  All quantities in atomic units (a.u.), unless otherwise indicated.
 #  Z =   6, NELEC =   6,   projectile: electron
 #  Kinetic energy = 1.35973E+05 a.u. = 3.70000E+06 eV
 #
 #   i       r           r*V         r*Vst        r*Vex       r*Vpol       r*Wabs        rho_e
 #------------------------------------------------------------------------------------------------
     1  0.00000E+00 -0.00000E+00 -0.00000E+00  0.00000E+00  0.00000E+00  0.00000E+00  1.29738E+02
     2  1.15865E-07 -1.75548E-02 -1.75548E-02 -6.05634E-11  0.00000E+00  0.00000E+00  1.29738E+02
     3  2.34630E-07 -3.55489E-02 -3.55489E-02 -1.22639E-10  0.00000E+00  0.00000E+00  1.29734E+02
     4  3.56368E-07 -5.39928E-02 -5.39928E-02 -1.86265E-10  0.00000E+00  0.00000E+00  1.29729E+02
     5  4.81151E-07 -7.28976E-02 -7.28976E-02 -2.51479E-10  0.00000E+00  0.00000E+00  1.29725E+02
     6  6.09057E-07 -9.22745E-02 -9.22745E-02 -3.18321E-10  0.00000E+00  0.00000E+00  1.29721E+02
     7  7.40163E-07 -1.12135E-01 -1.12135E-01 -3.86832E-10  0.00000E+00  0.00000E+00  1.29717E+02
     8  8.74550E-07 -1.32491E-01 -1.32491E-01 -4.57053E-10  0.00000E+00  0.00000E+00  1.29712E+02
     9  1.01230E-06 -1.53354E-01 -1.53354E-01 -5.29028E-10  0.00000E+00  0.00000E+00  1.29708E+02
    10  1.15350E-06 -1.74737E-01 -1.74737E-01 -6.02801E-10  0.00000E+00  0.00000E+00  1.29703E+02
    11  1.29822E-06 -1.96652E-01 -1.96652E-01 -6.78417E-10  0.00000E+00  0.00000E+00  1.29699E+02
    12  1.44658E-06 -2.19112E-01 -2.19112E-01 -7.55922E-10  0.00000E+00  0.00000E+00  1.29694E+02
    13  1.59864E-06 -2.42130E-01 -2.42130E-01 -8.35364E-10  0.00000E+00  0.00000E+00  1.29689E+02
    14  1.75450E-06 -2.65719E-01 -2.65719E-01 -9.16791E-10  0.00000E+00  0.00000E+00  1.29685E+02
    15  1.91427E-06 -2.89893E-01 -2.89893E-01 -1.00025E-09  0.00000E+00  0.00000E+00  1.29680E+02
    16  2.07804E-06 -3.14666E-01 -3.14666E-01 -1.08580E-09  0.00000E+00  0.00000E+00  1.29675E+02
    17  2.24590E-06 -3.40052E-01 -3.40052E-01 -1.17349E-09  0.00000E+00  0.00000E+00  1.29670E+02
    18  2.41796E-06 -3.66066E-01 -3.66066E-01 -1.26337E-09  0.00000E+00  0.00000E+00  1.29665E+02
    19  2.59433E-06 -3.92721E-01 -3.92721E-01 -1.35550E-09  0.00000E+00  0.00000E+00  1.29660E+02
    20  2.77511E-06 -4.20033E-01 -4.20033E-01 -1.44994E-09  0.00000E+00  0.00000E+00  1.29656E+02
    21  2.96042E-06 -4.48017E-01 -4.48017E-01 -1.54674E-09  0.00000E+00  0.00000E+00  1.29651E+02
    22  3.15036E-06 -4.76689E-01 -4.76689E-01 -1.64597E-09  0.00000E+00  0.00000E+00  1.29645E+02
    23  3.34505E-06 -5.06065E-01 -5.06065E-01 -1.74768E-09  0.00000E+00  0.00000E+00  1.29640E+02
    24  3.54462E-06 -5.36159E-01 -5.36159E-01 -1.85193E-09  0.00000E+00  0.00000E+00  1.29635E+02
    25  3.74918E-06 -5.66989E-01 -5.66989E-01 -1.95881E-09  0.00000E+00  0.00000E+00  1.29630E+02
    26  3.95886E-06 -5.98571E-01 -5.98571E-01 -2.06836E-09  0.00000E+00  0.00000E+00  1.29625E+02
    27  4.17378E-06 -6.30921E-01 -6.30921E-01 -2.18066E-09  0.00000E+00  0.00000E+00  1.29620E+02
    28  4.39408E-06 -6.64057E-01 -6.64057E-01 -2.29578E-09  0.00000E+00  0.00000E+00  1.29615E+02
    29  4.61990E-06 -6.97996E-01 -6.97996E-01 -2.41379E-09  0.00000E+00  0.00000E+00  1.29610E+02
    30  4.85136E-06 -7.32754E-01 -7.32754E-01 -2.53477E-09  0.00000E+00  0.00000E+00  1.29604E+02
    31  5.08862E-06 -7.68350E-01 -7.68350E-01 -2.65879E-09  0.00000E+00  0.00000E+00  1.29599E+02
    32  5.33181E-06 -8.04802E-01 -8.04802E-01 -2.78592E-09  0.00000E+00  0.00000E+00  1.29594E+02
    33  5.58109E-06 -8.42126E-01 -8.42126E-01 -2.91626E-09  0.00000E+00  0.00000E+00  1.29589E+02
    34  5.83661E-06 -8.80341E-01 -8.80341E-01 -3.04988E-09  0.00000E+00  0.00000E+00  1.29584E+02
    35  6.09851E-06 -9.19465E-01 -9.19465E-01 -3.18687E-09  0.00000E+00  0.00000E+00  1.29579E+02
    36  6.36698E-06 -9.59517E-01 -9.59517E-01 -3.32731E-09  0.00000E+00  0.00000E+00  1.29574E+02
    37  6.64216E-06 -1.00051E+00 -1.00051E+00 -3.47130E-09  0.00000E+00  0.00000E+00  1.29569E+02
    38  6.92422E-06 -1.04247E+00 -1.04247E+00 -3.61892E-09  0.00000E+00  0.00000E+00  1.29563E+02
    39  7.21335E-06 -1.08542E+00 -1.08542E+00 -3.77028E-09  0.00000E+00  0.00000E+00  1.29559E+02
    40  7.50970E-06 -1.12936E+00 -1.12936E+00 -3.92547E-09  0.00000E+00  0.00000E+00  1.29554E+02
    41  7.81348E-06 -1.17432E+00 -1.17432E+00 -4.08459E-09  0.00000E+00  0.00000E+00  1.29549E+02
    42  8.12485E-06 -1.22032E+00 -1.22032E+00 -4.24774E-09  0.00000E+00  0.00000E+00  1.29544E+02
    43  8.44401E-06 -1.26737E+00 -1.26737E+00 -4.41504E-09  0.00000E+00  0.00000E+00  1.29539E+02
    44  8.77117E-06 -1.31549E+00 -1.31549E+00 -4.58659E-09  0.00000E+00  0.00000E+00  1.29534E+02
    45  9.10650E-06 -1.36470E+00 -1.36470E+00 -4.76250E-09  0.00000E+00  0.00000E+00  1.29530E+02
    46  9.45023E-06 -1.41502E+00 -1.41502E+00 -4.94289E-09  0.00000E+00  0.00000E+00  1.29525E+02
    47  9.80256E-06 -1.46645E+00 -1.46645E+00 -5.12789E-09  0.00000E+00  0.00000E+00  1.29521E+02
    48  1.01637E-05 -1.51903E+00 -1.51903E+00 -5.31761E-09  0.00000E+00  0.00000E+00  1.29517E+02
    49  1.05339E-05 -1.57276E+00 -1.57276E+00 -5.51218E-09  0.00000E+00  0.00000E+00  1.29513E+02
    50  1.09133E-05 -1.62765E+00 -1.62765E+00 -5.71174E-09  0.00000E+00  0.00000E+00  1.29508E+02
    51  1.13023E-05 -1.68373E+00 -1.68373E+00 -5.91642E-09  0.00000E+00  0.00000E+00  1.29505E+02
    52  1.17009E-05 -1.74100E+00 -1.74100E+00 -6.12636E-09  0.00000E+00  0.00000E+00  1.29501E+02
    53  1.21096E-05 -1.79948E+00 -1.79948E+00 -6.34171E-09  0.00000E+00  0.00000E+00  1.29497E+02
    54  1.25284E-05 -1.85918E+00 -1.85918E+00 -6.56261E-09  0.00000E+00  0.00000E+00  1.29494E+02
    55  1.29578E-05 -1.92010E+00 -1.92010E+00 -6.78921E-09  0.00000E+00  0.00000E+00  1.29490E+02
    56  1.33979E-05 -1.98226E+00 -1.98226E+00 -7.02169E-09  0.00000E+00  0.00000E+00  1.29487E+02
    57  1.38490E-05 -2.04565E+00 -2.04565E+00 -7.26020E-09  0.00000E+00  0.00000E+00  1.29484E+02
    58  1.43114E-05 -2.11030E+00 -2.11030E+00 -7.50490E-09  0.00000E+00  0.00000E+00  1.29481E+02
    59  1.47854E-05 -2.17619E+00 -2.17619E+00 -7.75599E-09  0.00000E+00  0.00000E+00  1.29478E+02
    60  1.52712E-05 -2.24332E+00 -2.24332E+00 -8.01363E-09  0.00000E+00  0.00000E+00  1.29476E+02
    61  1.57692E-05 -2.31171E+00 -2.31171E+00 -8.27802E-09  0.00000E+00  0.00000E+00  1.29473E+02
    62  1.62796E-05 -2.38133E+00 -2.38133E+00 -8.54936E-09  0.00000E+00  0.00000E+00  1.29471E+02
    63  1.68028E-05 -2.45219E+00 -2.45219E+00 -8.82783E-09  0.00000E+00  0.00000E+00  1.29469E+02
    64  1.73391E-05 -2.52428E+00 -2.52428E+00 -9.11365E-09  0.00000E+00  0.00000E+00  1.29467E+02
    65  1.78888E-05 -2.59757E+00 -2.59757E+00 -9.40703E-09  0.00000E+00  0.00000E+00  1.29465E+02
    66  1.84523E-05 -2.67206E+00 -2.67206E+00 -9.70820E-09  0.00000E+00  0.00000E+00  1.29463E+02
    67  1.90299E-05 -2.74772E+00 -2.74772E+00 -1.00174E-08  0.00000E+00  0.00000E+00  1.29462E+02
    68  1.96219E-05 -2.82452E+00 -2.82452E+00 -1.03348E-08  0.00000E+00  0.00000E+00  1.29460E+02
    69  2.02288E-05 -2.90244E+00 -2.90244E+00 -1.06608E-08  0.00000E+00  0.00000E+00  1.29459E+02
    70  2.08508E-05 -2.98143E+00 -2.98143E+00 -1.09955E-08  0.00000E+00  0.00000E+00  1.29457E+02
    71  2.14884E-05 -3.06147E+00 -3.06147E+00 -1.13392E-08  0.00000E+00  0.00000E+00  1.29456E+02
    72  2.21419E-05 -3.14249E+00 -3.14249E+00 -1.16922E-08  0.00000E+00  0.00000E+00  1.29455E+02
    73  2.28118E-05 -3.22445E+00 -3.22445E+00 -1.20549E-08  0.00000E+00  0.00000E+00  1.29453E+02
    74  2.34985E-05 -3.30730E+00 -3.30730E+00 -1.24274E-08  0.00000E+00  0.00000E+00  1.29452E+02
    75  2.42023E-05 -3.39095E+00 -3.39095E+00 -1.28100E-08  0.00000E+00  0.00000E+00  1.29450E+02
    76  2.49238E-05 -3.47534E+00 -3.47534E+00 -1.32032E-08  0.00000E+00  0.00000E+00  1.29449E+02
    77  2.56633E-05 -3.56040E+00 -3.56040E+00 -1.36073E-08  0.00000E+00  0.00000E+00  1.29447E+02
    78  2.64213E-05 -3.64601E+00 -3.64601E+00 -1.40225E-08  0.00000E+00  0.00000E+00  1.29445E+02
    79  2.71982E-05 -3.73210E+00 -3.73210E+00 -1.44494E-08  0.00000E+00  0.00000E+00  1.29444E+02
    80  2.79947E-05 -3.81855E+00 -3.81855E+00 -1.48881E-08  0.00000E+00  0.00000E+00  1.29442E+02
    81  2.88110E-05 -3.90525E+00 -3.90525E+00 -1.53392E-08  0.00000E+00  0.00000E+00  1.29440E+02
    82  2.96478E-05 -3.99207E+00 -3.99207E+00 -1.58030E-08  0.00000E+00  0.00000E+00  1.29437E+02
    83  3.05055E-05 -4.07888E+00 -4.07888E+00 -1.62799E-08  0.00000E+00  0.00000E+00  1.29435E+02
    84  3.13846E-05 -4.16553E+00 -4.16553E+00 -1.67705E-08  0.00000E+00  0.00000E+00  1.29433E+02
    85  3.22858E-05 -4.25187E+00 -4.25187E+00 -1.72751E-08  0.00000E+00  0.00000E+00  1.29430E+02
    86  3.32095E-05 -4.33774E+00 -4.33774E+00 -1.77942E-08  0.00000E+00  0.00000E+00  1.29428E+02
    87  3.41564E-05 -4.42297E+00 -4.42297E+00 -1.83283E-08  0.00000E+00  0.00000E+00  1.29425E+02
    88  3.51269E-05 -4.50737E+00 -4.50737E+00 -1.88780E-08  0.00000E+00  0.00000E+00  1.29422E+02
    89  3.61217E-05 -4.59077E+00 -4.59077E+00 -1.94437E-08  0.00000E+00  0.00000E+00  1.29419E+02
    90  3.71414E-05 -4.67296E+00 -4.67296E+00 -2.00259E-08  0.00000E+00  0.00000E+00  1.29416E+02
    91  3.81866E-05 -4.75377E+00 -4.75377E+00 -2.06252E-08  0.00000E+00  0.00000E+00  1.29413E+02
    92  3.92579E-05 -4.83297E+00 -4.83297E+00 -2.12423E-08  0.00000E+00  0.00000E+00  1.29410E+02
    93  4.03561E-05 -4.91039E+00 -4.91039E+00 -2.18776E-08  0.00000E+00  0.00000E+00  1.29406E+02
    94  4.14818E-05 -4.98580E+00 -4.98580E+00 -2.25318E-08  0.00000E+00  0.00000E+00  1.29402E+02
    95  4.26356E-05 -5.05903E+00 -5.05903E+00 -2.32054E-08  0.00000E+00  0.00000E+00  1.29398E+02
    96  4.38183E-05 -5.12988E+00 -5.12988E+00 -2.38991E-08  0.00000E+00  0.00000E+00  1.29394E+02
    97  4.50305E-05 -5.19817E+00 -5.19817E+00 -2.46135E-08  0.00000E+00  0.00000E+00  1.29390E+02
    98  4.62731E-05 -5.26374E+00 -5.26374E+00 -2.53492E-08  0.00000E+00  0.00000E+00  1.29386E+02
    99  4.75468E-05 -5.32644E+00 -5.32644E+00 -2.61069E-08  0.00000E+00  0.00000E+00  1.29381E+02
   100  4.88524E-05 -5.38613E+00 -5.38613E+00 -2.68871E-08  0.00000E+00  0.00000E+00  1.29377E+02
   101  5.01906E-05 -5.44271E+00 -5.44271E+00 -2.76905E-08  0.00000E+00  0.00000E+00  1.29372E+02
   102  5.15624E-05 -5.49609E+00 -5.49609E+00 -2.85178E-08  0.00000E+00  0.00000E+00  1.29367E+02
   103  5.29684E-05 -5.54622E+00 -5.54622E+00 -2.93695E-08  0.00000E+00  0.00000E+00  1.29361E+02
   104  5.44096E-05 -5.59305E+00 -5.59305E+00 -3.02463E-08  0.00000E+00  0.00000E+00  1.29356E+02
   105  5.58869E-05 -5.63660E+00 -5.63660E+00 -3.11488E-08  0.00000E+00  0.00000E+00  1.29350E+02
   106  5.74012E-05 -5.67687E+00 -5.67687E+00 -3.20775E-08  0.00000E+00  0.00000E+00  1.29344E+02
   107  5.89533E-05 -5.71393E+00 -5.71393E+00 -3.30331E-08  0.00000E+00  0.00000E+00  1.29338E+02
   108  6.05443E-05 -5.74786E+00 -5.74786E+00 -3.40161E-08  0.00000E+00  0.00000E+00  1.29332E+02
   109  6.21751E-05 -5.77874E+00 -5.77874E+00 -3.50272E-08  0.00000E+00  0.00000E+00  1.29326E+02
   110  6.38467E-05 -5.80671E+00 -5.80671E+00 -3.60669E-08  0.00000E+00  0.00000E+00  1.29319E+02
   111  6.55601E-05 -5.83190E+00 -5.83190E+00 -3.71357E-08  0.00000E+00  0.00000E+00  1.29313E+02
   112  6.73164E-05 -5.85447E+00 -5.85447E+00 -3.82344E-08  0.00000E+00  0.00000E+00  1.29306E+02
   113  6.91166E-05 -5.87457E+00 -5.87457E+00 -3.93634E-08  0.00000E+00  0.00000E+00  1.29299E+02
   114  7.09619E-05 -5.89239E+00 -5.89239E+00 -4.05234E-08  0.00000E+00  0.00000E+00  1.29291E+02
   115  7.28534E-05 -5.90809E+00 -5.90809E+00 -4.17150E-08  0.00000E+00  0.00000E+00  1.29284E+02
   116  7.47922E-05 -5.92185E+00 -5.92185E+00 -4.29387E-08  0.00000E+00  0.00000E+00  1.29277E+02
   117  7.67794E-05 -5.93384E+00 -5.93384E+00 -4.41953E-08  0.00000E+00  0.00000E+00  1.29269E+02
   118  7.88165E-05 -5.94424E+00 -5.94424E+00 -4.54853E-08  0.00000E+00  0.00000E+00  1.29261E+02
   119  8.09045E-05 -5.95320E+00 -5.95320E+00 -4.68096E-08  0.00000E+00  0.00000E+00  1.29253E+02
   120  8.30447E-05 -5.96087E+00 -5.96087E+00 -4.81686E-08  0.00000E+00  0.00000E+00  1.29245E+02
   121  8.52385E-05 -5.96742E+00 -5.96742E+00 -4.95633E-08  0.00000E+00  0.00000E+00  1.29237E+02
   122  8.74871E-05 -5.97296E+00 -5.97296E+00 -5.09943E-08  0.00000E+00  0.00000E+00  1.29228E+02
   123  8.97921E-05 -5.97762E+00 -5.97762E+00 -5.24624E-08  0.00000E+00  0.00000E+00  1.29220E+02
   124  9.21547E-05 -5.98153E+00 -5.98153E+00 -5.39685E-08  0.00000E+00  0.00000E+00  1.29211E+02
   125  9.45764E-05 -5.98478E+00 -5.98478E+00 -5.55133E-08  0.00000E+00  0.00000E+00  1.29202E+02
   126  9.70587E-05 -5.98746E+00 -5.98746E+00 -5.70977E-08  0.00000E+00  0.00000E+00  1.29193E+02
   127  9.96032E-05 -5.98966E+00 -5.98966E+00 -5.87226E-08  0.00000E+00  0.00000E+00  1.29184E+02
   128  1.02211E-04 -5.99145E+00 -5.99145E+00 -6.03890E-08  0.00000E+00  0.00000E+00  1.29175E+02
   129  1.04885E-04 -5.99290E+00 -5.99290E+00 -6.20978E-08  0.00000E+00  0.00000E+00  1.29165E+02
   130  1.07625E-04 -5.99406E+00 -5.99406E+00 -6.38500E-08  0.00000E+00  0.00000E+00  1.29156E+02
   131  1.10434E-04 -5.99499E+00 -5.99499E+00 -6.56466E-08  0.00000E+00  0.00000E+00  1.29146E+02
   132  1.13313E-04 -5.99571E+00 -5.99571E+00 -6.74887E-08  0.00000E+00  0.00000E+00  1.29136E+02
   133  1.16264E-04 -5.99628E+00 -5.99628E+00 -6.93773E-08  0.00000E+00  0.00000E+00  1.29126E+02
   134  1.19289E-04 -5.99671E+00 -5.99671E+00 -7.13136E-08  0.00000E+00  0.00000E+00  1.29116E+02
   135  1.22390E-04 -5.99704E+00 -5.99704E+00 -7.32987E-08  0.00000E+00  0.00000E+00  1.29106E+02
   136  1.25568E-04 -5.99728E+00 -5.99728E+00 -7.53337E-08  0.00000E+00  0.00000E+00  1.29095E+02
   137  1.28826E-04 -5.99746E+00 -5.99746E+00 -7.74200E-08  0.00000E+00  0.00000E+00  1.29085E+02
   138  1.32165E-04 -5.99758E+00 -5.99758E+00 -7.95588E-08  0.00000E+00  0.00000E+00  1.29074E+02
   139  1.35588E-04 -5.99766E+00 -5.99766E+00 -8.17513E-08  0.00000E+00  0.00000E+00  1.29063E+02
   140  1.39096E-04 -5.99770E+00 -5.99770E+00 -8.39988E-08  0.00000E+00  0.00000E+00  1.29052E+02
   141  1.42692E-04 -5.99772E+00 -5.99772E+00 -8.63027E-08  0.00000E+00  0.00000E+00  1.29041E+02
   142  1.46379E-04 -5.99772E+00 -5.99772E+00 -8.86645E-08  0.00000E+00  0.00000E+00  1.29029E+02
   143  1.50157E-04 -5.99770E+00 -5.99770E+00 -9.10854E-08  0.00000E+00  0.00000E+00  1.29018E+02
   144  1.54030E-04 -5.99767E+00 -5.99767E+00 -9.35669E-08  0.00000E+00  0.00000E+00  1.29006E+02
   145  1.58000E-04 -5.99763E+00 -5.99763E+00 -9.61106E-08  0.00000E+00  0.00000E+00  1.28994E+02
   146  1.62069E-04 -5.99759E+00 -5.99759E+00 -9.87180E-08  0.00000E+00  0.00000E+00  1.28982E+02
   147  1.66241E-04 -5.99754E+00 -5.99754E+00 -1.01391E-07  0.00000E+00  0.00000E+00  1.28970E+02
   148  1.70516E-04 -5.99748E+00 -5.99748E+00 -1.04130E-07  0.00000E+00  0.00000E+00  1.28957E+02
   149  1.74898E-04 -5.99742E+00 -5.99742E+00 -1.06938E-07  0.00000E+00  0.00000E+00  1.28945E+02
   150  1.79390E-04 -5.99736E+00 -5.99736E+00 -1.09816E-07  0.00000E+00  0.00000E+00  1.28932E+02
   151  1.83995E-04 -5.99729E+00 -5.99729E+00 -1.12766E-07  0.00000E+00  0.00000E+00  1.28919E+02
   152  1.88715E-04 -5.99723E+00 -5.99723E+00 -1.15790E-07  0.00000E+00  0.00000E+00  1.28906E+02
   153  1.93552E-04 -5.99716E+00 -5.99716E+00 -1.18889E-07  0.00000E+00  0.00000E+00  1.28892E+02
   154  1.98511E-04 -5.99708E+00 -5.99708E+00 -1.22065E-07  0.00000E+00  0.00000E+00  1.28879E+02
   155  2.03594E-04 -5.99701E+00 -5.99701E+00 -1.25321E-07  0.00000E+00  0.00000E+00  1.28865E+02
   156  2.08804E-04 -5.99693E+00 -5.99693E+00 -1.28658E-07  0.00000E+00  0.00000E+00  1.28851E+02
   157  2.14145E-04 -5.99685E+00 -5.99685E+00 -1.32078E-07  0.00000E+00  0.00000E+00  1.28837E+02
   158  2.19619E-04 -5.99677E+00 -5.99677E+00 -1.35584E-07  0.00000E+00  0.00000E+00  1.28823E+02
   159  2.25230E-04 -5.99669E+00 -5.99669E+00 -1.39177E-07  0.00000E+00  0.00000E+00  1.28808E+02
   160  2.30981E-04 -5.99661E+00 -5.99661E+00 -1.42859E-07  0.00000E+00  0.00000E+00  1.28793E+02
   161  2.36877E-04 -5.99652E+00 -5.99652E+00 -1.46633E-07  0.00000E+00  0.00000E+00  1.28778E+02
   162  2.42919E-04 -5.99643E+00 -5.99643E+00 -1.50501E-07  0.00000E+00  0.00000E+00  1.28763E+02
   163  2.49113E-04 -5.99634E+00 -5.99634E+00 -1.54465E-07  0.00000E+00  0.00000E+00  1.28747E+02
   164  2.55462E-04 -5.99625E+00 -5.99625E+00 -1.58528E-07  0.00000E+00  0.00000E+00  1.28732E+02
   165  2.61970E-04 -5.99615E+00 -5.99615E+00 -1.62692E-07  0.00000E+00  0.00000E+00  1.28716E+02
   166  2.68641E-04 -5.99605E+00 -5.99605E+00 -1.66959E-07  0.00000E+00  0.00000E+00  1.28699E+02
   167  2.75479E-04 -5.99595E+00 -5.99595E+00 -1.71333E-07  0.00000E+00  0.00000E+00  1.28683E+02
   168  2.82487E-04 -5.99585E+00 -5.99585E+00 -1.75815E-07  0.00000E+00  0.00000E+00  1.28666E+02
   169  2.89671E-04 -5.99575E+00 -5.99574E+00 -1.80408E-07  0.00000E+00  0.00000E+00  1.28649E+02
   170  2.97035E-04 -5.99564E+00 -5.99564E+00 -1.85116E-07  0.00000E+00  0.00000E+00  1.28632E+02
   171  3.04583E-04 -5.99553E+00 -5.99553E+00 -1.89941E-07  0.00000E+00  0.00000E+00  1.28614E+02
   172  3.12320E-04 -5.99541E+00 -5.99541E+00 -1.94885E-07  0.00000E+00  0.00000E+00  1.28596E+02
   173  3.20251E-04 -5.99530E+00 -5.99530E+00 -1.99952E-07  0.00000E+00  0.00000E+00  1.28578E+02
   174  3.28380E-04 -5.99518E+00 -5.99518E+00 -2.05145E-07  0.00000E+00  0.00000E+00  1.28559E+02
   175  3.36712E-04 -5.99505E+00 -5.99505E+00 -2.10467E-07  0.00000E+00  0.00000E+00  1.28540E+02
   176  3.45253E-04 -5.99493E+00 -5.99493E+00 -2.15921E-07  0.00000E+00  0.00000E+00  1.28521E+02
   177  3.54007E-04 -5.99480E+00 -5.99480E+00 -2.21509E-07  0.00000E+00  0.00000E+00  1.28502E+02
   178  3.62981E-04 -5.99467E+00 -5.99467E+00 -2.27237E-07  0.00000E+00  0.00000E+00  1.28482E+02
   179  3.72179E-04 -5.99453E+00 -5.99453E+00 -2.33106E-07  0.00000E+00  0.00000E+00  1.28462E+02
   180  3.81607E-04 -5.99439E+00 -5.99439E+00 -2.39121E-07  0.00000E+00  0.00000E+00  1.28441E+02
   181  3.91271E-04 -5.99425E+00 -5.99425E+00 -2.45285E-07  0.00000E+00  0.00000E+00  1.28420E+02
   182  4.01177E-04 -5.99411E+00 -5.99411E+00 -2.51601E-07  0.00000E+00  0.00000E+00  1.28399E+02
   183  4.11331E-04 -5.99396E+00 -5.99396E+00 -2.58073E-07  0.00000E+00  0.00000E+00  1.28377E+02
   184  4.21738E-04 -5.99381E+00 -5.99381E+00 -2.64706E-07  0.00000E+00  0.00000E+00  1.28355E+02
   185  4.32407E-04 -5.99365E+00 -5.99365E+00 -2.71503E-07  0.00000E+00  0.00000E+00  1.28333E+02
   186  4.43342E-04 -5.99349E+00 -5.99349E+00 -2.78468E-07  0.00000E+00  0.00000E+00  1.28310E+02
   187  4.54550E-04 -5.99332E+00 -5.99332E+00 -2.85605E-07  0.00000E+00  0.00000E+00  1.28286E+02
   188  4.66040E-04 -5.99315E+00 -5.99315E+00 -2.92918E-07  0.00000E+00  0.00000E+00  1.28263E+02
   189  4.77816E-04 -5.99298E+00 -5.99298E+00 -3.00412E-07  0.00000E+00  0.00000E+00  1.28239E+02
   190  4.89887E-04 -5.99280E+00 -5.99280E+00 -3.08091E-07  0.00000E+00  0.00000E+00  1.28214E+02
   191  5.02261E-04 -5.99262E+00 -5.99262E+00 -3.15960E-07  0.00000E+00  0.00000E+00  1.28189E+02
   192  5.14944E-04 -5.99244E+00 -5.99244E+00 -3.24023E-07  0.00000E+00  0.00000E+00  1.28163E+02
   193  5.27944E-04 -5.99225E+00 -5.99224E+00 -3.32284E-07  0.00000E+00  0.00000E+00  1.28137E+02
   194  5.41269E-04 -5.99205E+00 -5.99205E+00 -3.40750E-07  0.00000E+00  0.00000E+00  1.28111E+02
   195  5.54928E-04 -5.99185E+00 -5.99185E+00 -3.49424E-07  0.00000E+00  0.00000E+00  1.28084E+02
   196  5.68929E-04 -5.99164E+00 -5.99164E+00 -3.58312E-07  0.00000E+00  0.00000E+00  1.28056E+02
   197  5.83279E-04 -5.99143E+00 -5.99143E+00 -3.67419E-07  0.00000E+00  0.00000E+00  1.28028E+02
   198  5.97989E-04 -5.99122E+00 -5.99122E+00 -3.76750E-07  0.00000E+00  0.00000E+00  1.27999E+02
   199  6.13067E-04 -5.99100E+00 -5.99099E+00 -3.86311E-07  0.00000E+00  0.00000E+00  1.27970E+02
   200  6.28522E-04 -5.99077E+00 -5.99077E+00 -3.96107E-07  0.00000E+00  0.00000E+00  1.27940E+02
   201  6.44364E-04 -5.99054E+00 -5.99053E+00 -4.06144E-07  0.00000E+00  0.00000E+00  1.27910E+02
   202  6.60603E-04 -5.99030E+00 -5.99030E+00 -4.16427E-07  0.00000E+00  0.00000E+00  1.27879E+02
   203  6.77247E-04 -5.99005E+00 -5.99005E+00 -4.26964E-07  0.00000E+00  0.00000E+00  1.27848E+02
   204  6.94308E-04 -5.98980E+00 -5.98980E+00 -4.37759E-07  0.00000E+00  0.00000E+00  1.27815E+02
   205  7.11796E-04 -5.98954E+00 -5.98954E+00 -4.48819E-07  0.00000E+00  0.00000E+00  1.27783E+02
   206  7.29721E-04 -5.98928E+00 -5.98928E+00 -4.60151E-07  0.00000E+00  0.00000E+00  1.27749E+02
   207  7.48095E-04 -5.98901E+00 -5.98901E+00 -4.71760E-07  0.00000E+00  0.00000E+00  1.27715E+02
   208  7.66928E-04 -5.98874E+00 -5.98873E+00 -4.83655E-07  0.00000E+00  0.00000E+00  1.27680E+02
   209  7.86233E-04 -5.98845E+00 -5.98845E+00 -4.95840E-07  0.00000E+00  0.00000E+00  1.27644E+02
   210  8.06020E-04 -5.98816E+00 -5.98816E+00 -5.08325E-07  0.00000E+00  0.00000E+00  1.27608E+02
   211  8.26303E-04 -5.98786E+00 -5.98786E+00 -5.21114E-07  0.00000E+00  0.00000E+00  1.27571E+02
   212  8.47093E-04 -5.98756E+00 -5.98756E+00 -5.34217E-07  0.00000E+00  0.00000E+00  1.27533E+02
   213  8.68404E-04 -5.98724E+00 -5.98724E+00 -5.47640E-07  0.00000E+00  0.00000E+00  1.27494E+02
   214  8.90247E-04 -5.98692E+00 -5.98692E+00 -5.61392E-07  0.00000E+00  0.00000E+00  1.27455E+02
   215  9.12637E-04 -5.98659E+00 -5.98659E+00 -5.75479E-07  0.00000E+00  0.00000E+00  1.27415E+02
   216  9.35587E-04 -5.98626E+00 -5.98626E+00 -5.89910E-07  0.00000E+00  0.00000E+00  1.27374E+02
   217  9.59111E-04 -5.98591E+00 -5.98591E+00 -6.04693E-07  0.00000E+00  0.00000E+00  1.27332E+02
   218  9.83224E-04 -5.98556E+00 -5.98556E+00 -6.19837E-07  0.00000E+00  0.00000E+00  1.27289E+02
   219  1.00794E-03 -5.98520E+00 -5.98519E+00 -6.35350E-07  0.00000E+00  0.00000E+00  1.27245E+02
   220  1.03327E-03 -5.98482E+00 -5.98482E+00 -6.51240E-07  0.00000E+00  0.00000E+00  1.27200E+02
   221  1.05924E-03 -5.98444E+00 -5.98444E+00 -6.67517E-07  0.00000E+00  0.00000E+00  1.27155E+02
   222  1.08586E-03 -5.98405E+00 -5.98405E+00 -6.84191E-07  0.00000E+00  0.00000E+00  1.27108E+02
   223  1.11314E-03 -5.98365E+00 -5.98365E+00 -7.01269E-07  0.00000E+00  0.00000E+00  1.27060E+02
   224  1.14111E-03 -5.98324E+00 -5.98324E+00 -7.18762E-07  0.00000E+00  0.00000E+00  1.27012E+02
   225  1.16978E-03 -5.98282E+00 -5.98282E+00 -7.36680E-07  0.00000E+00  0.00000E+00  1.26962E+02
   226  1.19916E-03 -5.98239E+00 -5.98239E+00 -7.55032E-07  0.00000E+00  0.00000E+00  1.26911E+02
   227  1.22928E-03 -5.98194E+00 -5.98194E+00 -7.73829E-07  0.00000E+00  0.00000E+00  1.26860E+02
   228  1.26015E-03 -5.98149E+00 -5.98149E+00 -7.93081E-07  0.00000E+00  0.00000E+00  1.26807E+02
   229  1.29179E-03 -5.98103E+00 -5.98103E+00 -8.12799E-07  0.00000E+00  0.00000E+00  1.26752E+02
   230  1.32423E-03 -5.98055E+00 -5.98055E+00 -8.32994E-07  0.00000E+00  0.00000E+00  1.26697E+02
   231  1.35748E-03 -5.98006E+00 -5.98006E+00 -8.53677E-07  0.00000E+00  0.00000E+00  1.26641E+02
   232  1.39155E-03 -5.97956E+00 -5.97956E+00 -8.74858E-07  0.00000E+00  0.00000E+00  1.26583E+02
   233  1.42649E-03 -5.97905E+00 -5.97905E+00 -8.96551E-07  0.00000E+00  0.00000E+00  1.26524E+02
   234  1.46229E-03 -5.97852E+00 -5.97852E+00 -9.18766E-07  0.00000E+00  0.00000E+00  1.26464E+02
   235  1.49899E-03 -5.97798E+00 -5.97798E+00 -9.41516E-07  0.00000E+00  0.00000E+00  1.26402E+02
   236  1.53661E-03 -5.97743E+00 -5.97743E+00 -9.64813E-07  0.00000E+00  0.00000E+00  1.26339E+02
   237  1.57517E-03 -5.97686E+00 -5.97686E+00 -9.88669E-07  0.00000E+00  0.00000E+00  1.26274E+02
   238  1.61470E-03 -5.97628E+00 -5.97628E+00 -1.01310E-06  0.00000E+00  0.00000E+00  1.26209E+02
   239  1.65521E-03 -5.97569E+00 -5.97569E+00 -1.03811E-06  0.00000E+00  0.00000E+00  1.26141E+02
   240  1.69674E-03 -5.97508E+00 -5.97508E+00 -1.06373E-06  0.00000E+00  0.00000E+00  1.26073E+02
   241  1.73930E-03 -5.97445E+00 -5.97445E+00 -1.08995E-06  0.00000E+00  0.00000E+00  1.26002E+02
   242  1.78293E-03 -5.97381E+00 -5.97381E+00 -1.11681E-06  0.00000E+00  0.00000E+00  1.25930E+02
   243  1.82765E-03 -5.97316E+00 -5.97315E+00 -1.14430E-06  0.00000E+00  0.00000E+00  1.25857E+02
   244  1.87349E-03 -5.97248E+00 -5.97248E+00 -1.17245E-06  0.00000E+00  0.00000E+00  1.25782E+02
   245  1.92048E-03 -5.97179E+00 -5.97179E+00 -1.20127E-06  0.00000E+00  0.00000E+00  1.25705E+02
   246  1.96864E-03 -5.97109E+00 -5.97108E+00 -1.23078E-06  0.00000E+00  0.00000E+00  1.25626E+02
   247  2.01801E-03 -5.97036E+00 -5.97036E+00 -1.26098E-06  0.00000E+00  0.00000E+00  1.25546E+02
   248  2.06861E-03 -5.96962E+00 -5.96962E+00 -1.29190E-06  0.00000E+00  0.00000E+00  1.25464E+02
   249  2.12048E-03 -5.96886E+00 -5.96885E+00 -1.32356E-06  0.00000E+00  0.00000E+00  1.25380E+02
   250  2.17365E-03 -5.96808E+00 -5.96807E+00 -1.35596E-06  0.00000E+00  0.00000E+00  1.25294E+02
   251  2.22814E-03 -5.96727E+00 -5.96727E+00 -1.38913E-06  0.00000E+00  0.00000E+00  1.25206E+02
   252  2.28400E-03 -5.96645E+00 -5.96645E+00 -1.42309E-06  0.00000E+00  0.00000E+00  1.25116E+02
   253  2.34125E-03 -5.96561E+00 -5.96561E+00 -1.45784E-06  0.00000E+00  0.00000E+00  1.25025E+02
   254  2.39994E-03 -5.96475E+00 -5.96475E+00 -1.49341E-06  0.00000E+00  0.00000E+00  1.24931E+02
   255  2.46010E-03 -5.96387E+00 -5.96387E+00 -1.52981E-06  0.00000E+00  0.00000E+00  1.24835E+02
   256  2.52176E-03 -5.96296E+00 -5.96296E+00 -1.56707E-06  0.00000E+00  0.00000E+00  1.24737E+02
   257  2.58496E-03 -5.96204E+00 -5.96203E+00 -1.60520E-06  0.00000E+00  0.00000E+00  1.24636E+02
   258  2.64974E-03 -5.96108E+00 -5.96108E+00 -1.64422E-06  0.00000E+00  0.00000E+00  1.24533E+02
   259  2.71615E-03 -5.96011E+00 -5.96011E+00 -1.68415E-06  0.00000E+00  0.00000E+00  1.24428E+02
   260  2.78421E-03 -5.95911E+00 -5.95911E+00 -1.72501E-06  0.00000E+00  0.00000E+00  1.24321E+02
   261  2.85398E-03 -5.95809E+00 -5.95808E+00 -1.76682E-06  0.00000E+00  0.00000E+00  1.24211E+02
   262  2.92549E-03 -5.95704E+00 -5.95703E+00 -1.80960E-06  0.00000E+00  0.00000E+00  1.24099E+02
   263  2.99879E-03 -5.95596E+00 -5.95596E+00 -1.85338E-06  0.00000E+00  0.00000E+00  1.23984E+02
   264  3.07392E-03 -5.95486E+00 -5.95485E+00 -1.89816E-06  0.00000E+00  0.00000E+00  1.23866E+02
   265  3.15093E-03 -5.95373E+00 -5.95372E+00 -1.94397E-06  0.00000E+00  0.00000E+00  1.23746E+02
   266  3.22987E-03 -5.95257E+00 -5.95256E+00 -1.99084E-06  0.00000E+00  0.00000E+00  1.23623E+02
   267  3.31079E-03 -5.95138E+00 -5.95138E+00 -2.03878E-06  0.00000E+00  0.00000E+00  1.23498E+02
   268  3.39372E-03 -5.95016E+00 -5.95016E+00 -2.08783E-06  0.00000E+00  0.00000E+00  1.23369E+02
   269  3.47873E-03 -5.94891E+00 -5.94891E+00 -2.13799E-06  0.00000E+00  0.00000E+00  1.23237E+02
   270  3.56587E-03 -5.94763E+00 -5.94763E+00 -2.18930E-06  0.00000E+00  0.00000E+00  1.23103E+02
   271  3.65518E-03 -5.94632E+00 -5.94632E+00 -2.24177E-06  0.00000E+00  0.00000E+00  1.22965E+02
   272  3.74673E-03 -5.94498E+00 -5.94498E+00 -2.29544E-06  0.00000E+00  0.00000E+00  1.22825E+02
   273  3.84057E-03 -5.94360E+00 -5.94360E+00 -2.35032E-06  0.00000E+00  0.00000E+00  1.22681E+02
   274  3.93676E-03 -5.94219E+00 -5.94219E+00 -2.40643E-06  0.00000E+00  0.00000E+00  1.22533E+02
   275  4.03535E-03 -5.94074E+00 -5.94074E+00 -2.46381E-06  0.00000E+00  0.00000E+00  1.22383E+02
   276  4.13640E-03 -5.93926E+00 -5.93926E+00 -2.52248E-06  0.00000E+00  0.00000E+00  1.22229E+02
   277  4.23998E-03 -5.93774E+00 -5.93774E+00 -2.58246E-06  0.00000E+00  0.00000E+00  1.22071E+02
   278  4.34616E-03 -5.93618E+00 -5.93618E+00 -2.64378E-06  0.00000E+00  0.00000E+00  1.21910E+02
   279  4.45498E-03 -5.93459E+00 -5.93458E+00 -2.70647E-06  0.00000E+00  0.00000E+00  1.21746E+02
   280  4.56653E-03 -5.93295E+00 -5.93295E+00 -2.77054E-06  0.00000E+00  0.00000E+00  1.21577E+02
   281  4.68087E-03 -5.93127E+00 -5.93127E+00 -2.83603E-06  0.00000E+00  0.00000E+00  1.21405E+02
   282  4.79807E-03 -5.92955E+00 -5.92955E+00 -2.90296E-06  0.00000E+00  0.00000E+00  1.21229E+02
   283  4.91819E-03 -5.92779E+00 -5.92779E+00 -2.97136E-06  0.00000E+00  0.00000E+00  1.21049E+02
   284  5.04132E-03 -5.92598E+00 -5.92598E+00 -3.04126E-06  0.00000E+00  0.00000E+00  1.20864E+02
   285  5.16753E-03 -5.92413E+00 -5.92413E+00 -3.11268E-06  0.00000E+00  0.00000E+00  1.20676E+02
   286  5.29690E-03 -5.92224E+00 -5.92223E+00 -3.18565E-06  0.00000E+00  0.00000E+00  1.20483E+02
   287  5.42949E-03 -5.92029E+00 -5.92029E+00 -3.26021E-06  0.00000E+00  0.00000E+00  1.20286E+02
   288  5.56541E-03 -5.91830E+00 -5.91829E+00 -3.33636E-06  0.00000E+00  0.00000E+00  1.20085E+02
   289  5.70472E-03 -5.91625E+00 -5.91625E+00 -3.41415E-06  0.00000E+00  0.00000E+00  1.19879E+02
   290  5.84751E-03 -5.91416E+00 -5.91416E+00 -3.49360E-06  0.00000E+00  0.00000E+00  1.19668E+02
   291  5.99388E-03 -5.91201E+00 -5.91201E+00 -3.57475E-06  0.00000E+00  0.00000E+00  1.19453E+02
   292  6.14390E-03 -5.90982E+00 -5.90981E+00 -3.65761E-06  0.00000E+00  0.00000E+00  1.19232E+02
   293  6.29767E-03 -5.90756E+00 -5.90756E+00 -3.74221E-06  0.00000E+00  0.00000E+00  1.19007E+02
   294  6.45529E-03 -5.90525E+00 -5.90525E+00 -3.82860E-06  0.00000E+00  0.00000E+00  1.18777E+02
   295  6.61685E-03 -5.90288E+00 -5.90288E+00 -3.91678E-06  0.00000E+00  0.00000E+00  1.18542E+02
   296  6.78244E-03 -5.90046E+00 -5.90045E+00 -4.00680E-06  0.00000E+00  0.00000E+00  1.18301E+02
   297  6.95218E-03 -5.89797E+00 -5.89797E+00 -4.09867E-06  0.00000E+00  0.00000E+00  1.18055E+02
   298  7.12615E-03 -5.89542E+00 -5.89542E+00 -4.19243E-06  0.00000E+00  0.00000E+00  1.17804E+02
   299  7.30448E-03 -5.89281E+00 -5.89280E+00 -4.28811E-06  0.00000E+00  0.00000E+00  1.17547E+02
   300  7.48726E-03 -5.89013E+00 -5.89013E+00 -4.38573E-06  0.00000E+00  0.00000E+00  1.17284E+02
   301  7.67461E-03 -5.88739E+00 -5.88738E+00 -4.48532E-06  0.00000E+00  0.00000E+00  1.17016E+02
   302  7.86664E-03 -5.88458E+00 -5.88457E+00 -4.58691E-06  0.00000E+00  0.00000E+00  1.16741E+02
   303  8.06347E-03 -5.88169E+00 -5.88169E+00 -4.69052E-06  0.00000E+00  0.00000E+00  1.16461E+02
   304  8.26522E-03 -5.87874E+00 -5.87874E+00 -4.79618E-06  0.00000E+00  0.00000E+00  1.16174E+02
   305  8.47202E-03 -5.87571E+00 -5.87571E+00 -4.90393E-06  0.00000E+00  0.00000E+00  1.15881E+02
   306  8.68397E-03 -5.87261E+00 -5.87261E+00 -5.01377E-06  0.00000E+00  0.00000E+00  1.15582E+02
   307  8.90123E-03 -5.86943E+00 -5.86943E+00 -5.12575E-06  0.00000E+00  0.00000E+00  1.15276E+02
   308  9.12392E-03 -5.86618E+00 -5.86617E+00 -5.23987E-06  0.00000E+00  0.00000E+00  1.14964E+02
   309  9.35216E-03 -5.86284E+00 -5.86283E+00 -5.35618E-06  0.00000E+00  0.00000E+00  1.14644E+02
   310  9.58612E-03 -5.85942E+00 -5.85941E+00 -5.47469E-06  0.00000E+00  0.00000E+00  1.14318E+02
   311  9.82591E-03 -5.85591E+00 -5.85591E+00 -5.59541E-06  0.00000E+00  0.00000E+00  1.13985E+02
   312  1.00717E-02 -5.85232E+00 -5.85231E+00 -5.71839E-06  0.00000E+00  0.00000E+00  1.13645E+02
   313  1.03236E-02 -5.84864E+00 -5.84863E+00 -5.84363E-06  0.00000E+00  0.00000E+00  1.13297E+02
   314  1.05818E-02 -5.84487E+00 -5.84486E+00 -5.97116E-06  0.00000E+00  0.00000E+00  1.12942E+02
   315  1.08465E-02 -5.84100E+00 -5.84100E+00 -6.10099E-06  0.00000E+00  0.00000E+00  1.12579E+02
   316  1.11178E-02 -5.83704E+00 -5.83703E+00 -6.23315E-06  0.00000E+00  0.00000E+00  1.12209E+02
   317  1.13959E-02 -5.83298E+00 -5.83298E+00 -6.36764E-06  0.00000E+00  0.00000E+00  1.11831E+02
   318  1.16809E-02 -5.82882E+00 -5.82882E+00 -6.50449E-06  0.00000E+00  0.00000E+00  1.11445E+02
   319  1.19730E-02 -5.82456E+00 -5.82456E+00 -6.64370E-06  0.00000E+00  0.00000E+00  1.11051E+02
   320  1.22724E-02 -5.82020E+00 -5.82019E+00 -6.78530E-06  0.00000E+00  0.00000E+00  1.10648E+02
   321  1.25793E-02 -5.81572E+00 -5.81572E+00 -6.92929E-06  0.00000E+00  0.00000E+00  1.10237E+02
   322  1.28939E-02 -5.81114E+00 -5.81113E+00 -7.07567E-06  0.00000E+00  0.00000E+00  1.09818E+02
   323  1.32163E-02 -5.80644E+00 -5.80644E+00 -7.22446E-06  0.00000E+00  0.00000E+00  1.09390E+02
   324  1.35468E-02 -5.80163E+00 -5.80163E+00 -7.37567E-06  0.00000E+00  0.00000E+00  1.08953E+02
   325  1.38855E-02 -5.79670E+00 -5.79670E+00 -7.52928E-06  0.00000E+00  0.00000E+00  1.08507E+02
   326  1.42326E-02 -5.79165E+00 -5.79165E+00 -7.68532E-06  0.00000E+00  0.00000E+00  1.08052E+02
   327  1.45885E-02 -5.78648E+00 -5.78647E+00 -7.84376E-06  0.00000E+00  0.00000E+00  1.07588E+02
   328  1.49532E-02 -5.78118E+00 -5.78117E+00 -8.00461E-06  0.00000E+00  0.00000E+00  1.07115E+02
   329  1.53270E-02 -5.77575E+00 -5.77574E+00 -8.16787E-06  0.00000E+00  0.00000E+00  1.06632E+02
   330  1.57102E-02 -5.77019E+00 -5.77018E+00 -8.33351E-06  0.00000E+00  0.00000E+00  1.06139E+02
   331  1.61029E-02 -5.76449E+00 -5.76448E+00 -8.50154E-06  0.00000E+00  0.00000E+00  1.05637E+02
   332  1.65055E-02 -5.75865E+00 -5.75864E+00 -8.67193E-06  0.00000E+00  0.00000E+00  1.05125E+02
   333  1.69180E-02 -5.75267E+00 -5.75267E+00 -8.84466E-06  0.00000E+00  0.00000E+00  1.04603E+02
   334  1.73409E-02 -5.74655E+00 -5.74654E+00 -9.01972E-06  0.00000E+00  0.00000E+00  1.04070E+02
   335  1.77743E-02 -5.74028E+00 -5.74027E+00 -9.19707E-06  0.00000E+00  0.00000E+00  1.03528E+02
   336  1.82186E-02 -5.73385E+00 -5.73384E+00 -9.37669E-06  0.00000E+00  0.00000E+00  1.02975E+02
   337  1.86739E-02 -5.72727E+00 -5.72726E+00 -9.55855E-06  0.00000E+00  0.00000E+00  1.02411E+02
   338  1.91406E-02 -5.72053E+00 -5.72052E+00 -9.74260E-06  0.00000E+00  0.00000E+00  1.01836E+02
   339  1.96189E-02 -5.71363E+00 -5.71362E+00 -9.92881E-06  0.00000E+00  0.00000E+00  1.01251E+02
   340  2.01092E-02 -5.70656E+00 -5.70655E+00 -1.01171E-05  0.00000E+00  0.00000E+00  1.00655E+02
   341  2.06117E-02 -5.69932E+00 -5.69931E+00 -1.03075E-05  0.00000E+00  0.00000E+00  1.00048E+02
   342  2.11267E-02 -5.69191E+00 -5.69190E+00 -1.04999E-05  0.00000E+00  0.00000E+00  9.94298E+01
   343  2.16545E-02 -5.68432E+00 -5.68431E+00 -1.06942E-05  0.00000E+00  0.00000E+00  9.88002E+01
   344  2.21956E-02 -5.67655E+00 -5.67654E+00 -1.08904E-05  0.00000E+00  0.00000E+00  9.81593E+01
   345  2.27501E-02 -5.66860E+00 -5.66859E+00 -1.10884E-05  0.00000E+00  0.00000E+00  9.75069E+01
   346  2.33184E-02 -5.66045E+00 -5.66044E+00 -1.12881E-05  0.00000E+00  0.00000E+00  9.68429E+01
   347  2.39009E-02 -5.65211E+00 -5.65210E+00 -1.14895E-05  0.00000E+00  0.00000E+00  9.61673E+01
   348  2.44980E-02 -5.64357E+00 -5.64356E+00 -1.16925E-05  0.00000E+00  0.00000E+00  9.54799E+01
   349  2.51099E-02 -5.63483E+00 -5.63482E+00 -1.18969E-05  0.00000E+00  0.00000E+00  9.47807E+01
   350  2.57371E-02 -5.62589E+00 -5.62588E+00 -1.21026E-05  0.00000E+00  0.00000E+00  9.40696E+01
   351  2.63799E-02 -5.61673E+00 -5.61672E+00 -1.23097E-05  0.00000E+00  0.00000E+00  9.33465E+01
   352  2.70387E-02 -5.60736E+00 -5.60735E+00 -1.25178E-05  0.00000E+00  0.00000E+00  9.26114E+01
   353  2.77139E-02 -5.59777E+00 -5.59776E+00 -1.27270E-05  0.00000E+00  0.00000E+00  9.18642E+01
   354  2.84060E-02 -5.58796E+00 -5.58795E+00 -1.29371E-05  0.00000E+00  0.00000E+00  9.11049E+01
   355  2.91152E-02 -5.57792E+00 -5.57790E+00 -1.31480E-05  0.00000E+00  0.00000E+00  9.03334E+01
   356  2.98422E-02 -5.56764E+00 -5.56763E+00 -1.33595E-05  0.00000E+00  0.00000E+00  8.95497E+01
   357  3.05873E-02 -5.55713E+00 -5.55712E+00 -1.35714E-05  0.00000E+00  0.00000E+00  8.87537E+01
   358  3.13509E-02 -5.54638E+00 -5.54636E+00 -1.37837E-05  0.00000E+00  0.00000E+00  8.79456E+01
   359  3.21335E-02 -5.53537E+00 -5.53536E+00 -1.39961E-05  0.00000E+00  0.00000E+00  8.71252E+01
   360  3.29357E-02 -5.52412E+00 -5.52411E+00 -1.42084E-05  0.00000E+00  0.00000E+00  8.62925E+01
   361  3.37577E-02 -5.51261E+00 -5.51260E+00 -1.44206E-05  0.00000E+00  0.00000E+00  8.54477E+01
   362  3.46003E-02 -5.50084E+00 -5.50083E+00 -1.46324E-05  0.00000E+00  0.00000E+00  8.45906E+01
   363  3.54638E-02 -5.48881E+00 -5.48879E+00 -1.48436E-05  0.00000E+00  0.00000E+00  8.37215E+01
   364  3.63488E-02 -5.47650E+00 -5.47648E+00 -1.50539E-05  0.00000E+00  0.00000E+00  8.28402E+01
   365  3.72559E-02 -5.46392E+00 -5.46390E+00 -1.52633E-05  0.00000E+00  0.00000E+00  8.19469E+01
   366  3.81854E-02 -5.45105E+00 -5.45104E+00 -1.54714E-05  0.00000E+00  0.00000E+00  8.10417E+01
   367  3.91382E-02 -5.43791E+00 -5.43789E+00 -1.56781E-05  0.00000E+00  0.00000E+00  8.01246E+01
   368  4.01146E-02 -5.42447E+00 -5.42445E+00 -1.58830E-05  0.00000E+00  0.00000E+00  7.91958E+01
   369  4.11153E-02 -5.41074E+00 -5.41072E+00 -1.60860E-05  0.00000E+00  0.00000E+00  7.82554E+01
   370  4.21408E-02 -5.39670E+00 -5.39669E+00 -1.62868E-05  0.00000E+00  0.00000E+00  7.73035E+01
   371  4.31919E-02 -5.38237E+00 -5.38235E+00 -1.64851E-05  0.00000E+00  0.00000E+00  7.63402E+01
   372  4.42691E-02 -5.36772E+00 -5.36771E+00 -1.66807E-05  0.00000E+00  0.00000E+00  7.53658E+01
   373  4.53730E-02 -5.35277E+00 -5.35275E+00 -1.68732E-05  0.00000E+00  0.00000E+00  7.43805E+01
   374  4.65044E-02 -5.33749E+00 -5.33747E+00 -1.70624E-05  0.00000E+00  0.00000E+00  7.33843E+01
   375  4.76639E-02 -5.32189E+00 -5.32188E+00 -1.72480E-05  0.00000E+00  0.00000E+00  7.23777E+01
   376  4.88522E-02 -5.30597E+00 -5.30595E+00 -1.74297E-05  0.00000E+00  0.00000E+00  7.13607E+01
   377  5.00699E-02 -5.28971E+00 -5.28969E+00 -1.76072E-05  0.00000E+00  0.00000E+00  7.03336E+01
   378  5.13180E-02 -5.27312E+00 -5.27310E+00 -1.77801E-05  0.00000E+00  0.00000E+00  6.92967E+01
   379  5.25970E-02 -5.25619E+00 -5.25617E+00 -1.79482E-05  0.00000E+00  0.00000E+00  6.82504E+01
   380  5.39077E-02 -5.23891E+00 -5.23889E+00 -1.81110E-05  0.00000E+00  0.00000E+00  6.71949E+01
   381  5.52510E-02 -5.22129E+00 -5.22127E+00 -1.82684E-05  0.00000E+00  0.00000E+00  6.61305E+01
   382  5.66276E-02 -5.20331E+00 -5.20330E+00 -1.84198E-05  0.00000E+00  0.00000E+00  6.50577E+01
   383  5.80383E-02 -5.18498E+00 -5.18497E+00 -1.85651E-05  0.00000E+00  0.00000E+00  6.39767E+01
   384  5.94840E-02 -5.16630E+00 -5.16628E+00 -1.87038E-05  0.00000E+00  0.00000E+00  6.28880E+01
   385  6.09656E-02 -5.14725E+00 -5.14723E+00 -1.88357E-05  0.00000E+00  0.00000E+00  6.17919E+01
   386  6.24839E-02 -5.12784E+00 -5.12782E+00 -1.89602E-05  0.00000E+00  0.00000E+00  6.06889E+01
   387  6.40398E-02 -5.10806E+00 -5.10804E+00 -1.90772E-05  0.00000E+00  0.00000E+00  5.95796E+01
   388  6.56342E-02 -5.08791E+00 -5.08789E+00 -1.91862E-05  0.00000E+00  0.00000E+00  5.84642E+01
   389  6.72682E-02 -5.06738E+00 -5.06737E+00 -1.92869E-05  0.00000E+00  0.00000E+00  5.73434E+01
   390  6.89426E-02 -5.04649E+00 -5.04647E+00 -1.93790E-05  0.00000E+00  0.00000E+00  5.62175E+01
   391  7.06584E-02 -5.02522E+00 -5.02520E+00 -1.94621E-05  0.00000E+00  0.00000E+00  5.50873E+01
   392  7.24167E-02 -5.00357E+00 -5.00355E+00 -1.95358E-05  0.00000E+00  0.00000E+00  5.39532E+01
   393  7.42185E-02 -4.98154E+00 -4.98152E+00 -1.95998E-05  0.00000E+00  0.00000E+00  5.28157E+01
   394  7.60649E-02 -4.95914E+00 -4.95912E+00 -1.96538E-05  0.00000E+00  0.00000E+00  5.16756E+01
   395  7.79569E-02 -4.93635E+00 -4.93633E+00 -1.96975E-05  0.00000E+00  0.00000E+00  5.05333E+01
   396  7.98958E-02 -4.91319E+00 -4.91317E+00 -1.97305E-05  0.00000E+00  0.00000E+00  4.93895E+01
   397  8.18825E-02 -4.88965E+00 -4.88963E+00 -1.97526E-05  0.00000E+00  0.00000E+00  4.82449E+01
   398  8.39183E-02 -4.86573E+00 -4.86571E+00 -1.97634E-05  0.00000E+00  0.00000E+00  4.71001E+01
   399  8.60044E-02 -4.84143E+00 -4.84141E+00 -1.97626E-05  0.00000E+00  0.00000E+00  4.59558E+01
   400  8.81420E-02 -4.81675E+00 -4.81673E+00 -1.97501E-05  0.00000E+00  0.00000E+00  4.48126E+01
   401  9.03323E-02 -4.79171E+00 -4.79169E+00 -1.97254E-05  0.00000E+00  0.00000E+00  4.36714E+01
   402  9.25767E-02 -4.76629E+00 -4.76627E+00 -1.96885E-05  0.00000E+00  0.00000E+00  4.25327E+01
   403  9.48765E-02 -4.74050E+00 -4.74048E+00 -1.96390E-05  0.00000E+00  0.00000E+00  4.13974E+01
   404  9.72329E-02 -4.71434E+00 -4.71433E+00 -1.95769E-05  0.00000E+00  0.00000E+00  4.02662E+01
   405  9.96474E-02 -4.68783E+00 -4.68781E+00 -1.95018E-05  0.00000E+00  0.00000E+00  3.91397E+01
   406  1.02121E-01 -4.66096E+00 -4.66094E+00 -1.94137E-05  0.00000E+00  0.00000E+00  3.80189E+01
   407  1.04656E-01 -4.63374E+00 -4.63372E+00 -1.93124E-05  0.00000E+00  0.00000E+00  3.69044E+01
   408  1.07254E-01 -4.60617E+00 -4.60615E+00 -1.91978E-05  0.00000E+00  0.00000E+00  3.57970E+01
   409  1.09915E-01 -4.57826E+00 -4.57824E+00 -1.90699E-05  0.00000E+00  0.00000E+00  3.46975E+01
   410  1.12642E-01 -4.55001E+00 -4.54999E+00 -1.89286E-05  0.00000E+00  0.00000E+00  3.36066E+01
   411  1.15436E-01 -4.52144E+00 -4.52142E+00 -1.87739E-05  0.00000E+00  0.00000E+00  3.25252E+01
   412  1.18298E-01 -4.49254E+00 -4.49252E+00 -1.86059E-05  0.00000E+00  0.00000E+00  3.14540E+01
   413  1.21231E-01 -4.46334E+00 -4.46332E+00 -1.84244E-05  0.00000E+00  0.00000E+00  3.03937E+01
   414  1.24235E-01 -4.43383E+00 -4.43381E+00 -1.82298E-05  0.00000E+00  0.00000E+00  2.93452E+01
   415  1.27314E-01 -4.40402E+00 -4.40400E+00 -1.80220E-05  0.00000E+00  0.00000E+00  2.83092E+01
   416  1.30468E-01 -4.37393E+00 -4.37391E+00 -1.78012E-05  0.00000E+00  0.00000E+00  2.72863E+01
   417  1.33699E-01 -4.34356E+00 -4.34354E+00 -1.75676E-05  0.00000E+00  0.00000E+00  2.62774E+01
   418  1.37010E-01 -4.31293E+00 -4.31291E+00 -1.73215E-05  0.00000E+00  0.00000E+00  2.52832E+01
   419  1.40402E-01 -4.28204E+00 -4.28202E+00 -1.70632E-05  0.00000E+00  0.00000E+00  2.43044E+01
   420  1.43876E-01 -4.25090E+00 -4.25089E+00 -1.67928E-05  0.00000E+00  0.00000E+00  2.33416E+01
   421  1.47436E-01 -4.21953E+00 -4.21952E+00 -1.65108E-05  0.00000E+00  0.00000E+00  2.23956E+01
   422  1.51083E-01 -4.18794E+00 -4.18793E+00 -1.62176E-05  0.00000E+00  0.00000E+00  2.14669E+01
   423  1.54819E-01 -4.15614E+00 -4.15613E+00 -1.59136E-05  0.00000E+00  0.00000E+00  2.05561E+01
   424  1.58646E-01 -4.12415E+00 -4.12413E+00 -1.55993E-05  0.00000E+00  0.00000E+00  1.96639E+01
   425  1.62567E-01 -4.09196E+00 -4.09195E+00 -1.52750E-05  0.00000E+00  0.00000E+00  1.87908E+01
   426  1.66583E-01 -4.05960E+00 -4.05959E+00 -1.49415E-05  0.00000E+00  0.00000E+00  1.79373E+01
   427  1.70697E-01 -4.02708E+00 -4.02707E+00 -1.45992E-05  0.00000E+00  0.00000E+00  1.71040E+01
   428  1.74912E-01 -3.99442E+00 -3.99440E+00 -1.42488E-05  0.00000E+00  0.00000E+00  1.62912E+01
   429  1.79229E-01 -3.96161E+00 -3.96160E+00 -1.38909E-05  0.00000E+00  0.00000E+00  1.54994E+01
   430  1.83651E-01 -3.92868E+00 -3.92867E+00 -1.35262E-05  0.00000E+00  0.00000E+00  1.47290E+01
   431  1.88181E-01 -3.89564E+00 -3.89563E+00 -1.31553E-05  0.00000E+00  0.00000E+00  1.39804E+01
   432  1.92821E-01 -3.86250E+00 -3.86249E+00 -1.27791E-05  0.00000E+00  0.00000E+00  1.32537E+01
   433  1.97573E-01 -3.82928E+00 -3.82926E+00 -1.23982E-05  0.00000E+00  0.00000E+00  1.25493E+01
   434  2.02441E-01 -3.79597E+00 -3.79596E+00 -1.20134E-05  0.00000E+00  0.00000E+00  1.18674E+01
   435  2.07427E-01 -3.76260E+00 -3.76259E+00 -1.16255E-05  0.00000E+00  0.00000E+00  1.12082E+01
   436  2.12534E-01 -3.72917E+00 -3.72916E+00 -1.12353E-05  0.00000E+00  0.00000E+00  1.05717E+01
   437  2.17764E-01 -3.69570E+00 -3.69569E+00 -1.08437E-05  0.00000E+00  0.00000E+00  9.95815E+00
   438  2.23121E-01 -3.66219E+00 -3.66218E+00 -1.04514E-05  0.00000E+00  0.00000E+00  9.36746E+00
   439  2.28607E-01 -3.62865E+00 -3.62864E+00 -1.00593E-05  0.00000E+00  0.00000E+00  8.79965E+00
   440  2.34226E-01 -3.59509E+00 -3.59508E+00 -9.66822E-06  0.00000E+00  0.00000E+00  8.25465E+00
   441  2.39981E-01 -3.56151E+00 -3.56150E+00 -9.27901E-06  0.00000E+00  0.00000E+00  7.73238E+00
   442  2.45874E-01 -3.52793E+00 -3.52792E+00 -8.89249E-06  0.00000E+00  0.00000E+00  7.23266E+00
   443  2.51909E-01 -3.49434E+00 -3.49433E+00 -8.50946E-06  0.00000E+00  0.00000E+00  6.75531E+00
   444  2.58089E-01 -3.46074E+00 -3.46074E+00 -8.13073E-06  0.00000E+00  0.00000E+00  6.30008E+00
   445  2.64418E-01 -3.42715E+00 -3.42715E+00 -7.75709E-06  0.00000E+00  0.00000E+00  5.86669E+00
   446  2.70900E-01 -3.39357E+00 -3.39356E+00 -7.38928E-06  0.00000E+00  0.00000E+00  5.45481E+00
   447  2.77536E-01 -3.35998E+00 -3.35997E+00 -7.02806E-06  0.00000E+00  0.00000E+00  5.06409E+00
   448  2.84332E-01 -3.32639E+00 -3.32639E+00 -6.67411E-06  0.00000E+00  0.00000E+00  4.69411E+00
   449  2.91290E-01 -3.29281E+00 -3.29280E+00 -6.32812E-06  0.00000E+00  0.00000E+00  4.34444E+00
   450  2.98415E-01 -3.25921E+00 -3.25921E+00 -5.99071E-06  0.00000E+00  0.00000E+00  4.01459E+00
   451  3.05710E-01 -3.22561E+00 -3.22560E+00 -5.66248E-06  0.00000E+00  0.00000E+00  3.70408E+00
   452  3.13180E-01 -3.19199E+00 -3.19198E+00 -5.34397E-06  0.00000E+00  0.00000E+00  3.41236E+00
   453  3.20827E-01 -3.15834E+00 -3.15833E+00 -5.03570E-06  0.00000E+00  0.00000E+00  3.13886E+00
   454  3.28657E-01 -3.12466E+00 -3.12465E+00 -4.73811E-06  0.00000E+00  0.00000E+00  2.88301E+00
   455  3.36673E-01 -3.09093E+00 -3.09093E+00 -4.45161E-06  0.00000E+00  0.00000E+00  2.64419E+00
   456  3.44879E-01 -3.05715E+00 -3.05714E+00 -4.17655E-06  0.00000E+00  0.00000E+00  2.42178E+00
   457  3.53280E-01 -3.02329E+00 -3.02329E+00 -3.91323E-06  0.00000E+00  0.00000E+00  2.21513E+00
   458  3.61880E-01 -2.98936E+00 -2.98935E+00 -3.66187E-06  0.00000E+00  0.00000E+00  2.02359E+00
   459  3.70683E-01 -2.95532E+00 -2.95532E+00 -3.42268E-06  0.00000E+00  0.00000E+00  1.84648E+00
   460  3.79695E-01 -2.92117E+00 -2.92117E+00 -3.19576E-06  0.00000E+00  0.00000E+00  1.68315E+00
   461  3.88919E-01 -2.88689E+00 -2.88689E+00 -2.98120E-06  0.00000E+00  0.00000E+00  1.53290E+00
   462  3.98361E-01 -2.85246E+00 -2.85246E+00 -2.77901E-06  0.00000E+00  0.00000E+00  1.39507E+00
   463  4.08025E-01 -2.81787E+00 -2.81787E+00 -2.58914E-06  0.00000E+00  0.00000E+00  1.26897E+00
   464  4.17916E-01 -2.78309E+00 -2.78309E+00 -2.41150E-06  0.00000E+00  0.00000E+00  1.15393E+00
   465  4.28039E-01 -2.74811E+00 -2.74811E+00 -2.24594E-06  0.00000E+00  0.00000E+00  1.04929E+00
   466  4.38400E-01 -2.71291E+00 -2.71291E+00 -2.09227E-06  0.00000E+00  0.00000E+00  9.54394E-01
   467  4.49003E-01 -2.67747E+00 -2.67747E+00 -1.95023E-06  0.00000E+00  0.00000E+00  8.68594E-01
   468  4.59853E-01 -2.64178E+00 -2.64177E+00 -1.81953E-06  0.00000E+00  0.00000E+00  7.91264E-01
   469  4.70957E-01 -2.60580E+00 -2.60580E+00 -1.69985E-06  0.00000E+00  0.00000E+00  7.21790E-01
   470  4.82319E-01 -2.56954E+00 -2.56954E+00 -1.59081E-06  0.00000E+00  0.00000E+00  6.59576E-01
   471  4.93945E-01 -2.53297E+00 -2.53297E+00 -1.49200E-06  0.00000E+00  0.00000E+00  6.04049E-01
   472  5.05841E-01 -2.49607E+00 -2.49607E+00 -1.40299E-06  0.00000E+00  0.00000E+00  5.54654E-01
   473  5.18012E-01 -2.45884E+00 -2.45884E+00 -1.32331E-06  0.00000E+00  0.00000E+00  5.10862E-01
   474  5.30465E-01 -2.42125E+00 -2.42125E+00 -1.25248E-06  0.00000E+00  0.00000E+00  4.72164E-01
   475  5.43205E-01 -2.38331E+00 -2.38330E+00 -1.18997E-06  0.00000E+00  0.00000E+00  4.38079E-01
   476  5.56238E-01 -2.34499E+00 -2.34499E+00 -1.13527E-06  0.00000E+00  0.00000E+00  4.08150E-01
   477  5.69571E-01 -2.30629E+00 -2.30629E+00 -1.08786E-06  0.00000E+00  0.00000E+00  3.81947E-01
   478  5.83210E-01 -2.26721E+00 -2.26721E+00 -1.04717E-06  0.00000E+00  0.00000E+00  3.59065E-01
   479  5.97161E-01 -2.22774E+00 -2.22774E+00 -1.01268E-06  0.00000E+00  0.00000E+00  3.39125E-01
   480  6.11431E-01 -2.18788E+00 -2.18788E+00 -9.83834E-07  0.00000E+00  0.00000E+00  3.21776E-01
   481  6.26026E-01 -2.14763E+00 -2.14763E+00 -9.60099E-07  0.00000E+00  0.00000E+00  3.06692E-01
   482  6.40953E-01 -2.10700E+00 -2.10700E+00 -9.40943E-07  0.00000E+00  0.00000E+00  2.93573E-01
   483  6.56219E-01 -2.06599E+00 -2.06599E+00 -9.25847E-07  0.00000E+00  0.00000E+00  2.82143E-01
   484  6.71831E-01 -2.02462E+00 -2.02462E+00 -9.14307E-07  0.00000E+00  0.00000E+00  2.72152E-01
   485  6.87795E-01 -1.98288E+00 -1.98288E+00 -9.05835E-07  0.00000E+00  0.00000E+00  2.63372E-01
   486  7.04119E-01 -1.94081E+00 -1.94081E+00 -8.99962E-07  0.00000E+00  0.00000E+00  2.55598E-01
   487  7.20810E-01 -1.89842E+00 -1.89842E+00 -8.96243E-07  0.00000E+00  0.00000E+00  2.48647E-01
   488  7.37876E-01 -1.85572E+00 -1.85572E+00 -8.94255E-07  0.00000E+00  0.00000E+00  2.42358E-01
   489  7.55323E-01 -1.81275E+00 -1.81275E+00 -8.93600E-07  0.00000E+00  0.00000E+00  2.36586E-01
   490  7.73160E-01 -1.76952E+00 -1.76952E+00 -8.93907E-07  0.00000E+00  0.00000E+00  2.31207E-01
   491  7.91394E-01 -1.72607E+00 -1.72607E+00 -8.94831E-07  0.00000E+00  0.00000E+00  2.26114E-01
   492  8.10032E-01 -1.68242E+00 -1.68242E+00 -8.96057E-07  0.00000E+00  0.00000E+00  2.21214E-01
   493  8.29083E-01 -1.63862E+00 -1.63862E+00 -8.97297E-07  0.00000E+00  0.00000E+00  2.16429E-01
   494  8.48555E-01 -1.59470E+00 -1.59470E+00 -8.98292E-07  0.00000E+00  0.00000E+00  2.11698E-01
   495  8.68455E-01 -1.55070E+00 -1.55070E+00 -8.98811E-07  0.00000E+00  0.00000E+00  2.06966E-01
   496  8.88793E-01 -1.50665E+00 -1.50665E+00 -8.98652E-07  0.00000E+00  0.00000E+00  2.02195E-01
   497  9.09575E-01 -1.46261E+00 -1.46261E+00 -8.97640E-07  0.00000E+00  0.00000E+00  1.97352E-01
   498  9.30810E-01 -1.41861E+00 -1.41861E+00 -8.95625E-07  0.00000E+00  0.00000E+00  1.92417E-01
   499  9.52508E-01 -1.37470E+00 -1.37470E+00 -8.92486E-07  0.00000E+00  0.00000E+00  1.87375E-01
   500  9.74676E-01 -1.33093E+00 -1.33093E+00 -8.88125E-07  0.00000E+00  0.00000E+00  1.82218E-01
   501  9.97323E-01 -1.28734E+00 -1.28734E+00 -8.82467E-07  0.00000E+00  0.00000E+00  1.76946E-01
   502  1.02046E+00 -1.24399E+00 -1.24399E+00 -8.75461E-07  0.00000E+00  0.00000E+00  1.71561E-01
   503  1.04409E+00 -1.20093E+00 -1.20093E+00 -8.67075E-07  0.00000E+00  0.00000E+00  1.66072E-01
   504  1.06823E+00 -1.15820E+00 -1.15820E+00 -8.57298E-07  0.00000E+00  0.00000E+00  1.60489E-01
   505  1.09288E+00 -1.11585E+00 -1.11585E+00 -8.46137E-07  0.00000E+00  0.00000E+00  1.54827E-01
   506  1.11805E+00 -1.07394E+00 -1.07394E+00 -8.33613E-07  0.00000E+00  0.00000E+00  1.49101E-01
   507  1.14376E+00 -1.03251E+00 -1.03251E+00 -8.19765E-07  0.00000E+00  0.00000E+00  1.43328E-01
   508  1.17001E+00 -9.91615E-01 -9.91614E-01 -8.04643E-07  0.00000E+00  0.00000E+00  1.37528E-01
   509  1.19682E+00 -9.51294E-01 -9.51293E-01 -7.88310E-07  0.00000E+00  0.00000E+00  1.31719E-01
   510  1.22418E+00 -9.11597E-01 -9.11597E-01 -7.70839E-07  0.00000E+00  0.00000E+00  1.25920E-01
   511  1.25212E+00 -8.72569E-01 -8.72568E-01 -7.52310E-07  0.00000E+00  0.00000E+00  1.20152E-01
   512  1.28063E+00 -8.34250E-01 -8.34250E-01 -7.32813E-07  0.00000E+00  0.00000E+00  1.14432E-01
   513  1.30973E+00 -7.96683E-01 -7.96682E-01 -7.12441E-07  0.00000E+00  0.00000E+00  1.08779E-01
   514  1.33944E+00 -7.59905E-01 -7.59905E-01 -6.91294E-07  0.00000E+00  0.00000E+00  1.03209E-01
   515  1.36975E+00 -7.23953E-01 -7.23952E-01 -6.69472E-07  0.00000E+00  0.00000E+00  9.77391E-02
   516  1.40068E+00 -6.88859E-01 -6.88859E-01 -6.47081E-07  0.00000E+00  0.00000E+00  9.23838E-02
   517  1.43225E+00 -6.54655E-01 -6.54655E-01 -6.24224E-07  0.00000E+00  0.00000E+00  8.71565E-02
   518  1.46445E+00 -6.21369E-01 -6.21368E-01 -6.01005E-07  0.00000E+00  0.00000E+00  8.20694E-02
   519  1.49730E+00 -5.89025E-01 -5.89024E-01 -5.77527E-07  0.00000E+00  0.00000E+00  7.71332E-02
   520  1.53081E+00 -5.57645E-01 -5.57644E-01 -5.53890E-07  0.00000E+00  0.00000E+00  7.23570E-02
   521  1.56498E+00 -5.27248E-01 -5.27247E-01 -5.30192E-07  0.00000E+00  0.00000E+00  6.77486E-02
   522  1.59984E+00 -4.97849E-01 -4.97849E-01 -5.06528E-07  0.00000E+00  0.00000E+00  6.33145E-02
   523  1.63539E+00 -4.69462E-01 -4.69461E-01 -4.82985E-07  0.00000E+00  0.00000E+00  5.90595E-02
   524  1.67164E+00 -4.42094E-01 -4.42094E-01 -4.59649E-07  0.00000E+00  0.00000E+00  5.49872E-02
   525  1.70859E+00 -4.15753E-01 -4.15752E-01 -4.36599E-07  0.00000E+00  0.00000E+00  5.11000E-02
   526  1.74627E+00 -3.90441E-01 -3.90440E-01 -4.13908E-07  0.00000E+00  0.00000E+00  4.73991E-02
   527  1.78468E+00 -3.66157E-01 -3.66157E-01 -3.91645E-07  0.00000E+00  0.00000E+00  4.38843E-02
   528  1.82383E+00 -3.42899E-01 -3.42899E-01 -3.69869E-07  0.00000E+00  0.00000E+00  4.05547E-02
   529  1.86373E+00 -3.20661E-01 -3.20661E-01 -3.48636E-07  0.00000E+00  0.00000E+00  3.74083E-02
   530  1.90439E+00 -2.99433E-01 -2.99433E-01 -3.27995E-07  0.00000E+00  0.00000E+00  3.44421E-02
   531  1.94582E+00 -2.79204E-01 -2.79203E-01 -3.07989E-07  0.00000E+00  0.00000E+00  3.16526E-02
   532  1.98803E+00 -2.59959E-01 -2.59959E-01 -2.88652E-07  0.00000E+00  0.00000E+00  2.90354E-02
   533  2.03104E+00 -2.41682E-01 -2.41682E-01 -2.70016E-07  0.00000E+00  0.00000E+00  2.65857E-02
   534  2.07485E+00 -2.24355E-01 -2.24355E-01 -2.52103E-07  0.00000E+00  0.00000E+00  2.42979E-02
   535  2.11947E+00 -2.07956E-01 -2.07956E-01 -2.34933E-07  0.00000E+00  0.00000E+00  2.21663E-02
   536  2.16491E+00 -1.92463E-01 -1.92463E-01 -2.18517E-07  0.00000E+00  0.00000E+00  2.01848E-02
   537  2.21118E+00 -1.77851E-01 -1.77851E-01 -2.02865E-07  0.00000E+00  0.00000E+00  1.83467E-02
   538  2.25830E+00 -1.64095E-01 -1.64095E-01 -1.87977E-07  0.00000E+00  0.00000E+00  1.66457E-02
   539  2.30627E+00 -1.51167E-01 -1.51167E-01 -1.73854E-07  0.00000E+00  0.00000E+00  1.50748E-02
   540  2.35510E+00 -1.39040E-01 -1.39039E-01 -1.60489E-07  0.00000E+00  0.00000E+00  1.36274E-02
   541  2.40481E+00 -1.27683E-01 -1.27683E-01 -1.47872E-07  0.00000E+00  0.00000E+00  1.22965E-02
   542  2.45539E+00 -1.17068E-01 -1.17068E-01 -1.35991E-07  0.00000E+00  0.00000E+00  1.10756E-02
   543  2.50687E+00 -1.07163E-01 -1.07163E-01 -1.24829E-07  0.00000E+00  0.00000E+00  9.95772E-03
   544  2.55925E+00 -9.79381E-02 -9.79380E-02 -1.14368E-07  0.00000E+00  0.00000E+00  8.93650E-03
   545  2.61254E+00 -8.93622E-02 -8.93621E-02 -1.04587E-07  0.00000E+00  0.00000E+00  8.00553E-03
   546  2.66676E+00 -8.14041E-02 -8.14040E-02 -9.54626E-08  0.00000E+00  0.00000E+00  7.15858E-03
   547  2.72190E+00 -7.40328E-02 -7.40328E-02 -8.69711E-08  0.00000E+00  0.00000E+00  6.38970E-03
   548  2.77798E+00 -6.72178E-02 -6.72177E-02 -7.90865E-08  0.00000E+00  0.00000E+00  5.69312E-03
   549  2.83501E+00 -6.09287E-02 -6.09286E-02 -7.17819E-08  0.00000E+00  0.00000E+00  5.06334E-03
   550  2.89300E+00 -5.51357E-02 -5.51356E-02 -6.50301E-08  0.00000E+00  0.00000E+00  4.49514E-03
   551  2.95195E+00 -4.98095E-02 -4.98095E-02 -5.88031E-08  0.00000E+00  0.00000E+00  3.98353E-03
   552  3.01188E+00 -4.49219E-02 -4.49218E-02 -5.30729E-08  0.00000E+00  0.00000E+00  3.52381E-03
   553  3.07279E+00 -4.04450E-02 -4.04449E-02 -4.78116E-08  0.00000E+00  0.00000E+00  3.11155E-03
   554  3.13470E+00 -3.63520E-02 -3.63520E-02 -4.29914E-08  0.00000E+00  0.00000E+00  2.74261E-03
   555  3.19760E+00 -3.26172E-02 -3.26172E-02 -3.85850E-08  0.00000E+00  0.00000E+00  2.41308E-03
   556  3.26152E+00 -2.92156E-02 -2.92156E-02 -3.45657E-08  0.00000E+00  0.00000E+00  2.11935E-03
   557  3.32645E+00 -2.61234E-02 -2.61234E-02 -3.09072E-08  0.00000E+00  0.00000E+00  1.85805E-03
   558  3.39240E+00 -2.33178E-02 -2.33178E-02 -2.75845E-08  0.00000E+00  0.00000E+00  1.62605E-03
   559  3.45939E+00 -2.07771E-02 -2.07770E-02 -2.45731E-08  0.00000E+00  0.00000E+00  1.42049E-03
   560  3.52742E+00 -1.84806E-02 -1.84806E-02 -2.18496E-08  0.00000E+00  0.00000E+00  1.23869E-03
   561  3.59650E+00 -1.64090E-02 -1.64090E-02 -1.93919E-08  0.00000E+00  0.00000E+00  1.07824E-03
   562  3.66663E+00 -1.45438E-02 -1.45437E-02 -1.71786E-08  0.00000E+00  0.00000E+00  9.36908E-04
   563  3.73782E+00 -1.28676E-02 -1.28676E-02 -1.51895E-08  0.00000E+00  0.00000E+00  8.12649E-04
   564  3.81008E+00 -1.13642E-02 -1.13642E-02 -1.34058E-08  0.00000E+00  0.00000E+00  7.03616E-04
   565  3.88342E+00 -1.00185E-02 -1.00184E-02 -1.18096E-08  0.00000E+00  0.00000E+00  6.08130E-04
   566  3.95784E+00 -8.81613E-03 -8.81612E-03 -1.03840E-08  0.00000E+00  0.00000E+00  5.24669E-04
   567  4.03335E+00 -7.74405E-03 -7.74404E-03 -9.11361E-09  0.00000E+00  0.00000E+00  4.51858E-04
   568  4.10995E+00 -6.78996E-03 -6.78995E-03 -7.98373E-09  0.00000E+00  0.00000E+00  3.88461E-04
   569  4.18765E+00 -5.94255E-03 -5.94254E-03 -6.98093E-09  0.00000E+00  0.00000E+00  3.33365E-04
   570  4.26645E+00 -5.19135E-03 -5.19135E-03 -6.09273E-09  0.00000E+00  0.00000E+00  2.85576E-04
   571  4.34637E+00 -4.52677E-03 -4.52677E-03 -5.30765E-09  0.00000E+00  0.00000E+00  2.44204E-04
   572  4.42741E+00 -3.93997E-03 -3.93997E-03 -4.61512E-09  0.00000E+00  0.00000E+00  2.08454E-04
   573  4.50956E+00 -3.42287E-03 -3.42287E-03 -4.00548E-09  0.00000E+00  0.00000E+00  1.77622E-04
   574  4.59284E+00 -2.96810E-03 -2.96810E-03 -3.46989E-09  0.00000E+00  0.00000E+00  1.51081E-04
   575  4.67726E+00 -2.56894E-03 -2.56894E-03 -3.00031E-09  0.00000E+00  0.00000E+00  1.28278E-04
   576  4.76280E+00 -2.21928E-03 -2.21928E-03 -2.58943E-09  0.00000E+00  0.00000E+00  1.08722E-04
   577  4.84949E+00 -1.91361E-03 -1.91361E-03 -2.23065E-09  0.00000E+00  0.00000E+00  9.19839E-05
   578  4.93732E+00 -1.64691E-03 -1.64691E-03 -1.91798E-09  0.00000E+00  0.00000E+00  7.76837E-05
   579  5.02629E+00 -1.41470E-03 -1.41470E-03 -1.64605E-09  0.00000E+00  0.00000E+00  6.54895E-05
   580  5.11642E+00 -1.21291E-03 -1.21291E-03 -1.41002E-09  0.00000E+00  0.00000E+00  5.51107E-05
   581  5.20770E+00 -1.03791E-03 -1.03791E-03 -1.20557E-09  0.00000E+00  0.00000E+00  4.62938E-05
   582  5.30014E+00 -8.86462E-04 -8.86461E-04 -1.02882E-09  0.00000E+00  0.00000E+00  3.88176E-05
   583  5.39373E+00 -7.55652E-04 -7.55651E-04 -8.76329E-10  0.00000E+00  0.00000E+00  3.24904E-05
   584  5.48849E+00 -6.42900E-04 -6.42899E-04 -7.45030E-10  0.00000E+00  0.00000E+00  2.71455E-05
   585  5.58441E+00 -5.45912E-04 -5.45911E-04 -6.32203E-10  0.00000E+00  0.00000E+00  2.26390E-05
   586  5.68150E+00 -4.62653E-04 -4.62653E-04 -5.35445E-10  0.00000E+00  0.00000E+00  1.88464E-05
   587  5.77975E+00 -3.91328E-04 -3.91328E-04 -4.52633E-10  0.00000E+00  0.00000E+00  1.56608E-05
   588  5.87918E+00 -3.30351E-04 -3.30350E-04 -3.81900E-10  0.00000E+00  0.00000E+00  1.29900E-05
   589  5.97977E+00 -2.78327E-04 -2.78327E-04 -3.21604E-10  0.00000E+00  0.00000E+00  1.07551E-05
   590  6.08154E+00 -2.34035E-04 -2.34034E-04 -2.70309E-10  0.00000E+00  0.00000E+00  8.88841E-06
   591  6.18448E+00 -1.96402E-04 -1.96402E-04 -2.26759E-10  0.00000E+00  0.00000E+00  7.33228E-06
   592  6.28859E+00 -1.64495E-04 -1.64495E-04 -1.89860E-10  0.00000E+00  0.00000E+00  6.03748E-06
   593  6.39388E+00 -1.37497E-04 -1.37497E-04 -1.58658E-10  0.00000E+00  0.00000E+00  4.96219E-06
   594  6.50035E+00 -1.14702E-04 -1.14702E-04 -1.32327E-10  0.00000E+00  0.00000E+00  4.07089E-06
   595  6.60798E+00 -9.54955E-05 -9.54954E-05 -1.10152E-10  0.00000E+00  0.00000E+00  3.33350E-06
   596  6.71680E+00 -7.93460E-05 -7.93459E-05 -9.15148E-11  0.00000E+00  0.00000E+00  2.72462E-06
   597  6.82678E+00 -6.57955E-05 -6.57954E-05 -7.58828E-11  0.00000E+00  0.00000E+00  2.22282E-06
   598  6.93795E+00 -5.44496E-05 -5.44496E-05 -6.27980E-11  0.00000E+00  0.00000E+00  1.81005E-06
   599  7.05028E+00 -4.49697E-05 -4.49697E-05 -5.18677E-11  0.00000E+00  0.00000E+00  1.47119E-06
   600  7.16379E+00 -3.70656E-05 -3.70655E-05 -4.27558E-11  0.00000E+00  0.00000E+00  1.19352E-06
   601  7.27846E+00 -3.04891E-05 -3.04891E-05 -3.51753E-11  0.00000E+00  0.00000E+00  9.66442E-07
   602  7.39431E+00 -2.50289E-05 -2.50289E-05 -2.88819E-11  0.00000E+00  0.00000E+00  7.81096E-07
   603  7.51132E+00 -2.05050E-05 -2.05050E-05 -2.36676E-11  0.00000E+00  0.00000E+00  6.30107E-07
   604  7.62950E+00 -1.67649E-05 -1.67649E-05 -1.93563E-11  0.00000E+00  0.00000E+00  5.07346E-07
   605  7.74885E+00 -1.36792E-05 -1.36792E-05 -1.57991E-11  0.00000E+00  0.00000E+00  4.07729E-07
   606  7.86936E+00 -1.11389E-05 -1.11389E-05 -1.28700E-11  0.00000E+00  0.00000E+00  3.27051E-07
   607  7.99103E+00 -9.05193E-06 -9.05192E-06 -1.04631E-11  0.00000E+00  0.00000E+00  2.61840E-07
   608  8.11385E+00 -7.34110E-06 -7.34109E-06 -8.48948E-12  0.00000E+00  0.00000E+00  2.09234E-07
   609  8.23783E+00 -5.94156E-06 -5.94156E-06 -6.87442E-12  0.00000E+00  0.00000E+00  1.66878E-07
   610  8.36296E+00 -4.79911E-06 -4.79910E-06 -5.55553E-12  0.00000E+00  0.00000E+00  1.32844E-07
   611  8.48924E+00 -3.86848E-06 -3.86848E-06 -4.48073E-12  0.00000E+00  0.00000E+00  1.05550E-07
   612  8.61667E+00 -3.11201E-06 -3.11201E-06 -3.60667E-12  0.00000E+00  0.00000E+00  8.37036E-08
   613  8.74524E+00 -2.49841E-06 -2.49841E-06 -2.89733E-12  0.00000E+00  0.00000E+00  6.62527E-08
   614  8.87495E+00 -2.00175E-06 -2.00175E-06 -2.32287E-12  0.00000E+00  0.00000E+00  5.23402E-08
   615  9.00580E+00 -1.60058E-06 -1.60058E-06 -1.85859E-12  0.00000E+00  0.00000E+00  4.12704E-08
   616  9.13778E+00 -1.27724E-06 -1.27724E-06 -1.48415E-12  0.00000E+00  0.00000E+00  3.24799E-08
   617  9.27089E+00 -1.01717E-06 -1.01717E-06 -1.18279E-12  0.00000E+00  0.00000E+00  2.55131E-08
   618  9.40512E+00 -8.08425E-07 -8.08424E-07 -9.40749E-13  0.00000E+00  0.00000E+00  2.00026E-08
   619  9.54047E+00 -6.41235E-07 -6.41234E-07 -7.46752E-13  0.00000E+00  0.00000E+00  1.56525E-08
   620  9.67694E+00 -5.07604E-07 -5.07604E-07 -5.91585E-13  0.00000E+00  0.00000E+00  1.22252E-08
   621  9.81451E+00 -4.01021E-07 -4.01020E-07 -4.67732E-13  0.00000E+00  0.00000E+00  9.53028E-09
   622  9.95320E+00 -3.16187E-07 -3.16186E-07 -3.69078E-13  0.00000E+00  0.00000E+00  7.41537E-09
   623  1.00930E+01 -2.48805E-07 -2.48804E-07 -2.90658E-13  0.00000E+00  0.00000E+00  5.75889E-09
   624  1.02339E+01 -1.95395E-07 -1.95394E-07 -2.28449E-13  0.00000E+00  0.00000E+00  4.46403E-09
   625  1.03759E+01 -1.53147E-07 -1.53147E-07 -1.79202E-13  0.00000E+00  0.00000E+00  3.45380E-09
   626  1.05189E+01 -1.19799E-07 -1.19799E-07 -1.40296E-13  0.00000E+00  0.00000E+00  2.66718E-09
   627  1.06631E+01 -9.35282E-08 -9.35281E-08 -1.09623E-13  0.00000E+00  0.00000E+00  2.05586E-09
   628  1.08083E+01 -7.28759E-08 -7.28758E-08 -8.54883E-14  0.00000E+00  0.00000E+00  1.58171E-09
   629  1.09546E+01 -5.66734E-08 -5.66733E-08 -6.65379E-14  0.00000E+00  0.00000E+00  1.21464E-09
   630  1.11020E+01 -4.39878E-08 -4.39877E-08 -5.16880E-14  0.00000E+00  0.00000E+00  9.31036E-10
   631  1.12504E+01 -3.40757E-08 -3.40757E-08 -4.00748E-14  0.00000E+00  0.00000E+00  7.12329E-10
   632  1.13999E+01 -2.63464E-08 -2.63464E-08 -3.10111E-14  0.00000E+00  0.00000E+00  5.43994E-10
   633  1.15504E+01 -2.03313E-08 -2.03313E-08 -2.39514E-14  0.00000E+00  0.00000E+00  4.14677E-10
   634  1.17020E+01 -1.56596E-08 -1.56596E-08 -1.84636E-14  0.00000E+00  0.00000E+00  3.15524E-10
   635  1.18546E+01 -1.20385E-08 -1.20385E-08 -1.42061E-14  0.00000E+00  0.00000E+00  2.39642E-10
   636  1.20083E+01 -9.23718E-09 -9.23717E-09 -1.09096E-14  0.00000E+00  0.00000E+00  1.81680E-10
   637  1.21630E+01 -7.07440E-09 -7.07439E-09 -8.36233E-15  0.00000E+00  0.00000E+00  1.37488E-10
   638  1.23187E+01 -5.40787E-09 -5.40786E-09 -6.39778E-15  0.00000E+00  0.00000E+00  1.03858E-10
   639  1.24754E+01 -4.12623E-09 -4.12622E-09 -4.88561E-15  0.00000E+00  0.00000E+00  7.83143E-11
   640  1.26332E+01 -3.14249E-09 -3.14249E-09 -3.72394E-15  0.00000E+00  0.00000E+00  5.89478E-11
   641  1.27919E+01 -2.38888E-09 -2.38887E-09 -2.83323E-15  0.00000E+00  0.00000E+00  4.42918E-11
   642  1.29516E+01 -1.81266E-09 -1.81266E-09 -2.15160E-15  0.00000E+00  0.00000E+00  3.32210E-11
   643  1.31124E+01 -1.37292E-09 -1.37292E-09 -1.63097E-15  0.00000E+00  0.00000E+00  2.48737E-11
   644  1.32741E+01 -1.03797E-09 -1.03797E-09 -1.23406E-15  0.00000E+00  0.00000E+00  1.85913E-11
   645  1.34368E+01 -7.83325E-10 -7.83325E-10 -9.32059E-16  0.00000E+00  0.00000E+00  1.38716E-11
   646  1.36005E+01 -5.90090E-10 -5.90090E-10 -7.02695E-16  0.00000E+00  0.00000E+00  1.03321E-11
   647  1.37651E+01 -4.43731E-10 -4.43730E-10 -5.28825E-16  0.00000E+00  0.00000E+00  7.68263E-12
   648  1.39307E+01 -3.33082E-10 -3.33081E-10 -3.97268E-16  0.00000E+00  0.00000E+00  5.70280E-12
   649  1.40973E+01 -2.49583E-10 -2.49583E-10 -2.97910E-16  0.00000E+00  0.00000E+00  4.22599E-12
   650  1.42648E+01 -1.86688E-10 -1.86688E-10 -2.23009E-16  0.00000E+00  0.00000E+00  3.12634E-12
   651  1.44332E+01 -1.39400E-10 -1.39400E-10 -1.66648E-16  0.00000E+00  0.00000E+00  2.30895E-12
   652  1.46026E+01 -1.03909E-10 -1.03909E-10 -1.24315E-16  0.00000E+00  0.00000E+00  1.70243E-12
   653  1.47729E+01 -7.73214E-11 -7.73213E-11 -9.25751E-17  0.00000E+00  0.00000E+00  1.25316E-12
   654  1.49441E+01 -5.74377E-11 -5.74376E-11 -6.88208E-17  0.00000E+00  0.00000E+00  9.20929E-13
   655  1.51163E+01 -4.25953E-11 -4.25953E-11 -5.10744E-17  0.00000E+00  0.00000E+00  6.75671E-13
   656  1.52894E+01 -3.15339E-11 -3.15339E-11 -3.78400E-17  0.00000E+00  0.00000E+00  4.94925E-13
   657  1.54633E+01 -2.33067E-11 -2.33067E-11 -2.79877E-17  0.00000E+00  0.00000E+00  3.61944E-13
   658  1.56382E+01 -1.71969E-11 -1.71969E-11 -2.06660E-17  0.00000E+00  0.00000E+00  2.64270E-13
   659  1.58140E+01 -1.26681E-11 -1.26681E-11 -1.52344E-17  0.00000E+00  0.00000E+00  1.92647E-13
   660  1.59906E+01 -9.31611E-12 -9.31610E-12 -1.12118E-17  0.00000E+00  0.00000E+00  1.40213E-13
   661  1.61681E+01 -6.83987E-12 -6.83986E-12 -8.23785E-18  0.00000E+00  0.00000E+00  1.01890E-13
   662  1.63465E+01 -5.01289E-12 -5.01288E-12 -6.04289E-18  0.00000E+00  0.00000E+00  7.39259E-14
   663  1.65258E+01 -3.66818E-12 -3.66818E-12 -4.42562E-18  0.00000E+00  0.00000E+00  5.35537E-14
   664  1.67059E+01 -2.68053E-12 -2.68052E-12 -3.23598E-18  0.00000E+00  0.00000E+00  3.87358E-14
   665  1.68869E+01 -1.95488E-12 -1.95488E-12 -2.36235E-18  0.00000E+00  0.00000E+00  2.79751E-14
   666  1.70687E+01 -1.42286E-12 -1.42286E-12 -1.72185E-18  0.00000E+00  0.00000E+00  2.01731E-14
   667  1.72514E+01 -1.03384E-12 -1.03384E-12 -1.25304E-18  0.00000E+00  0.00000E+00  1.45251E-14
   668  1.74348E+01 -7.49623E-13 -7.49623E-13 -9.10448E-19  0.00000E+00  0.00000E+00  1.04427E-14
   669  1.76192E+01 -5.42678E-13 -5.42677E-13 -6.60501E-19  0.00000E+00  0.00000E+00  7.49661E-15
   670  1.78043E+01 -3.91687E-13 -3.91687E-13 -4.78437E-19  0.00000E+00  0.00000E+00  5.37373E-15
   671  1.79903E+01 -2.82441E-13 -2.82441E-13 -3.46028E-19  0.00000E+00  0.00000E+00  3.84637E-15
   672  1.81770E+01 -2.02505E-13 -2.02505E-13 -2.49886E-19  0.00000E+00  0.00000E+00  2.74913E-15
   673  1.83646E+01 -1.45661E-13 -1.45661E-13 -1.80185E-19  0.00000E+00  0.00000E+00  1.96206E-15
   674  1.85530E+01 -1.03917E-13 -1.03917E-13 -1.29732E-19  0.00000E+00  0.00000E+00  1.39833E-15
   675  1.87422E+01 -9.32677E-20 -0.00000E+00 -9.32677E-20  0.00000E+00  0.00000E+00  9.95151E-16
   676  1.87422E+01 -0.00000E+00 -0.00000E+00  0.00000E+00  0.00000E+00  0.00000E+00  0.00000E+00
   677  3.74843E+01 -0.00000E+00 -0.00000E+00  0.00000E+00  0.00000E+00  0.00000E+00  0.00000E+00
   678  7.49686E+01 -0.00000E+00 -0.00000E+00  0.00000E+00  0.00000E+00  0.00000E+00  0.00000E+00
   679  1.49937E+02 -0.00000E+00 -0.00000E+00  0.00000E+00  0.00000E+00  0.00000E+00  0.00000E+00
   680  2.99874E+02 -0.00000E+00 -0.00000E+00  0.00000E+00  0.00000E+00  0.00000E+00  0.00000E+00
   681  5.99749E+02 -0.00000E+00 -0.00000E+00  0.00000E+00  0.00000E+00  0.00000E+00  0.00000E+00
   682  1.19950E+03 -0.00000E+00 -0.00000E+00  0.00000E+00  0.00000E+00  0.00000E+00  0.00000E+00
   683  2.39900E+03 -0.00000E+00 -0.00000E+00  0.00000E+00  0.00000E+00  0.00000E+00  0.00000E+00
   684  4.79799E+03 -0.00000E+00 -0.00000E+00  0.00000E+00  0.00000E+00  0.00000E+00  0.00000E+00
   685  9.59598E+03 -0.00000E+00 -0.00000E+00  0.00000E+00  0.00000E+00  0.00000E+00  0.00000E+00
   686  1.91920E+04 -0.00000E+00 -0.00000E+00  0.00000E+00  0.00000E+00  0.00000E+00  0.00000E+00
