

  **** PARTIAL WAVE ANALYSIS (DPWA0) ******************************************


  KINETIC ENERGY = 3.70000E+06 eV

      L       PHASE(SPIN UP)     PHASE(SPIN DOWN)
  -----------------------------------------------
       0      5.21076937E-02      0.00000000E+00
       1      4.63529087E-02      5.12162236E-02
       2      4.32083902E-02      4.59068491E-02
       3      4.10235062E-02      4.29110182E-02
       4      3.93450065E-02      4.08004785E-02
       5      3.79809654E-02      3.91665856E-02
       6      3.68316254E-02      3.78322826E-02
       7      3.58383558E-02      3.67041844E-02
       8      3.49637216E-02      3.57268462E-02
       9      3.41823446E-02      3.48646033E-02
      10      3.34762186E-02      3.40931395E-02
      11      3.28321017E-02      3.33951244E-02
      12      3.22399698E-02      3.27577667E-02
      13      3.16920504E-02      3.21713542E-02
      14      3.11821953E-02      3.16283374E-02
      15      3.07054565E-02      3.11227312E-02
      16      3.02577928E-02      3.06497102E-02
      17      2.98358610E-02      3.02053271E-02
      18      2.94368634E-02      2.97863114E-02
      19      2.90584357E-02      2.93899231E-02
      20      2.86985613E-02      2.90138437E-02
      21      2.83555068E-02      2.86560942E-02
      22      2.80277707E-02      2.83149713E-02
      23      2.77140445E-02      2.79889991E-02
      24      2.74131804E-02      2.76768898E-02
      25      2.71241662E-02      2.73775132E-02
      26      2.68461048E-02      2.70898722E-02
      27      2.65781973E-02      2.68130823E-02
      28      2.63197292E-02      2.65463556E-02
      29      2.60700590E-02      2.62889869E-02
      30      2.58286085E-02      2.60403429E-02
      31      2.55948545E-02      2.57998523E-02
      32      2.53683225E-02      2.55669983E-02
      33      2.51485806E-02      2.53413119E-02
      34      2.49352344E-02      2.51223658E-02
      35      2.47279231E-02      2.49097700E-02
      36      2.45263154E-02      2.47031674E-02
      37      2.43301069E-02      2.45022302E-02
      38      2.41390167E-02      2.43066569E-02
      39      2.39527853E-02      2.41161693E-02
      40      2.37711727E-02      2.39305105E-02
      41      2.35939560E-02      2.37494426E-02
      42      2.34209282E-02      2.35727446E-02
      43      2.32518967E-02      2.34002116E-02
      44      2.30866817E-02      2.32316523E-02
      45      2.29251155E-02      2.30668885E-02
      46      2.27670410E-02      2.29057540E-02
      47      2.26123112E-02      2.27480928E-02
      48      2.24607883E-02      2.25937592E-02
      49      2.23123426E-02      2.24426163E-02
      50      2.21668523E-02      2.22945354E-02
      51      2.20242027E-02      2.21493957E-02
      52      2.18842855E-02      2.20070831E-02
      53      2.17469989E-02      2.18674904E-02
      54      2.16122461E-02      2.17305161E-02
      55      2.14799361E-02      2.15960645E-02
      56      2.13499824E-02      2.14640448E-02
      57      2.12223031E-02      2.13343712E-02
      58      2.10968206E-02      2.12069625E-02
      59      2.09734611E-02      2.10817414E-02
      60      2.08521545E-02      2.09586346E-02
      61      2.07328343E-02      2.08375725E-02
      62      2.06154368E-02      2.07184888E-02
      63      2.04999017E-02      2.06013204E-02
      64      2.03861712E-02      2.04860072E-02
      65      2.02741905E-02      2.03724920E-02
      66      2.01639070E-02      2.02607199E-02
      67      2.00552704E-02      2.01506388E-02
      68      1.99482329E-02      2.00421987E-02
      69      1.98427485E-02      1.99353521E-02
      70      1.97387733E-02      1.98300531E-02
      71      1.96362651E-02      1.97262580E-02
      72      1.95351837E-02      1.96239251E-02
      73      1.94354902E-02      1.95230140E-02
      74      1.93371476E-02      1.94234864E-02
      75      1.92401201E-02      1.93253052E-02
      76      1.91443735E-02      1.92284349E-02
      77      1.90498749E-02      1.91328415E-02
      78      1.89565925E-02      1.90384920E-02
      79      1.88644959E-02      1.89453551E-02
      80      1.87735557E-02      1.88534003E-02
      81      1.86837436E-02      1.87625985E-02
      82      1.85950325E-02      1.86729214E-02
      83      1.85073959E-02      1.85843420E-02
      84      1.84208087E-02      1.84968342E-02
      85      1.83352464E-02      1.84103726E-02
      86      1.82506854E-02      1.83249330E-02
      87      1.81671028E-02      1.82404918E-02
      88      1.80844767E-02      1.81570265E-02
      89      1.80027859E-02      1.80745150E-02
      90      1.79220096E-02      1.79929362E-02
      91      1.78421282E-02      1.79122696E-02
      92      1.77631223E-02      1.78324954E-02
      93      1.76849732E-02      1.77535944E-02
      94      1.76076630E-02      1.76755480E-02
      95      1.75311742E-02      1.75983384E-02  i
      96      1.74554898E-02      1.75219481E-02  i
      97      1.73805935E-02      1.74463602E-02  i
      98      1.73064693E-02      1.73715584E-02  i
      99      1.72331018E-02      1.72975268E-02  i
     100      1.71604761E-02      1.72242501E-02  i
     105      1.68079800E-02      1.68686830E-02  i
     110      1.64720185E-02      1.65299264E-02  i
     115      1.61511445E-02      1.62064973E-02  i
     120      1.58440945E-02      1.58971024E-02  i
     125      1.55497583E-02      1.56006064E-02  i
     130      1.52671555E-02      1.53160075E-02  i
     135      1.49954158E-02      1.50424175E-02  i
     140      1.47337632E-02      1.47790447E-02  i
     145      1.44815028E-02      1.45251810E-02  i
     150      1.42380099E-02      1.42801898E-02  i
     155      1.40027208E-02      1.40434974E-02  i
     160      1.37751251E-02      1.38145846E-02  i
     165      1.35547592E-02      1.35929798E-02  i
     170      1.33412007E-02      1.33782540E-02  i
     175      1.31340637E-02      1.31700150E-02  i
     180      1.29329947E-02      1.29679039E-02  i
     185      1.27376689E-02      1.27715912E-02  i
     190      1.25477875E-02      1.25807737E-02  i
     195      1.23630748E-02      1.23951717E-02  i
     200      1.21832756E-02      1.22145267E-02  i
     205      1.20081539E-02      1.20385993E-02  i
     210      1.18374902E-02      1.18671674E-02  i
     215      1.16710806E-02      1.17000244E-02  i
     220      1.15087352E-02      1.15369779E-02  i
     225      1.13502766E-02      1.13778486E-02  i
     230      1.11955391E-02      1.12224687E-02  i
     235      1.10443676E-02      1.10706813E-02  i
     240      1.08966166E-02      1.09223394E-02  i
     245      1.07521498E-02      1.07773050E-02  i
     250      1.06108387E-02      1.06354483E-02  i
     255      1.04725627E-02      1.04966473E-02  i
     260      1.03372078E-02      1.03607871E-02  i
     265      1.02046668E-02      1.02277591E-02  i
     270      1.00748382E-02      1.00974609E-02  i
     275      9.94762607E-03      9.96979570E-03  i
     280      9.82293968E-03      9.84467182E-03  i
     285      9.70069299E-03      9.72200244E-03  i
     290      9.58080441E-03      9.60170519E-03  i
     295      9.46319649E-03      9.48370192E-03  i
     300      9.34779560E-03      9.36791836E-03  i
     310      9.12333824E-03      9.14273124E-03  i
     320      8.90691135E-03      8.92561837E-03  i
     330      8.69804127E-03      8.71610219E-03  i
     340      8.49629610E-03      8.51374732E-03  i
     350      8.30128082E-03      8.31815567E-03  i
     360      8.11263316E-03      8.12896227E-03  i
     370      7.93002007E-03      7.94583161E-03  i
     380      7.75313456E-03      7.76845453E-03  i
     390      7.58169301E-03      7.59654546E-03  i
     400      7.41543285E-03      7.42984006E-03  i
     410      7.25411047E-03      7.26809313E-03  i
     420      7.09749939E-03      7.11107676E-03  i
     430      6.94538867E-03      6.95857869E-03  i
     440      6.79758148E-03      6.81040093E-03  i
     450      6.65389387E-03      6.66635841E-03  i
     460      6.51415360E-03      6.52627793E-03  i
     470      6.37819917E-03      6.38999707E-03  i
     480      6.24587892E-03      6.25736335E-03  i
     490      6.11705022E-03      6.12823335E-03  i
     500      5.99157873E-03      6.00247206E-03  i
     510      5.86933778E-03      5.87995216E-03  i
     520      5.75020778E-03      5.76055344E-03  i
     530      5.63407566E-03      5.64416228E-03  i
     540      5.52083441E-03      5.53067116E-03  i
     550      5.41038261E-03      5.41997819E-03  i
     560      5.30262409E-03      5.31198675E-03  i
     570      5.19746751E-03      5.20660509E-03  i
     580      5.09482605E-03      5.10374601E-03  i
     590      4.99461711E-03      5.00332655E-03  i
     600      4.89676203E-03      4.90526770E-03  i
     620      4.70781693E-03      4.71593411E-03  i
     640      4.52743094E-03      4.53518317E-03  i
     660      4.35509287E-03      4.36250167E-03  i
     680      4.19033448E-03      4.19741958E-03  i
     700      4.03272561E-03      4.03950516E-03  i
     720      3.88186999E-03      3.88836076E-03  i
     740      3.73740170E-03      3.74361916E-03  i
     760      3.59898197E-03      3.60494047E-03  i
     780      3.46629649E-03      3.47200936E-03  i
     800      3.33905304E-03      3.34453268E-03  i
     820      3.21697936E-03      3.22223734E-03  i
     840      3.09982134E-03      3.10486847E-03  i
     860      2.98734141E-03      2.99218780E-03  i
     880      2.87931705E-03      2.88397217E-03  i
     900      2.77553954E-03      2.78001229E-03  i
     920      2.67581280E-03      2.68011155E-03  i
     940      2.57995239E-03      2.58408500E-03  i
     960      2.48778456E-03      2.49175846E-03  i
     980      2.39914546E-03      2.40296765E-03  i
    1000      2.31388037E-03      2.31755746E-03  i
    1020      2.23184303E-03      2.23538128E-03  i
    1040      2.15289505E-03      2.15630038E-03  i
    1060      2.07690534E-03      2.08018337E-03  i
    1080      2.00374961E-03      2.00690565E-03  i
    1100      1.93330992E-03      1.93634903E-03  i
    1120      1.86547425E-03      1.86840123E-03  i
    1140      1.80013612E-03      1.80295554E-03  i
    1160      1.73719425E-03      1.73991046E-03  i
    1180      1.67655222E-03      1.67916935E-03  i
    1200      1.61811820E-03      1.62064020E-03  i
    1250      1.48112853E-03      1.48342877E-03  i
    1300      1.35614084E-03      1.35824025E-03  i
    1350      1.24203013E-03      1.24394741E-03  i
    1400      1.13779036E-03      1.13954225E-03  i
    1450      1.04251938E-03      1.04412091E-03  i
    1500      9.55406214E-04      9.56870913E-04  i
    1550      8.75720247E-04      8.77060316E-04  i
    1600      8.02802015E-04      8.04028476E-04  i
    1650      7.36055250E-04      7.37178076E-04  i
    1700      6.74940007E-04      6.75968236E-04  i
    1750      6.18966632E-04      6.19908465E-04  i
    1800      5.67690606E-04      5.68553493E-04  i
    1850      5.20707899E-04      5.21498614E-04  i
    1900      4.77650936E-04      4.78375644E-04  i
    1950      4.38185010E-04      4.38849328E-04  i
    2000      4.02005106E-04      4.02614154E-04  i
    2050      3.68833066E-04      3.69391516E-04  i
    2100      3.38415066E-04      3.38927181E-04  i
    2150      3.10519351E-04      3.10989025E-04  i
    2200      2.84934206E-04      2.85364998E-04  i
    2250      2.61466133E-04      2.61861295E-04  i
    2300      2.39938206E-04      2.40300713E-04  i
    2350      2.20188594E-04      2.20521167E-04  i
    2400      2.02069214E-04      2.02374345E-04  i
    2450      1.85444528E-04      1.85724496E-04  i
    2500      1.70190440E-04      1.70447332E-04  i
    2550      1.56193301E-04      1.56429030E-04  i
    2600      1.43349006E-04      1.43565324E-04  i
    2650      1.31562173E-04      1.31760685E-04  i
    2700      1.20745392E-04      1.20927569E-04  i
    2750      1.10818547E-04      1.10985737E-04  i
    2800      1.01708192E-04      1.01861633E-04  i
    2850      9.33469918E-05      9.34878164E-05  i
    2900      8.56732087E-05      8.58024566E-05  i
    2950      7.86302061E-05      7.87488307E-05  i
    3000      7.21660555E-05      7.22749312E-05  i
    3100      6.07876891E-05      6.08794070E-05  i
    3200      5.12023163E-05      5.12795824E-05  i
    3300      4.31272679E-05      4.31923596E-05  i
    3400      3.63245506E-05      3.63793862E-05  i
    3500      3.05937276E-05      3.06399224E-05  i
    3600      2.57659899E-05      2.58049049E-05  i
    3700      2.16991102E-05      2.17318916E-05  i
    3800      1.82732809E-05      1.83008947E-05  i
    3900      1.53875593E-05      1.54108190E-05  i
    4000      1.29568940E-05      1.29764855E-05  i
    4100      1.09096060E-05      1.09261070E-05  i
    4200      9.18531053E-06      9.19920783E-06  i
    4300      7.73312252E-06      7.74482645E-06  i
    4400      6.51016786E-06      6.52002402E-06  i
    4500      5.48030911E-06      5.48860874E-06  i
    4600      4.61310722E-06      4.62009587E-06  i
    4700      3.88291594E-06      3.88880034E-06  i
    4800      3.26811748E-06      3.27307173E-06  i
    4900      2.75051091E-06      2.75468193E-06  i
    5000      2.31475194E-06      2.31826330E-06  i
    5100      1.94792163E-06      1.95087737E-06  i
    5200      1.63913442E-06      1.64162250E-06  i
    5300      1.37922032E-06      1.38131446E-06  i
    5400      1.16045936E-06      1.16222200E-06  i
    5500      9.76341983E-07      9.77825369E-07  i
    5600      8.21393235E-07      8.22641617E-07  i
    5700      6.90998812E-07      6.92049324E-07  i
    5800      5.81274713E-07      5.82158671E-07  i
    5900      4.88926741E-07      4.89670452E-07  i
    6000      4.11263930E-07      4.11889731E-07  i
    6100      3.45906574E-07      3.46433104E-07  i
    6200      2.90892056E-07      2.91334999E-07  i
    6300      2.44626262E-07      2.44998860E-07  i
    6400      2.05713656E-07      2.06027165E-07  i
    6500      1.73019747E-07      1.73283428E-07  i
    6600      1.45436018E-07      1.45657722E-07  i
    6700      1.22279548E-07      1.22466019E-07  i
    6800      1.02803662E-07      1.02960523E-07  i
    6900      8.64244445E-08      8.65563522E-08  i
    7000      7.26340994E-08      7.27450898E-08  i
    7100      6.10505740E-08      6.11438410E-08  i
    7200      5.13102873E-08      5.13886757E-08  i
    7300      4.31200335E-08      4.31859780E-08  i
    7400      3.62335010E-08      3.62890208E-08  i
    7500      3.04188048E-08      3.04654317E-08  i
    7600      2.55504314E-08      2.55894941E-08  i
    7700      2.14570599E-08      2.14901340E-08  i
    7800      1.80157503E-08      1.80434949E-08  i
    7900      1.51223249E-08      1.51456643E-08  i
    8000      1.26900549E-08      1.27098200E-08  i
    8100      1.06082306E-08      1.06249096E-08  i
    8200      8.88794438E-09      8.90196047E-09  i
    8300      7.44201826E-09      7.45349474E-09  i
    8400      6.22555228E-09      6.23513624E-09  i
    8500      5.20214487E-09      5.21059778E-09  i
    8600      4.34142246E-09      4.34815684E-09  i
    8700      3.61686312E-09      3.62250650E-09  i
    8800      2.94421583E-09      2.94913512E-09  i
    8900      2.42607263E-09      2.42998237E-09  i
    9000      1.98812132E-09      1.99191263E-09  i
    9100      1.61714604E-09      1.62047905E-09  i
    9200      1.30092719E-09      1.30377194E-09  i
    9300      1.02975498E-09      1.03215118E-09  i


  *** SCATTERING AMPLITUDES AND DIFFERENTIAL CROSS SECTION ***

    ANGLE      DCS       ASYMMETRY    DIRECT AMPLITUDE       SPIN-FLIP AMPLITUDE     ERROR
    (deg)   (cm**2/sr)                      (cm)                    (cm)
  -------------------------------------------------------------------------------------------
  0.000E+00 1.90149E-15  0.000E+00 ( 4.361E-08, 1.870E-10) ( 0.000E+00, 0.000E+00)  1.00E-07
  1.000E-04 1.90148E-15  0.000E+00 ( 4.361E-08, 1.870E-10) ( 3.344E-14, 1.434E-16)  1.00E-07
  1.250E-04 1.90148E-15  0.000E+00 ( 4.361E-08, 1.870E-10) ( 4.179E-14, 1.792E-16)  1.00E-07
  1.500E-04 1.90148E-15  0.000E+00 ( 4.361E-08, 1.870E-10) ( 5.015E-14, 2.151E-16)  1.00E-07
  1.750E-04 1.90147E-15  0.000E+00 ( 4.361E-08, 1.870E-10) ( 5.851E-14, 2.509E-16)  1.00E-07
  2.000E-04 1.90147E-15  0.000E+00 ( 4.361E-08, 1.870E-10) ( 6.687E-14, 2.868E-16)  1.00E-07
  2.250E-04 1.90146E-15  0.000E+00 ( 4.361E-08, 1.870E-10) ( 7.523E-14, 3.226E-16)  1.00E-07
  2.500E-04 1.90146E-15  0.000E+00 ( 4.361E-08, 1.870E-10) ( 8.359E-14, 3.585E-16)  1.00E-07
  2.750E-04 1.90145E-15  0.000E+00 ( 4.361E-08, 1.870E-10) ( 9.195E-14, 3.943E-16)  1.00E-07
  3.000E-04 1.90144E-15  0.000E+00 ( 4.361E-08, 1.870E-10) ( 1.003E-13, 4.302E-16)  1.00E-07
  3.250E-04 1.90143E-15  0.000E+00 ( 4.361E-08, 1.870E-10) ( 1.087E-13, 4.660E-16)  1.00E-07
  3.500E-04 1.90142E-15  0.000E+00 ( 4.360E-08, 1.870E-10) ( 1.170E-13, 5.019E-16)  1.00E-07
  3.750E-04 1.90141E-15  0.000E+00 ( 4.360E-08, 1.870E-10) ( 1.254E-13, 5.377E-16)  1.00E-07
  4.000E-04 1.90140E-15  0.000E+00 ( 4.360E-08, 1.870E-10) ( 1.337E-13, 5.735E-16)  1.00E-07
  4.250E-04 1.90139E-15  0.000E+00 ( 4.360E-08, 1.870E-10) ( 1.421E-13, 6.094E-16)  1.00E-07
  4.500E-04 1.90138E-15  0.000E+00 ( 4.360E-08, 1.870E-10) ( 1.505E-13, 6.452E-16)  1.00E-07
  4.750E-04 1.90137E-15  0.000E+00 ( 4.360E-08, 1.870E-10) ( 1.588E-13, 6.811E-16)  1.00E-07
  5.000E-04 1.90135E-15  0.000E+00 ( 4.360E-08, 1.870E-10) ( 1.672E-13, 7.169E-16)  1.00E-07
  5.250E-04 1.90134E-15  0.000E+00 ( 4.360E-08, 1.870E-10) ( 1.755E-13, 7.528E-16)  1.00E-07
  5.500E-04 1.90132E-15  0.000E+00 ( 4.360E-08, 1.870E-10) ( 1.839E-13, 7.886E-16)  1.00E-07
  5.750E-04 1.90131E-15  0.000E+00 ( 4.360E-08, 1.870E-10) ( 1.922E-13, 8.245E-16)  1.00E-07
  6.000E-04 1.90129E-15  0.000E+00 ( 4.360E-08, 1.870E-10) ( 2.006E-13, 8.603E-16)  1.00E-07
  6.250E-04 1.90128E-15  0.000E+00 ( 4.360E-08, 1.870E-10) ( 2.090E-13, 8.962E-16)  1.00E-07
  6.500E-04 1.90126E-15  0.000E+00 ( 4.360E-08, 1.870E-10) ( 2.173E-13, 9.320E-16)  1.00E-07
  6.750E-04 1.90124E-15  0.000E+00 ( 4.360E-08, 1.870E-10) ( 2.257E-13, 9.678E-16)  1.00E-07
  7.000E-04 1.90122E-15  0.000E+00 ( 4.360E-08, 1.870E-10) ( 2.340E-13, 1.004E-15)  1.00E-07
  7.250E-04 1.90120E-15  0.000E+00 ( 4.360E-08, 1.870E-10) ( 2.424E-13, 1.040E-15)  1.00E-07
  7.500E-04 1.90118E-15  0.000E+00 ( 4.360E-08, 1.870E-10) ( 2.507E-13, 1.075E-15)  1.00E-07
  7.750E-04 1.90116E-15  0.000E+00 ( 4.360E-08, 1.870E-10) ( 2.591E-13, 1.111E-15)  1.00E-07
  8.000E-04 1.90114E-15  0.000E+00 ( 4.360E-08, 1.870E-10) ( 2.675E-13, 1.147E-15)  1.00E-07
  8.250E-04 1.90112E-15  0.000E+00 ( 4.360E-08, 1.870E-10) ( 2.758E-13, 1.183E-15)  1.00E-07
  8.500E-04 1.90110E-15  0.000E+00 ( 4.360E-08, 1.870E-10) ( 2.842E-13, 1.219E-15)  1.00E-07
  8.750E-04 1.90107E-15  0.000E+00 ( 4.360E-08, 1.870E-10) ( 2.925E-13, 1.255E-15)  1.00E-07
  9.000E-04 1.90105E-15  0.000E+00 ( 4.360E-08, 1.870E-10) ( 3.009E-13, 1.290E-15)  1.00E-07
  9.250E-04 1.90102E-15  0.000E+00 ( 4.360E-08, 1.870E-10) ( 3.092E-13, 1.326E-15)  1.00E-07
  9.500E-04 1.90100E-15  0.000E+00 ( 4.360E-08, 1.870E-10) ( 3.176E-13, 1.362E-15)  1.00E-07
  9.750E-04 1.90097E-15  0.000E+00 ( 4.360E-08, 1.870E-10) ( 3.259E-13, 1.398E-15)  1.00E-07
  1.000E-03 1.90094E-15  0.000E+00 ( 4.360E-08, 1.870E-10) ( 3.343E-13, 1.434E-15)  1.00E-07
  1.250E-03 1.90064E-15  0.000E+00 ( 4.360E-08, 1.870E-10) ( 4.178E-13, 1.792E-15)  1.00E-07
  1.500E-03 1.90026E-15  0.000E+00 ( 4.359E-08, 1.870E-10) ( 5.014E-13, 2.151E-15)  1.00E-07
  1.750E-03 1.89982E-15  0.000E+00 ( 4.359E-08, 1.870E-10) ( 5.849E-13, 2.509E-15)  1.00E-07
  2.000E-03 1.89931E-15  0.000E+00 ( 4.358E-08, 1.870E-10) ( 6.683E-13, 2.867E-15)  1.00E-07
  2.250E-03 1.89873E-15  0.000E+00 ( 4.357E-08, 1.870E-10) ( 7.517E-13, 3.226E-15)  1.00E-07
  2.500E-03 1.89808E-15  0.000E+00 ( 4.357E-08, 1.870E-10) ( 8.351E-13, 3.584E-15)  1.00E-07
  2.750E-03 1.89737E-15  0.000E+00 ( 4.356E-08, 1.870E-10) ( 9.185E-13, 3.942E-15)  1.00E-07
  3.000E-03 1.89659E-15  0.000E+00 ( 4.355E-08, 1.870E-10) ( 1.002E-12, 4.300E-15)  1.00E-07
  3.250E-03 1.89574E-15  0.000E+00 ( 4.354E-08, 1.869E-10) ( 1.085E-12, 4.659E-15)  1.00E-07
  3.500E-03 1.89482E-15  0.000E+00 ( 4.353E-08, 1.869E-10) ( 1.168E-12, 5.017E-15)  1.00E-07
  3.750E-03 1.89384E-15  0.000E+00 ( 4.352E-08, 1.869E-10) ( 1.251E-12, 5.375E-15)  1.00E-07
  4.000E-03 1.89279E-15  0.000E+00 ( 4.351E-08, 1.869E-10) ( 1.334E-12, 5.733E-15)  1.00E-07
  4.250E-03 1.89167E-15  0.000E+00 ( 4.349E-08, 1.869E-10) ( 1.417E-12, 6.091E-15)  1.00E-07
  4.500E-03 1.89048E-15  0.000E+00 ( 4.348E-08, 1.869E-10) ( 1.500E-12, 6.449E-15)  1.00E-07
  4.750E-03 1.88923E-15  0.000E+00 ( 4.346E-08, 1.869E-10) ( 1.583E-12, 6.806E-15)  1.00E-07
  5.000E-03 1.88791E-15  0.000E+00 ( 4.345E-08, 1.869E-10) ( 1.666E-12, 7.164E-15)  1.00E-07
  5.250E-03 1.88653E-15  0.000E+00 ( 4.343E-08, 1.869E-10) ( 1.748E-12, 7.522E-15)  1.00E-07
  5.500E-03 1.88508E-15  0.000E+00 ( 4.342E-08, 1.868E-10) ( 1.831E-12, 7.879E-15)  1.00E-07
  5.750E-03 1.88356E-15  0.000E+00 ( 4.340E-08, 1.868E-10) ( 1.913E-12, 8.237E-15)  1.00E-07
  6.000E-03 1.88198E-15  0.000E+00 ( 4.338E-08, 1.868E-10) ( 1.996E-12, 8.594E-15)  1.00E-07
  6.250E-03 1.88034E-15  0.000E+00 ( 4.336E-08, 1.868E-10) ( 2.078E-12, 8.952E-15)  1.00E-07
  6.500E-03 1.87862E-15  0.000E+00 ( 4.334E-08, 1.868E-10) ( 2.160E-12, 9.309E-15)  1.00E-07
  6.750E-03 1.87685E-15  0.000E+00 ( 4.332E-08, 1.868E-10) ( 2.242E-12, 9.666E-15)  1.00E-07
  7.000E-03 1.87501E-15  0.000E+00 ( 4.330E-08, 1.867E-10) ( 2.324E-12, 1.002E-14)  1.00E-07
  7.250E-03 1.87310E-15  0.000E+00 ( 4.328E-08, 1.867E-10) ( 2.406E-12, 1.038E-14)  1.00E-07
  7.500E-03 1.87113E-15  0.000E+00 ( 4.326E-08, 1.867E-10) ( 2.488E-12, 1.074E-14)  1.00E-07
  7.750E-03 1.86910E-15  0.000E+00 ( 4.323E-08, 1.867E-10) ( 2.569E-12, 1.109E-14)  1.00E-07
  8.000E-03 1.86700E-15  0.000E+00 ( 4.321E-08, 1.867E-10) ( 2.650E-12, 1.145E-14)  1.00E-07
  8.250E-03 1.86484E-15  0.000E+00 ( 4.318E-08, 1.866E-10) ( 2.732E-12, 1.181E-14)  1.00E-07
  8.500E-03 1.86262E-15  0.000E+00 ( 4.316E-08, 1.866E-10) ( 2.813E-12, 1.216E-14)  1.00E-07
  8.750E-03 1.86033E-15  0.000E+00 ( 4.313E-08, 1.866E-10) ( 2.894E-12, 1.252E-14)  1.00E-07
  9.000E-03 1.85799E-15  0.000E+00 ( 4.310E-08, 1.866E-10) ( 2.975E-12, 1.287E-14)  1.00E-07
  9.250E-03 1.85558E-15  0.000E+00 ( 4.308E-08, 1.865E-10) ( 3.055E-12, 1.323E-14)  1.00E-07
  9.500E-03 1.85311E-15  0.000E+00 ( 4.305E-08, 1.865E-10) ( 3.136E-12, 1.359E-14)  1.00E-07
  9.750E-03 1.85057E-15  0.000E+00 ( 4.302E-08, 1.865E-10) ( 3.216E-12, 1.394E-14)  1.00E-07
  1.000E-02 1.84798E-15  0.000E+00 ( 4.299E-08, 1.865E-10) ( 3.296E-12, 1.430E-14)  1.00E-07
  1.250E-02 1.81880E-15  0.000E+00 ( 4.265E-08, 1.862E-10) ( 4.088E-12, 1.784E-14)  1.00E-07
  1.500E-02 1.78399E-15  0.000E+00 ( 4.224E-08, 1.858E-10) ( 4.858E-12, 2.137E-14)  1.00E-07
  1.750E-02 1.74404E-15  0.000E+00 ( 4.176E-08, 1.854E-10) ( 5.604E-12, 2.487E-14)  1.00E-07
  2.000E-02 1.69947E-15  0.000E+00 ( 4.122E-08, 1.849E-10) ( 6.322E-12, 2.835E-14)  1.00E-07
  2.250E-02 1.65085E-15  0.000E+00 ( 4.063E-08, 1.843E-10) ( 7.010E-12, 3.180E-14)  1.00E-07
  2.500E-02 1.59877E-15  0.000E+00 ( 3.998E-08, 1.837E-10) ( 7.665E-12, 3.522E-14)  1.00E-07
  2.750E-02 1.54384E-15  0.000E+00 ( 3.929E-08, 1.830E-10) ( 8.285E-12, 3.859E-14)  1.00E-07
  3.000E-02 1.48664E-15  0.000E+00 ( 3.856E-08, 1.823E-10) ( 8.869E-12, 4.193E-14)  1.00E-07
  3.250E-02 1.42778E-15  0.000E+00 ( 3.779E-08, 1.815E-10) ( 9.416E-12, 4.523E-14)  1.00E-07
  3.500E-02 1.36779E-15  0.000E+00 ( 3.698E-08, 1.807E-10) ( 9.925E-12, 4.848E-14)  1.00E-07
  3.750E-02 1.30721E-15  0.000E+00 ( 3.615E-08, 1.798E-10) ( 1.040E-11, 5.169E-14)  1.00E-07
  4.000E-02 1.24652E-15  0.000E+00 ( 3.531E-08, 1.788E-10) ( 1.083E-11, 5.484E-14)  1.00E-07
  4.250E-02 1.18616E-15  0.000E+00 ( 3.444E-08, 1.778E-10) ( 1.122E-11, 5.794E-14)  1.00E-07
  4.500E-02 1.12653E-15  0.000E+00 ( 3.356E-08, 1.768E-10) ( 1.158E-11, 6.099E-14)  1.00E-07
  4.750E-02 1.06796E-15  0.000E+00 ( 3.268E-08, 1.757E-10) ( 1.190E-11, 6.398E-14)  1.00E-07
  5.000E-02 1.01075E-15  0.000E+00 ( 3.179E-08, 1.745E-10) ( 1.219E-11, 6.691E-14)  1.00E-07
  5.250E-02 9.55136E-16  0.000E+00 ( 3.090E-08, 1.733E-10) ( 1.244E-11, 6.978E-14)  1.00E-07
  5.500E-02 9.01327E-16  0.000E+00 ( 3.002E-08, 1.721E-10) ( 1.266E-11, 7.258E-14)  1.00E-07
  5.750E-02 8.49474E-16  0.000E+00 ( 2.915E-08, 1.709E-10) ( 1.285E-11, 7.533E-14)  1.00E-07
  6.000E-02 7.99694E-16  0.000E+00 ( 2.828E-08, 1.696E-10) ( 1.301E-11, 7.801E-14)  1.00E-07
  6.250E-02 7.52068E-16  0.000E+00 ( 2.742E-08, 1.682E-10) ( 1.314E-11, 8.062E-14)  1.00E-07
  6.500E-02 7.06643E-16  0.000E+00 ( 2.658E-08, 1.669E-10) ( 1.325E-11, 8.317E-14)  1.00E-07
  6.750E-02 6.63441E-16  0.000E+00 ( 2.576E-08, 1.655E-10) ( 1.333E-11, 8.565E-14)  1.00E-07
  7.000E-02 6.22457E-16  0.000E+00 ( 2.495E-08, 1.641E-10) ( 1.339E-11, 8.806E-14)  1.00E-07
  7.250E-02 5.83668E-16  0.000E+00 ( 2.416E-08, 1.626E-10) ( 1.343E-11, 9.041E-14)  1.00E-07
  7.500E-02 5.47033E-16  0.000E+00 ( 2.339E-08, 1.612E-10) ( 1.345E-11, 9.268E-14)  1.00E-07
  7.750E-02 5.12496E-16  0.000E+00 ( 2.264E-08, 1.597E-10) ( 1.345E-11, 9.489E-14)  1.00E-07
  8.000E-02 4.79993E-16  0.000E+00 ( 2.191E-08, 1.582E-10) ( 1.344E-11, 9.703E-14)  1.00E-07
  8.250E-02 4.49449E-16  0.000E+00 ( 2.120E-08, 1.567E-10) ( 1.341E-11, 9.910E-14)  1.00E-07
  8.500E-02 4.20785E-16  0.000E+00 ( 2.051E-08, 1.551E-10) ( 1.337E-11, 1.011E-13)  1.00E-07
  8.750E-02 3.93915E-16  0.000E+00 ( 1.985E-08, 1.536E-10) ( 1.332E-11, 1.030E-13)  1.00E-07
  9.000E-02 3.68753E-16  0.000E+00 ( 1.920E-08, 1.520E-10) ( 1.325E-11, 1.049E-13)  1.00E-07
  9.250E-02 3.45213E-16  0.000E+00 ( 1.858E-08, 1.505E-10) ( 1.318E-11, 1.067E-13)  1.00E-07
  9.500E-02 3.23204E-16  0.000E+00 ( 1.798E-08, 1.489E-10) ( 1.310E-11, 1.085E-13)  1.00E-07
  9.750E-02 3.02643E-16  0.000E+00 ( 1.740E-08, 1.473E-10) ( 1.301E-11, 1.101E-13)  1.00E-07
  1.000E-01 2.83443E-16  0.000E+00 ( 1.684E-08, 1.457E-10) ( 1.291E-11, 1.117E-13)  1.00E-07
  1.250E-01 1.49836E-16  0.000E+00 ( 1.224E-08, 1.299E-10) ( 1.173E-11, 1.245E-13)  1.00E-07
  1.500E-01 8.29661E-17  0.000E+00 ( 9.108E-09, 1.150E-10) ( 1.048E-11, 1.322E-13)  1.00E-07
  1.750E-01 4.84259E-17  0.000E+00 ( 6.958E-09, 1.015E-10) ( 9.337E-12, 1.361E-13)  1.00E-07
  2.000E-01 2.97268E-17  0.000E+00 ( 5.451E-09, 8.957E-11) ( 8.360E-12, 1.374E-13)  1.00E-07
  2.250E-01 1.90909E-17  0.000E+00 ( 4.369E-09, 7.929E-11) ( 7.537E-12, 1.368E-13)  1.00E-07
  2.500E-01 1.27527E-17  0.000E+00 ( 3.570E-09, 7.046E-11) ( 6.844E-12, 1.351E-13)  1.02E-07
  2.750E-01 8.81348E-18  0.000E+00 ( 2.968E-09, 6.290E-11) ( 6.259E-12, 1.326E-13)  1.43E-07
  3.000E-01 6.27254E-18  0.000E+00 ( 2.504E-09, 5.643E-11) ( 5.760E-12, 1.298E-13)  1.00E-07
  3.250E-01 4.57913E-18  0.000E+00 ( 2.139E-09, 5.086E-11) ( 5.331E-12, 1.267E-13)  1.12E-07
  3.500E-01 3.41769E-18  0.000E+00 ( 1.848E-09, 4.606E-11) ( 4.960E-12, 1.236E-13)  2.12E-07
  3.750E-01 2.60076E-18  0.000E+00 ( 1.612E-09, 4.190E-11) ( 4.636E-12, 1.205E-13)  1.33E-07
  4.000E-01 2.01319E-18  0.000E+00 ( 1.418E-09, 3.827E-11) ( 4.350E-12, 1.174E-13)  1.00E-07
  4.250E-01 1.58212E-18  0.000E+00 ( 1.257E-09, 3.510E-11) ( 4.097E-12, 1.144E-13)  2.73E-07
  4.500E-01 1.26025E-18  0.000E+00 ( 1.122E-09, 3.231E-11) ( 3.872E-12, 1.115E-13)  2.36E-07
  4.750E-01 1.01607E-18  0.000E+00 ( 1.008E-09, 2.985E-11) ( 3.670E-12, 1.087E-13)  1.00E-07
  5.000E-01 8.28181E-19  0.000E+00 ( 9.096E-10, 2.766E-11) ( 3.487E-12, 1.060E-13)  3.08E-07
  5.250E-01 6.81726E-19  0.000E+00 ( 8.253E-10, 2.571E-11) ( 3.322E-12, 1.035E-13)  3.54E-07
  5.500E-01 5.66227E-19  0.000E+00 ( 7.521E-10, 2.396E-11) ( 3.172E-12, 1.010E-13)  1.00E-07
  5.750E-01 4.74159E-19  0.000E+00 ( 6.882E-10, 2.239E-11) ( 3.034E-12, 9.871E-14)  3.03E-07
  6.000E-01 4.00053E-19  0.000E+00 ( 6.321E-10, 2.097E-11) ( 2.908E-12, 9.648E-14)  4.67E-07
  6.250E-01 3.39865E-19  0.000E+00 ( 5.826E-10, 1.969E-11) ( 2.792E-12, 9.435E-14)  2.30E-07
  6.500E-01 2.90575E-19  0.000E+00 ( 5.387E-10, 1.852E-11) ( 2.685E-12, 9.232E-14)  2.44E-07
  6.750E-01 2.49901E-19  0.000E+00 ( 4.996E-10, 1.746E-11) ( 2.586E-12, 9.037E-14)  5.57E-07
  7.000E-01 2.16098E-19  0.000E+00 ( 4.646E-10, 1.649E-11) ( 2.494E-12, 8.851E-14)  4.06E-07
  7.250E-01 1.87820E-19  0.000E+00 ( 4.331E-10, 1.560E-11) ( 2.408E-12, 8.673E-14)  1.25E-07
  7.500E-01 1.64018E-19  0.000E+00 ( 4.047E-10, 1.479E-11) ( 2.327E-12, 8.503E-14)  6.02E-07
  7.750E-01 1.43869E-19  0.000E+00 ( 3.790E-10, 1.403E-11) ( 2.252E-12, 8.339E-14)  5.92E-07
  8.000E-01 1.26720E-19  0.000E+00 ( 3.557E-10, 1.334E-11) ( 2.182E-12, 8.183E-14)  1.00E-07
  8.250E-01 1.12051E-19  0.000E+00 ( 3.345E-10, 1.270E-11) ( 2.116E-12, 8.032E-14)  5.84E-07
  8.500E-01 9.94445E-20  0.000E+00 ( 3.151E-10, 1.210E-11) ( 2.054E-12, 7.887E-14)  7.65E-07
  8.750E-01 8.85613E-20  0.000E+00 ( 2.974E-10, 1.155E-11) ( 1.995E-12, 7.749E-14)  2.86E-07
  9.000E-01 7.91273E-20  0.000E+00 ( 2.811E-10, 1.103E-11) ( 1.940E-12, 7.615E-14)  4.89E-07
  9.250E-01 7.09161E-20  0.000E+00 ( 2.661E-10, 1.055E-11) ( 1.887E-12, 7.486E-14)  8.99E-07
  9.500E-01 6.37428E-20  0.000E+00 ( 2.523E-10, 1.011E-11) ( 1.838E-12, 7.362E-14)  5.51E-07
  9.750E-01 5.74541E-20  0.000E+00 ( 2.395E-10, 9.688E-12) ( 1.790E-12, 7.243E-14)  3.10E-07
  1.000E+00 5.19219E-20  0.000E+00 ( 2.277E-10, 9.295E-12) ( 1.746E-12, 7.127E-14)  1.00E-07
  1.100E+00 3.54662E-20  0.000E+00 ( 1.882E-10, 7.948E-12) ( 1.587E-12, 6.704E-14)  1.00E-07
  1.200E+00 2.50430E-20  0.000E+00 ( 1.581E-10, 6.883E-12) ( 1.455E-12, 6.333E-14)  1.00E-07
  1.300E+00 1.81826E-20  0.000E+00 ( 1.347E-10, 6.024E-12) ( 1.343E-12, 6.005E-14)  1.00E-07
  1.400E+00 1.35186E-20  0.000E+00 ( 1.161E-10, 5.322E-12) ( 1.247E-12, 5.713E-14)  1.00E-07
  1.500E+00 1.02586E-20  0.000E+00 ( 1.012E-10, 4.739E-12) ( 1.164E-12, 5.451E-14)  1.00E-07
  1.600E+00 7.92471E-21  0.000E+00 ( 8.891E-11, 4.250E-12) ( 1.091E-12, 5.214E-14)  1.00E-07
  1.700E+00 6.21836E-21  0.000E+00 ( 7.876E-11, 3.835E-12) ( 1.027E-12, 4.999E-14)  1.00E-07
  1.800E+00 4.94753E-21  0.000E+00 ( 7.025E-11, 3.480E-12) ( 9.696E-13, 4.803E-14)  1.00E-07
  1.900E+00 3.98539E-21  0.000E+00 ( 6.304E-11, 3.173E-12) ( 9.185E-13, 4.623E-14)  1.00E-07
  2.000E+00 3.24617E-21  0.000E+00 ( 5.689E-11, 2.907E-12) ( 8.726E-13, 4.458E-14)  1.00E-07
  2.100E+00 2.67066E-21  0.000E+00 ( 5.160E-11, 2.674E-12) ( 8.310E-13, 4.306E-14)  1.00E-07
  2.200E+00 2.21722E-21  0.000E+00 ( 4.702E-11, 2.468E-12) ( 7.932E-13, 4.164E-14)  1.00E-07
  2.300E+00 1.85606E-21  0.000E+00 ( 4.301E-11, 2.287E-12) ( 7.587E-13, 4.033E-14)  1.00E-07
  2.400E+00 1.56554E-21  0.000E+00 ( 3.950E-11, 2.125E-12) ( 7.270E-13, 3.910E-14)  1.00E-07
  2.500E+00 1.32969E-21  0.000E+00 ( 3.640E-11, 1.980E-12) ( 6.979E-13, 3.796E-14)  1.00E-07
  2.600E+00 1.13664E-21  0.000E+00 ( 3.366E-11, 1.850E-12) ( 6.711E-13, 3.688E-14)  1.00E-07
  2.700E+00 9.77379E-22  0.000E+00 ( 3.121E-11, 1.733E-12) ( 6.462E-13, 3.588E-14)  1.00E-07
  2.800E+00 8.45062E-22  0.000E+00 ( 2.902E-11, 1.627E-12) ( 6.231E-13, 3.493E-14)  1.00E-07
  2.900E+00 7.34397E-22  0.000E+00 ( 2.705E-11, 1.530E-12) ( 6.016E-13, 3.403E-14)  1.00E-07
  3.000E+00 6.41269E-22  0.000E+00 ( 2.528E-11, 1.443E-12) ( 5.815E-13, 3.319E-14)  1.00E-07
  3.100E+00 5.62445E-22  0.000E+00 ( 2.367E-11, 1.362E-12) ( 5.627E-13, 3.239E-14)  1.00E-07
  3.200E+00 4.95369E-22  0.000E+00 ( 2.221E-11, 1.289E-12) ( 5.451E-13, 3.163E-14)  1.00E-07
  3.300E+00 4.38000E-22  0.000E+00 ( 2.089E-11, 1.221E-12) ( 5.286E-13, 3.091E-14)  1.00E-07
  3.400E+00 3.88701E-22  0.000E+00 ( 1.967E-11, 1.159E-12) ( 5.130E-13, 3.023E-14)  1.00E-07
  3.500E+00 3.46146E-22  0.000E+00 ( 1.857E-11, 1.102E-12) ( 4.984E-13, 2.957E-14)  1.00E-07
  3.600E+00 3.09259E-22  0.000E+00 ( 1.755E-11, 1.049E-12) ( 4.845E-13, 2.895E-14)  1.00E-07
  3.700E+00 2.77157E-22  0.000E+00 ( 1.661E-11, 9.994E-13) ( 4.714E-13, 2.836E-14)  1.00E-07
  3.800E+00 2.49114E-22  0.000E+00 ( 1.575E-11, 9.536E-13) ( 4.590E-13, 2.779E-14)  1.00E-07
  3.900E+00 2.24530E-22  0.000E+00 ( 1.495E-11, 9.110E-13) ( 4.472E-13, 2.725E-14)  1.00E-07
  4.000E+00 2.02905E-22  0.000E+00 ( 1.421E-11, 8.713E-13) ( 4.360E-13, 2.673E-14)  1.00E-07
  4.100E+00 1.83822E-22  0.000E+00 ( 1.353E-11, 8.342E-13) ( 4.254E-13, 2.623E-14)  1.00E-07
  4.200E+00 1.66930E-22  0.000E+00 ( 1.289E-11, 7.995E-13) ( 4.152E-13, 2.575E-14)  1.00E-07
  4.300E+00 1.51935E-22  0.000E+00 ( 1.230E-11, 7.670E-13) ( 4.055E-13, 2.529E-14)  1.00E-07
  4.400E+00 1.38586E-22  0.000E+00 ( 1.174E-11, 7.364E-13) ( 3.963E-13, 2.485E-14)  1.00E-07
  4.500E+00 1.26671E-22  0.000E+00 ( 1.123E-11, 7.077E-13) ( 3.875E-13, 2.443E-14)  1.00E-07
  4.600E+00 1.16010E-22  0.000E+00 ( 1.074E-11, 6.807E-13) ( 3.791E-13, 2.402E-14)  1.00E-07
  4.700E+00 1.06447E-22  0.000E+00 ( 1.029E-11, 6.553E-13) ( 3.710E-13, 2.362E-14)  1.00E-07
  4.800E+00 9.78492E-23  0.000E+00 ( 9.865E-12, 6.313E-13) ( 3.632E-13, 2.324E-14)  1.00E-07
  4.900E+00 9.01023E-23  0.000E+00 ( 9.466E-12, 6.086E-13) ( 3.558E-13, 2.288E-14)  1.00E-07
  5.000E+00 8.31070E-23  0.000E+00 ( 9.091E-12, 5.872E-13) ( 3.487E-13, 2.252E-14)  1.00E-07
  5.100E+00 7.67775E-23  0.000E+00 ( 8.737E-12, 5.669E-13) ( 3.418E-13, 2.218E-14)  1.00E-07
  5.200E+00 7.10392E-23  0.000E+00 ( 8.404E-12, 5.477E-13) ( 3.353E-13, 2.185E-14)  1.00E-07
  5.300E+00 6.58271E-23  0.000E+00 ( 8.089E-12, 5.295E-13) ( 3.289E-13, 2.153E-14)  1.00E-07
  5.400E+00 6.10843E-23  0.000E+00 ( 7.792E-12, 5.121E-13) ( 3.228E-13, 2.121E-14)  1.00E-07
  5.500E+00 5.67611E-23  0.000E+00 ( 7.511E-12, 4.957E-13) ( 3.169E-13, 2.091E-14)  1.00E-07
  5.600E+00 5.28135E-23  0.000E+00 ( 7.245E-12, 4.800E-13) ( 3.113E-13, 2.062E-14)  1.00E-07
  5.700E+00 4.92032E-23  0.000E+00 ( 6.992E-12, 4.651E-13) ( 3.058E-13, 2.034E-14)  1.00E-07
  5.800E+00 4.58962E-23  0.000E+00 ( 6.753E-12, 4.509E-13) ( 3.005E-13, 2.006E-14)  1.00E-07
  5.900E+00 4.28623E-23  0.000E+00 ( 6.526E-12, 4.374E-13) ( 2.954E-13, 1.980E-14)  1.00E-07
  6.000E+00 4.00751E-23  0.000E+00 ( 6.310E-12, 4.245E-13) ( 2.905E-13, 1.954E-14)  1.00E-07
  6.100E+00 3.75107E-23  0.000E+00 ( 6.104E-12, 4.121E-13) ( 2.857E-13, 1.929E-14)  1.00E-07
  6.200E+00 3.51481E-23  0.000E+00 ( 5.908E-12, 4.003E-13) ( 2.811E-13, 1.904E-14)  1.00E-07
  6.300E+00 3.29686E-23  0.000E+00 ( 5.722E-12, 3.890E-13) ( 2.766E-13, 1.880E-14)  1.00E-07
  6.400E+00 3.09555E-23  0.000E+00 ( 5.544E-12, 3.782E-13) ( 2.723E-13, 1.857E-14)  1.00E-07
  6.500E+00 2.90936E-23  0.000E+00 ( 5.375E-12, 3.679E-13) ( 2.681E-13, 1.835E-14)  1.00E-07
  6.600E+00 2.73697E-23  0.000E+00 ( 5.213E-12, 3.579E-13) ( 2.640E-13, 1.813E-14)  1.00E-07
  6.700E+00 2.57715E-23  0.000E+00 ( 5.058E-12, 3.484E-13) ( 2.601E-13, 1.791E-14)  1.00E-07
  6.800E+00 2.42883E-23  0.000E+00 ( 4.910E-12, 3.393E-13) ( 2.562E-13, 1.770E-14)  1.00E-07
  6.900E+00 2.29102E-23  0.000E+00 ( 4.768E-12, 3.305E-13) ( 2.525E-13, 1.750E-14)  1.00E-07
  7.000E+00 2.16285E-23  0.000E+00 ( 4.633E-12, 3.221E-13) ( 2.489E-13, 1.730E-14)  1.00E-07
  7.100E+00 2.04351E-23  0.000E+00 ( 4.503E-12, 3.140E-13) ( 2.454E-13, 1.711E-14)  1.00E-07
  7.200E+00 1.93229E-23  0.000E+00 ( 4.378E-12, 3.062E-13) ( 2.419E-13, 1.692E-14)  1.00E-07
  7.300E+00 1.82854E-23  0.000E+00 ( 4.259E-12, 2.987E-13) ( 2.386E-13, 1.674E-14)  1.00E-07
  7.400E+00 1.73165E-23  0.000E+00 ( 4.144E-12, 2.915E-13) ( 2.354E-13, 1.656E-14)  1.00E-07
  7.500E+00 1.64110E-23  0.000E+00 ( 4.034E-12, 2.846E-13) ( 2.322E-13, 1.638E-14)  1.00E-07
  7.600E+00 1.55638E-23  0.000E+00 ( 3.929E-12, 2.779E-13) ( 2.292E-13, 1.621E-14)  1.00E-07
  7.700E+00 1.47706E-23  0.000E+00 ( 3.827E-12, 2.714E-13) ( 2.262E-13, 1.604E-14)  1.00E-07
  7.800E+00 1.40273E-23  0.000E+00 ( 3.729E-12, 2.652E-13) ( 2.233E-13, 1.588E-14)  1.00E-07
  7.900E+00 1.33302E-23  0.000E+00 ( 3.635E-12, 2.592E-13) ( 2.204E-13, 1.571E-14)  1.00E-07
  8.000E+00 1.26758E-23  0.000E+00 ( 3.545E-12, 2.534E-13) ( 2.177E-13, 1.556E-14)  1.00E-07
  8.100E+00 1.20610E-23  0.000E+00 ( 3.457E-12, 2.478E-13) ( 2.150E-13, 1.540E-14)  1.00E-07
  8.200E+00 1.14831E-23  0.000E+00 ( 3.373E-12, 2.424E-13) ( 2.123E-13, 1.525E-14)  1.00E-07
  8.300E+00 1.09394E-23  0.000E+00 ( 3.292E-12, 2.371E-13) ( 2.098E-13, 1.511E-14)  1.00E-07
  8.400E+00 1.04274E-23  0.000E+00 ( 3.214E-12, 2.320E-13) ( 2.073E-13, 1.496E-14)  1.00E-07
  8.500E+00 9.94508E-24  0.000E+00 ( 3.139E-12, 2.271E-13) ( 2.048E-13, 1.482E-14)  1.00E-07
  8.600E+00 9.49029E-24  0.000E+00 ( 3.066E-12, 2.224E-13) ( 2.024E-13, 1.468E-14)  1.00E-07
  8.700E+00 9.06119E-24  0.000E+00 ( 2.996E-12, 2.178E-13) ( 2.001E-13, 1.455E-14)  1.00E-07
  8.800E+00 8.65606E-24  0.000E+00 ( 2.928E-12, 2.134E-13) ( 1.978E-13, 1.441E-14)  1.00E-07
  8.900E+00 8.27331E-24  0.000E+00 ( 2.862E-12, 2.090E-13) ( 1.956E-13, 1.428E-14)  1.00E-07
  9.000E+00 7.91148E-24  0.000E+00 ( 2.799E-12, 2.049E-13) ( 1.934E-13, 1.415E-14)  1.00E-07
  9.100E+00 7.56921E-24  0.000E+00 ( 2.737E-12, 2.008E-13) ( 1.913E-13, 1.403E-14)  1.00E-07
  9.200E+00 7.24524E-24  0.000E+00 ( 2.678E-12, 1.969E-13) ( 1.892E-13, 1.391E-14)  1.00E-07
  9.300E+00 6.93840E-24  0.000E+00 ( 2.620E-12, 1.931E-13) ( 1.871E-13, 1.379E-14)  1.00E-07
  9.400E+00 6.64764E-24  0.000E+00 ( 2.565E-12, 1.894E-13) ( 1.851E-13, 1.367E-14)  1.00E-07
  9.500E+00 6.37194E-24  0.000E+00 ( 2.511E-12, 1.858E-13) ( 1.832E-13, 1.355E-14)  1.00E-07
  9.600E+00 6.11038E-24  0.000E+00 ( 2.458E-12, 1.823E-13) ( 1.813E-13, 1.344E-14)  1.00E-07
  9.700E+00 5.86209E-24  0.000E+00 ( 2.408E-12, 1.789E-13) ( 1.794E-13, 1.332E-14)  1.00E-07
  9.800E+00 5.62629E-24  0.000E+00 ( 2.359E-12, 1.756E-13) ( 1.775E-13, 1.321E-14)  1.00E-07
  9.900E+00 5.40221E-24  0.000E+00 ( 2.311E-12, 1.724E-13) ( 1.757E-13, 1.311E-14)  1.00E-07
  1.000E+01 5.18917E-24  0.000E+00 ( 2.265E-12, 1.693E-13) ( 1.740E-13, 1.300E-14)  1.00E-07
  1.025E+01 4.70075E-24  0.000E+00 ( 2.155E-12, 1.619E-13) ( 1.697E-13, 1.274E-14)  1.00E-07
  1.050E+01 4.26843E-24  0.000E+00 ( 2.053E-12, 1.549E-13) ( 1.656E-13, 1.249E-14)  1.00E-07
  1.075E+01 3.88465E-24  0.000E+00 ( 1.959E-12, 1.484E-13) ( 1.618E-13, 1.226E-14)  1.00E-07
  1.100E+01 3.54303E-24  0.000E+00 ( 1.870E-12, 1.424E-13) ( 1.581E-13, 1.203E-14)  1.00E-07
  1.125E+01 3.23813E-24  0.000E+00 ( 1.788E-12, 1.367E-13) ( 1.545E-13, 1.181E-14)  1.00E-07
  1.150E+01 2.96531E-24  0.000E+00 ( 1.710E-12, 1.313E-13) ( 1.512E-13, 1.160E-14)  1.00E-07
  1.175E+01 2.72060E-24  0.000E+00 ( 1.638E-12, 1.262E-13) ( 1.479E-13, 1.140E-14)  1.00E-07
  1.200E+01 2.50061E-24  0.000E+00 ( 1.570E-12, 1.215E-13) ( 1.448E-13, 1.120E-14)  1.00E-07
  1.225E+01 2.30239E-24  0.000E+00 ( 1.506E-12, 1.170E-13) ( 1.418E-13, 1.101E-14)  1.00E-07
  1.250E+01 2.12341E-24  0.000E+00 ( 1.446E-12, 1.128E-13) ( 1.390E-13, 1.083E-14)  1.00E-07
  1.275E+01 1.96148E-24  0.000E+00 ( 1.390E-12, 1.087E-13) ( 1.362E-13, 1.066E-14)  1.00E-07
  1.300E+01 1.81468E-24  0.000E+00 ( 1.336E-12, 1.050E-13) ( 1.336E-13, 1.049E-14)  1.00E-07
  1.325E+01 1.68134E-24  0.000E+00 ( 1.286E-12, 1.014E-13) ( 1.310E-13, 1.032E-14)  1.00E-07
  1.350E+01 1.56002E-24  0.000E+00 ( 1.238E-12, 9.794E-14) ( 1.286E-13, 1.017E-14)  1.00E-07
  1.375E+01 1.44943E-24  0.000E+00 ( 1.193E-12, 9.470E-14) ( 1.262E-13, 1.001E-14)  1.00E-07
  1.400E+01 1.34846E-24  0.000E+00 ( 1.151E-12, 9.162E-14) ( 1.240E-13, 9.864E-15)  1.00E-07
  1.425E+01 1.25612E-24  0.000E+00 ( 1.111E-12, 8.869E-14) ( 1.218E-13, 9.720E-15)  1.00E-07
  1.450E+01 1.17155E-24  0.000E+00 ( 1.072E-12, 8.590E-14) ( 1.196E-13, 9.581E-15)  1.00E-07
  1.475E+01 1.09396E-24  0.000E+00 ( 1.036E-12, 8.324E-14) ( 1.176E-13, 9.445E-15)  1.00E-07
  1.500E+01 1.02268E-24  0.000E+00 ( 1.001E-12, 8.071E-14) ( 1.156E-13, 9.314E-15)  1.00E-07
  1.525E+01 9.57111E-25  0.000E+00 ( 9.685E-13, 7.829E-14) ( 1.137E-13, 9.186E-15)  1.00E-07
  1.550E+01 8.96703E-25  0.000E+00 ( 9.372E-13, 7.598E-14) ( 1.118E-13, 9.062E-15)  1.00E-07
  1.575E+01 8.40980E-25  0.000E+00 ( 9.074E-13, 7.377E-14) ( 1.100E-13, 8.942E-15)  1.00E-07
  1.600E+01 7.89512E-25  0.000E+00 ( 8.790E-13, 7.165E-14) ( 1.083E-13, 8.825E-15)  1.00E-07
  1.625E+01 7.41916E-25  0.000E+00 ( 8.518E-13, 6.963E-14) ( 1.066E-13, 8.711E-15)  1.00E-07
  1.650E+01 6.97847E-25  0.000E+00 ( 8.259E-13, 6.769E-14) ( 1.050E-13, 8.600E-15)  1.00E-07
  1.675E+01 6.56996E-25  0.000E+00 ( 8.012E-13, 6.584E-14) ( 1.034E-13, 8.492E-15)  1.00E-07
  1.700E+01 6.19087E-25  0.000E+00 ( 7.775E-13, 6.406E-14) ( 1.018E-13, 8.386E-15)  1.00E-07
  1.725E+01 5.83867E-25  0.000E+00 ( 7.549E-13, 6.235E-14) ( 1.003E-13, 8.284E-15)  1.00E-07
  1.750E+01 5.51113E-25  0.000E+00 ( 7.332E-13, 6.071E-14) ( 9.889E-14, 8.184E-15)  1.00E-07
  1.775E+01 5.20618E-25  0.000E+00 ( 7.124E-13, 5.913E-14) ( 9.748E-14, 8.086E-15)  1.00E-07
  1.800E+01 4.92201E-25  0.000E+00 ( 6.925E-13, 5.762E-14) ( 9.610E-14, 7.991E-15)  1.00E-07
  1.825E+01 4.65691E-25  0.000E+00 ( 6.734E-13, 5.616E-14) ( 9.476E-14, 7.898E-15)  1.00E-07
  1.850E+01 4.40940E-25  0.000E+00 ( 6.551E-13, 5.476E-14) ( 9.346E-14, 7.808E-15)  1.00E-07
  1.875E+01 4.17807E-25  0.000E+00 ( 6.375E-13, 5.341E-14) ( 9.219E-14, 7.719E-15)  1.00E-07
  1.900E+01 3.96168E-25  0.000E+00 ( 6.206E-13, 5.211E-14) ( 9.096E-14, 7.633E-15)  1.00E-07
  1.925E+01 3.75909E-25  0.000E+00 ( 6.043E-13, 5.085E-14) ( 8.976E-14, 7.548E-15)  1.00E-07
  1.950E+01 3.56925E-25  0.000E+00 ( 5.887E-13, 4.965E-14) ( 8.858E-14, 7.466E-15)  1.00E-07
  1.975E+01 3.39122E-25  0.000E+00 ( 5.736E-13, 4.848E-14) ( 8.744E-14, 7.385E-15)  1.00E-07
  2.000E+01 3.22412E-25  0.000E+00 ( 5.592E-13, 4.736E-14) ( 8.633E-14, 7.306E-15)  1.00E-07
  2.025E+01 3.06717E-25  0.000E+00 ( 5.452E-13, 4.627E-14) ( 8.524E-14, 7.229E-15)  1.00E-07
  2.050E+01 2.91962E-25  0.000E+00 ( 5.318E-13, 4.522E-14) ( 8.418E-14, 7.153E-15)  1.00E-07
  2.075E+01 2.78081E-25  0.000E+00 ( 5.188E-13, 4.421E-14) ( 8.314E-14, 7.080E-15)  1.00E-07
  2.100E+01 2.65014E-25  0.000E+00 ( 5.063E-13, 4.323E-14) ( 8.213E-14, 7.007E-15)  1.00E-07
  2.125E+01 2.52702E-25  0.000E+00 ( 4.942E-13, 4.228E-14) ( 8.114E-14, 6.936E-15)  1.00E-07
  2.150E+01 2.41096E-25  0.000E+00 ( 4.826E-13, 4.136E-14) ( 8.018E-14, 6.867E-15)  1.00E-07
  2.175E+01 2.30146E-25  0.000E+00 ( 4.714E-13, 4.048E-14) ( 7.923E-14, 6.799E-15)  1.00E-07
  2.200E+01 2.19808E-25  0.000E+00 ( 4.605E-13, 3.962E-14) ( 7.831E-14, 6.732E-15)  1.00E-07
  2.225E+01 2.10043E-25  0.000E+00 ( 4.500E-13, 3.878E-14) ( 7.741E-14, 6.667E-15)  1.00E-07
  2.250E+01 2.00813E-25  0.000E+00 ( 4.399E-13, 3.798E-14) ( 7.653E-14, 6.603E-15)  1.00E-07
  2.275E+01 1.92082E-25  0.000E+00 ( 4.300E-13, 3.720E-14) ( 7.567E-14, 6.540E-15)  1.00E-07
  2.300E+01 1.83819E-25  0.000E+00 ( 4.205E-13, 3.644E-14) ( 7.482E-14, 6.478E-15)  1.00E-07
  2.325E+01 1.75994E-25  0.000E+00 ( 4.113E-13, 3.570E-14) ( 7.400E-14, 6.418E-15)  1.00E-07
  2.350E+01 1.68579E-25  0.000E+00 ( 4.024E-13, 3.499E-14) ( 7.319E-14, 6.358E-15)  1.00E-07
  2.375E+01 1.61549E-25  0.000E+00 ( 3.938E-13, 3.430E-14) ( 7.239E-14, 6.300E-15)  1.00E-07
  2.400E+01 1.54881E-25  0.000E+00 ( 3.855E-13, 3.363E-14) ( 7.162E-14, 6.243E-15)  1.00E-07
  2.425E+01 1.48551E-25  0.000E+00 ( 3.774E-13, 3.298E-14) ( 7.086E-14, 6.187E-15)  1.00E-07
  2.450E+01 1.42541E-25  0.000E+00 ( 3.695E-13, 3.234E-14) ( 7.011E-14, 6.132E-15)  1.00E-07
  2.475E+01 1.36830E-25  0.000E+00 ( 3.619E-13, 3.173E-14) ( 6.938E-14, 6.077E-15)  1.00E-07
  2.500E+01 1.31401E-25  0.000E+00 ( 3.545E-13, 3.113E-14) ( 6.867E-14, 6.024E-15)  1.00E-07
  2.550E+01 1.21324E-25  0.000E+00 ( 3.404E-13, 2.998E-14) ( 6.728E-14, 5.920E-15)  1.00E-07
  2.600E+01 1.12191E-25  0.000E+00 ( 3.271E-13, 2.890E-14) ( 6.594E-14, 5.820E-15)  1.00E-07
  2.650E+01 1.03897E-25  0.000E+00 ( 3.145E-13, 2.787E-14) ( 6.465E-14, 5.723E-15)  1.00E-07
  2.700E+01 9.63523E-26  0.000E+00 ( 3.026E-13, 2.689E-14) ( 6.341E-14, 5.630E-15)  1.00E-07
  2.750E+01 8.94766E-26  0.000E+00 ( 2.914E-13, 2.597E-14) ( 6.222E-14, 5.539E-15)  1.00E-07
  2.800E+01 8.32004E-26  0.000E+00 ( 2.807E-13, 2.509E-14) ( 6.106E-14, 5.451E-15)  1.00E-07
  2.850E+01 7.74621E-26  0.000E+00 ( 2.707E-13, 2.425E-14) ( 5.995E-14, 5.366E-15)  1.00E-07
  2.900E+01 7.22074E-26  0.000E+00 ( 2.611E-13, 2.346E-14) ( 5.887E-14, 5.283E-15)  1.00E-07
  2.950E+01 6.73883E-26  0.000E+00 ( 2.520E-13, 2.270E-14) ( 5.783E-14, 5.203E-15)  1.00E-07
  3.000E+01 6.29622E-26  0.000E+00 ( 2.434E-13, 2.198E-14) ( 5.682E-14, 5.125E-15)  1.00E-07
  3.050E+01 5.88913E-26  0.000E+00 ( 2.351E-13, 2.129E-14) ( 5.585E-14, 5.050E-15)  1.00E-07
  3.100E+01 5.51419E-26  0.000E+00 ( 2.273E-13, 2.063E-14) ( 5.490E-14, 4.976E-15)  1.00E-07
  3.150E+01 5.16843E-26  0.000E+00 ( 2.199E-13, 2.000E-14) ( 5.399E-14, 4.905E-15)  1.00E-07
  3.200E+01 4.84915E-26  0.000E+00 ( 2.128E-13, 1.940E-14) ( 5.310E-14, 4.835E-15)  1.00E-07
  3.250E+01 4.55399E-26  0.000E+00 ( 2.060E-13, 1.882E-14) ( 5.224E-14, 4.768E-15)  1.00E-07
  3.300E+01 4.28078E-26  0.000E+00 ( 1.995E-13, 1.827E-14) ( 5.140E-14, 4.702E-15)  1.00E-07
  3.350E+01 4.02759E-26  0.000E+00 ( 1.933E-13, 1.775E-14) ( 5.059E-14, 4.638E-15)  1.00E-07
  3.400E+01 3.79270E-26  0.000E+00 ( 1.874E-13, 1.724E-14) ( 4.980E-14, 4.575E-15)  1.00E-07
  3.450E+01 3.57453E-26  0.000E+00 ( 1.818E-13, 1.676E-14) ( 4.904E-14, 4.514E-15)  1.00E-07
  3.500E+01 3.37170E-26  0.000E+00 ( 1.764E-13, 1.629E-14) ( 4.829E-14, 4.455E-15)  1.00E-07
  3.550E+01 3.18292E-26  0.000E+00 ( 1.712E-13, 1.584E-14) ( 4.757E-14, 4.397E-15)  1.00E-07
  3.600E+01 3.00706E-26  0.000E+00 ( 1.662E-13, 1.541E-14) ( 4.686E-14, 4.340E-15)  1.00E-07
  3.650E+01 2.84305E-26  0.000E+00 ( 1.614E-13, 1.500E-14) ( 4.618E-14, 4.285E-15)  1.00E-07
  3.700E+01 2.68998E-26  0.000E+00 ( 1.568E-13, 1.460E-14) ( 4.551E-14, 4.231E-15)  1.00E-07
  3.750E+01 2.54696E-26  0.000E+00 ( 1.524E-13, 1.422E-14) ( 4.486E-14, 4.178E-15)  1.00E-07
  3.800E+01 2.41321E-26  0.000E+00 ( 1.482E-13, 1.385E-14) ( 4.422E-14, 4.127E-15)  1.00E-07
  3.850E+01 2.28804E-26  0.000E+00 ( 1.442E-13, 1.350E-14) ( 4.361E-14, 4.076E-15)  1.00E-07
  3.900E+01 2.17079E-26  0.000E+00 ( 1.402E-13, 1.315E-14) ( 4.300E-14, 4.027E-15)  1.00E-07
  3.950E+01 2.06087E-26  0.000E+00 ( 1.365E-13, 1.283E-14) ( 4.241E-14, 3.979E-15)  1.00E-07
  4.000E+01 1.95774E-26  0.000E+00 ( 1.329E-13, 1.251E-14) ( 4.184E-14, 3.932E-15)  1.00E-07
  4.050E+01 1.86090E-26  0.000E+00 ( 1.294E-13, 1.220E-14) ( 4.128E-14, 3.885E-15)  1.00E-07
  4.100E+01 1.76990E-26  0.000E+00 ( 1.260E-13, 1.190E-14) ( 4.073E-14, 3.840E-15)  1.00E-07
  4.150E+01 1.68432E-26  0.000E+00 ( 1.228E-13, 1.162E-14) ( 4.020E-14, 3.796E-15)  1.00E-07
  4.200E+01 1.60378E-26  0.000E+00 ( 1.197E-13, 1.134E-14) ( 3.967E-14, 3.752E-15)  1.00E-07
  4.250E+01 1.52793E-26  0.000E+00 ( 1.167E-13, 1.107E-14) ( 3.916E-14, 3.710E-15)  1.00E-07
  4.300E+01 1.45646E-26  0.000E+00 ( 1.138E-13, 1.081E-14) ( 3.866E-14, 3.668E-15)  1.00E-07
  4.350E+01 1.38905E-26  0.000E+00 ( 1.109E-13, 1.056E-14) ( 3.817E-14, 3.627E-15)  1.00E-07
  4.400E+01 1.32545E-26  0.000E+00 ( 1.082E-13, 1.032E-14) ( 3.769E-14, 3.587E-15)  1.00E-07
  4.450E+01 1.26538E-26  0.000E+00 ( 1.056E-13, 1.009E-14) ( 3.723E-14, 3.548E-15)  1.00E-07
  4.500E+01 1.20862E-26  0.000E+00 ( 1.031E-13, 9.858E-15) ( 3.677E-14, 3.509E-15)  1.00E-07
  4.550E+01 1.15496E-26  0.000E+00 ( 1.006E-13, 9.638E-15) ( 3.632E-14, 3.472E-15)  1.00E-07
  4.600E+01 1.10420E-26  0.000E+00 ( 9.825E-14, 9.424E-15) ( 3.588E-14, 3.434E-15)  1.00E-07
  4.650E+01 1.05614E-26  0.000E+00 ( 9.596E-14, 9.217E-15) ( 3.545E-14, 3.398E-15)  1.00E-07
  4.700E+01 1.01063E-26  0.000E+00 ( 9.374E-14, 9.016E-15) ( 3.503E-14, 3.362E-15)  1.00E-07
  4.750E+01 9.67503E-27  0.000E+00 ( 9.159E-14, 8.822E-15) ( 3.461E-14, 3.327E-15)  1.00E-07
  4.800E+01 9.26605E-27  0.000E+00 ( 8.950E-14, 8.633E-15) ( 3.421E-14, 3.292E-15)  1.00E-07
  4.850E+01 8.87804E-27  0.000E+00 ( 8.748E-14, 8.449E-15) ( 3.381E-14, 3.258E-15)  1.00E-07
  4.900E+01 8.50973E-27  0.000E+00 ( 8.552E-14, 8.271E-15) ( 3.342E-14, 3.225E-15)  1.00E-07
  4.950E+01 8.15995E-27  0.000E+00 ( 8.362E-14, 8.098E-15) ( 3.304E-14, 3.192E-15)  1.00E-07
  5.000E+01 7.82760E-27  0.000E+00 ( 8.178E-14, 7.929E-15) ( 3.266E-14, 3.160E-15)  1.00E-07
  5.050E+01 7.51166E-27  0.000E+00 ( 7.999E-14, 7.766E-15) ( 3.230E-14, 3.128E-15)  1.00E-07
  5.100E+01 7.21115E-27  0.000E+00 ( 7.826E-14, 7.607E-15) ( 3.193E-14, 3.097E-15)  1.00E-07
  5.150E+01 6.92518E-27  0.000E+00 ( 7.657E-14, 7.452E-15) ( 3.158E-14, 3.066E-15)  1.00E-07
  5.200E+01 6.65292E-27  0.000E+00 ( 7.493E-14, 7.302E-15) ( 3.123E-14, 3.036E-15)  1.00E-07
  5.250E+01 6.39360E-27  0.000E+00 ( 7.334E-14, 7.156E-15) ( 3.089E-14, 3.006E-15)  1.00E-07
  5.300E+01 6.14650E-27  0.000E+00 ( 7.180E-14, 7.013E-15) ( 3.055E-14, 2.977E-15)  1.00E-07
  5.350E+01 5.91094E-27  0.000E+00 ( 7.030E-14, 6.875E-15) ( 3.022E-14, 2.948E-15)  1.00E-07
  5.400E+01 5.68629E-27  0.000E+00 ( 6.884E-14, 6.740E-15) ( 2.990E-14, 2.919E-15)  1.00E-07
  5.450E+01 5.47194E-27  0.000E+00 ( 6.742E-14, 6.608E-15) ( 2.958E-14, 2.891E-15)  1.00E-07
  5.500E+01 5.26732E-27  0.000E+00 ( 6.604E-14, 6.480E-15) ( 2.926E-14, 2.864E-15)  1.00E-07
  5.550E+01 5.07192E-27  0.000E+00 ( 6.469E-14, 6.355E-15) ( 2.895E-14, 2.837E-15)  1.00E-07
  5.600E+01 4.88525E-27  0.000E+00 ( 6.339E-14, 6.234E-15) ( 2.865E-14, 2.810E-15)  1.00E-07
  5.650E+01 4.70685E-27  0.000E+00 ( 6.211E-14, 6.115E-15) ( 2.835E-14, 2.784E-15)  1.00E-07
  5.700E+01 4.53630E-27  0.000E+00 ( 6.087E-14, 6.000E-15) ( 2.806E-14, 2.758E-15)  1.00E-07
  5.750E+01 4.37318E-27  0.000E+00 ( 5.967E-14, 5.887E-15) ( 2.777E-14, 2.732E-15)  1.00E-07
  5.800E+01 4.21711E-27  0.000E+00 ( 5.849E-14, 5.777E-15) ( 2.748E-14, 2.707E-15)  1.00E-07
  5.850E+01 4.06773E-27  0.000E+00 ( 5.735E-14, 5.670E-15) ( 2.720E-14, 2.682E-15)  1.00E-07
  5.900E+01 3.92469E-27  0.000E+00 ( 5.623E-14, 5.565E-15) ( 2.693E-14, 2.657E-15)  1.00E-07
  5.950E+01 3.78768E-27  0.000E+00 ( 5.514E-14, 5.463E-15) ( 2.665E-14, 2.633E-15)  1.00E-07
  6.000E+01 3.65641E-27  0.000E+00 ( 5.408E-14, 5.363E-15) ( 2.639E-14, 2.609E-15)  1.00E-07
  6.050E+01 3.53059E-27  0.000E+00 ( 5.305E-14, 5.266E-15) ( 2.612E-14, 2.585E-15)  1.00E-07
  6.100E+01 3.40996E-27  0.000E+00 ( 5.204E-14, 5.171E-15) ( 2.586E-14, 2.562E-15)  1.00E-07
  6.150E+01 3.29426E-27  0.000E+00 ( 5.105E-14, 5.078E-15) ( 2.561E-14, 2.539E-15)  1.00E-07
  6.200E+01 3.18325E-27  0.000E+00 ( 5.009E-14, 4.987E-15) ( 2.535E-14, 2.516E-15)  1.00E-07
  6.250E+01 3.07670E-27  0.000E+00 ( 4.915E-14, 4.898E-15) ( 2.511E-14, 2.494E-15)  1.00E-07
  6.300E+01 2.97441E-27  0.000E+00 ( 4.824E-14, 4.812E-15) ( 2.486E-14, 2.472E-15)  1.00E-07
  6.350E+01 2.87617E-27  0.000E+00 ( 4.735E-14, 4.727E-15) ( 2.462E-14, 2.450E-15)  1.00E-07
  6.400E+01 2.78181E-27  0.000E+00 ( 4.647E-14, 4.644E-15) ( 2.438E-14, 2.428E-15)  1.00E-07
  6.450E+01 2.69113E-27  0.000E+00 ( 4.562E-14, 4.563E-15) ( 2.415E-14, 2.407E-15)  1.00E-07
  6.500E+01 2.60398E-27  0.000E+00 ( 4.479E-14, 4.484E-15) ( 2.391E-14, 2.386E-15)  1.00E-07
  6.550E+01 2.52018E-27  0.000E+00 ( 4.398E-14, 4.407E-15) ( 2.369E-14, 2.365E-15)  1.00E-07
  6.600E+01 2.43957E-27  0.000E+00 ( 4.318E-14, 4.331E-15) ( 2.346E-14, 2.345E-15)  1.00E-07
  6.650E+01 2.36202E-27  0.000E+00 ( 4.241E-14, 4.257E-15) ( 2.324E-14, 2.324E-15)  1.00E-07
  6.700E+01 2.28740E-27  0.000E+00 ( 4.165E-14, 4.184E-15) ( 2.302E-14, 2.304E-15)  1.00E-07
  6.750E+01 2.21557E-27  0.000E+00 ( 4.091E-14, 4.113E-15) ( 2.280E-14, 2.284E-15)  1.00E-07
  6.800E+01 2.14643E-27  0.000E+00 ( 4.018E-14, 4.044E-15) ( 2.259E-14, 2.265E-15)  1.00E-07
  6.850E+01 2.07983E-27  0.000E+00 ( 3.947E-14, 3.976E-15) ( 2.238E-14, 2.245E-15)  1.00E-07
  6.900E+01 2.01568E-27  0.000E+00 ( 3.878E-14, 3.909E-15) ( 2.217E-14, 2.226E-15)  1.00E-07
  6.950E+01 1.95385E-27  0.000E+00 ( 3.810E-14, 3.844E-15) ( 2.196E-14, 2.207E-15)  1.00E-07
  7.000E+01 1.89425E-27  0.000E+00 ( 3.744E-14, 3.780E-15) ( 2.176E-14, 2.188E-15)  1.00E-07
  7.050E+01 1.83680E-27  0.000E+00 ( 3.679E-14, 3.717E-15) ( 2.156E-14, 2.170E-15)  1.00E-07
  7.100E+01 1.78140E-27  0.000E+00 ( 3.615E-14, 3.656E-15) ( 2.136E-14, 2.151E-15)  1.00E-07
  7.150E+01 1.72799E-27  0.000E+00 ( 3.553E-14, 3.596E-15) ( 2.116E-14, 2.133E-15)  1.00E-07
  7.200E+01 1.67646E-27  0.000E+00 ( 3.492E-14, 3.537E-15) ( 2.097E-14, 2.115E-15)  1.00E-07
  7.250E+01 1.62670E-27  0.000E+00 ( 3.433E-14, 3.479E-15) ( 2.078E-14, 2.098E-15)  1.00E-07
  7.300E+01 1.57868E-27  0.000E+00 ( 3.374E-14, 3.423E-15) ( 2.059E-14, 2.080E-15)  1.00E-07
  7.350E+01 1.53232E-27  0.000E+00 ( 3.317E-14, 3.367E-15) ( 2.040E-14, 2.063E-15)  1.00E-07
  7.400E+01 1.48756E-27  0.000E+00 ( 3.261E-14, 3.313E-15) ( 2.022E-14, 2.045E-15)  1.00E-07
  7.450E+01 1.44434E-27  0.000E+00 ( 3.206E-14, 3.260E-15) ( 2.004E-14, 2.028E-15)  1.00E-07
  7.500E+01 1.40258E-27  0.000E+00 ( 3.153E-14, 3.207E-15) ( 1.986E-14, 2.011E-15)  1.00E-07
  7.550E+01 1.36222E-27  0.000E+00 ( 3.100E-14, 3.156E-15) ( 1.968E-14, 1.995E-15)  1.00E-07
  7.600E+01 1.32321E-27  0.000E+00 ( 3.048E-14, 3.106E-15) ( 1.950E-14, 1.978E-15)  1.00E-07
  7.650E+01 1.28550E-27  0.000E+00 ( 2.998E-14, 3.056E-15) ( 1.933E-14, 1.962E-15)  1.00E-07
  7.700E+01 1.24904E-27  0.000E+00 ( 2.948E-14, 3.008E-15) ( 1.916E-14, 1.945E-15)  1.00E-07
  7.750E+01 1.21378E-27  0.000E+00 ( 2.900E-14, 2.961E-15) ( 1.898E-14, 1.929E-15)  1.00E-07
  7.800E+01 1.17968E-27  0.000E+00 ( 2.852E-14, 2.914E-15) ( 1.882E-14, 1.913E-15)  1.00E-07
  7.850E+01 1.14669E-27  0.000E+00 ( 2.805E-14, 2.868E-15) ( 1.865E-14, 1.898E-15)  1.00E-07
  7.900E+01 1.11476E-27  0.000E+00 ( 2.760E-14, 2.823E-15) ( 1.848E-14, 1.882E-15)  1.00E-07
  7.950E+01 1.08385E-27  0.000E+00 ( 2.715E-14, 2.779E-15) ( 1.832E-14, 1.867E-15)  1.00E-07
  8.000E+01 1.05394E-27  0.000E+00 ( 2.671E-14, 2.736E-15) ( 1.816E-14, 1.851E-15)  1.00E-07
  8.050E+01 1.02497E-27  0.000E+00 ( 2.628E-14, 2.693E-15) ( 1.800E-14, 1.836E-15)  1.00E-07
  8.100E+01 9.96927E-28 -4.694E-04 ( 2.585E-14, 2.652E-15) ( 1.784E-14, 1.821E-15)  1.00E-07
  8.150E+01 9.69761E-28 -4.761E-04 ( 2.544E-14, 2.611E-15) ( 1.768E-14, 1.806E-15)  1.00E-07
  8.200E+01 9.43445E-28 -4.830E-04 ( 2.503E-14, 2.571E-15) ( 1.753E-14, 1.791E-15)  1.00E-07
  8.250E+01 9.17945E-28 -4.899E-04 ( 2.463E-14, 2.531E-15) ( 1.738E-14, 1.777E-15)  1.00E-07
  8.300E+01 8.93233E-28 -4.970E-04 ( 2.423E-14, 2.492E-15) ( 1.722E-14, 1.762E-15)  1.00E-07
  8.350E+01 8.69279E-28 -5.041E-04 ( 2.385E-14, 2.454E-15) ( 1.707E-14, 1.748E-15)  1.00E-07
  8.400E+01 8.46059E-28 -5.113E-04 ( 2.347E-14, 2.417E-15) ( 1.692E-14, 1.733E-15)  1.00E-07
  8.450E+01 8.23545E-28 -5.185E-04 ( 2.310E-14, 2.380E-15) ( 1.678E-14, 1.719E-15)  1.00E-07
  8.500E+01 8.01713E-28 -5.258E-04 ( 2.273E-14, 2.344E-15) ( 1.663E-14, 1.705E-15)  1.00E-07
  8.550E+01 7.80538E-28 -5.331E-04 ( 2.237E-14, 2.308E-15) ( 1.648E-14, 1.691E-15)  1.00E-07
  8.600E+01 7.59997E-28 -5.405E-04 ( 2.202E-14, 2.273E-15) ( 1.634E-14, 1.677E-15)  1.00E-07
  8.650E+01 7.40066E-28 -5.480E-04 ( 2.168E-14, 2.239E-15) ( 1.620E-14, 1.664E-15)  1.00E-07
  8.700E+01 7.20726E-28 -5.556E-04 ( 2.134E-14, 2.205E-15) ( 1.606E-14, 1.650E-15)  1.00E-07
  8.750E+01 7.01955E-28 -5.633E-04 ( 2.100E-14, 2.172E-15) ( 1.592E-14, 1.637E-15)  1.00E-07
  8.800E+01 6.83735E-28 -5.710E-04 ( 2.068E-14, 2.139E-15) ( 1.578E-14, 1.623E-15)  1.00E-07
  8.850E+01 6.66047E-28 -5.788E-04 ( 2.036E-14, 2.107E-15) ( 1.564E-14, 1.610E-15)  1.00E-07
  8.900E+01 6.48873E-28 -5.866E-04 ( 2.004E-14, 2.076E-15) ( 1.551E-14, 1.597E-15)  1.00E-07
  8.950E+01 6.32195E-28 -5.944E-04 ( 1.973E-14, 2.045E-15) ( 1.537E-14, 1.584E-15)  1.00E-07
  9.000E+01 6.15996E-28 -6.024E-04 ( 1.942E-14, 2.014E-15) ( 1.524E-14, 1.571E-15)  1.00E-07
  9.050E+01 6.00259E-28 -6.106E-04 ( 1.912E-14, 1.984E-15) ( 1.511E-14, 1.558E-15)  1.00E-07
  9.100E+01 5.84970E-28 -6.188E-04 ( 1.883E-14, 1.955E-15) ( 1.497E-14, 1.545E-15)  1.00E-07
  9.150E+01 5.70115E-28 -6.270E-04 ( 1.854E-14, 1.926E-15) ( 1.484E-14, 1.532E-15)  1.00E-07
  9.200E+01 5.55678E-28 -6.353E-04 ( 1.825E-14, 1.897E-15) ( 1.472E-14, 1.520E-15)  1.00E-07
  9.250E+01 5.41647E-28 -6.436E-04 ( 1.797E-14, 1.869E-15) ( 1.459E-14, 1.507E-15)  1.00E-07
  9.300E+01 5.28008E-28 -6.521E-04 ( 1.770E-14, 1.841E-15) ( 1.446E-14, 1.495E-15)  1.00E-07
  9.350E+01 5.14747E-28 -6.606E-04 ( 1.743E-14, 1.814E-15) ( 1.433E-14, 1.482E-15)  1.00E-07
  9.400E+01 5.01853E-28 -6.693E-04 ( 1.716E-14, 1.788E-15) ( 1.421E-14, 1.470E-15)  1.00E-07
  9.450E+01 4.89313E-28 -6.780E-04 ( 1.690E-14, 1.761E-15) ( 1.409E-14, 1.458E-15)  1.00E-07
  9.500E+01 4.77118E-28 -6.868E-04 ( 1.664E-14, 1.735E-15) ( 1.396E-14, 1.446E-15)  1.00E-07
  9.550E+01 4.65255E-28 -6.957E-04 ( 1.639E-14, 1.710E-15) ( 1.384E-14, 1.434E-15)  1.00E-07
  9.600E+01 4.53715E-28 -7.046E-04 ( 1.614E-14, 1.685E-15) ( 1.372E-14, 1.422E-15)  1.00E-07
  9.650E+01 4.42488E-28 -7.136E-04 ( 1.590E-14, 1.660E-15) ( 1.360E-14, 1.410E-15)  1.00E-07
  9.700E+01 4.31562E-28 -7.228E-04 ( 1.566E-14, 1.636E-15) ( 1.348E-14, 1.399E-15)  1.00E-07
  9.750E+01 4.20928E-28 -7.320E-04 ( 1.542E-14, 1.612E-15) ( 1.336E-14, 1.387E-15)  1.00E-07
  9.800E+01 4.10578E-28 -7.414E-04 ( 1.519E-14, 1.588E-15) ( 1.325E-14, 1.375E-15)  1.00E-07
  9.850E+01 4.00504E-28 -7.508E-04 ( 1.496E-14, 1.565E-15) ( 1.313E-14, 1.364E-15)  1.00E-07
  9.900E+01 3.90696E-28 -7.603E-04 ( 1.473E-14, 1.542E-15) ( 1.302E-14, 1.352E-15)  1.00E-07
  9.950E+01 3.81146E-28 -7.699E-04 ( 1.451E-14, 1.520E-15) ( 1.290E-14, 1.341E-15)  1.00E-07
  1.000E+02 3.71848E-28 -7.795E-04 ( 1.429E-14, 1.498E-15) ( 1.279E-14, 1.330E-15)  1.00E-07
  1.005E+02 3.62792E-28 -7.893E-04 ( 1.408E-14, 1.476E-15) ( 1.267E-14, 1.319E-15)  1.00E-07
  1.010E+02 3.53971E-28 -7.991E-04 ( 1.387E-14, 1.455E-15) ( 1.256E-14, 1.307E-15)  1.00E-07
  1.015E+02 3.45379E-28 -8.092E-04 ( 1.366E-14, 1.434E-15) ( 1.245E-14, 1.296E-15)  1.00E-07
  1.020E+02 3.37008E-28 -8.193E-04 ( 1.346E-14, 1.413E-15) ( 1.234E-14, 1.285E-15)  1.00E-07
  1.025E+02 3.28853E-28 -8.295E-04 ( 1.326E-14, 1.392E-15) ( 1.223E-14, 1.274E-15)  1.00E-07
  1.030E+02 3.20907E-28 -8.397E-04 ( 1.306E-14, 1.372E-15) ( 1.212E-14, 1.264E-15)  1.00E-07
  1.035E+02 3.13163E-28 -8.501E-04 ( 1.286E-14, 1.352E-15) ( 1.201E-14, 1.253E-15)  1.00E-07
  1.040E+02 3.05616E-28 -8.605E-04 ( 1.267E-14, 1.333E-15) ( 1.191E-14, 1.242E-15)  1.00E-07
  1.045E+02 2.98260E-28 -8.711E-04 ( 1.248E-14, 1.314E-15) ( 1.180E-14, 1.231E-15)  1.00E-07
  1.050E+02 2.91089E-28 -8.819E-04 ( 1.230E-14, 1.295E-15) ( 1.169E-14, 1.221E-15)  1.00E-07
  1.055E+02 2.84098E-28 -8.927E-04 ( 1.211E-14, 1.276E-15) ( 1.159E-14, 1.210E-15)  1.00E-07
  1.060E+02 2.77282E-28 -9.037E-04 ( 1.193E-14, 1.258E-15) ( 1.148E-14, 1.200E-15)  1.00E-07
  1.065E+02 2.70636E-28 -9.147E-04 ( 1.176E-14, 1.239E-15) ( 1.138E-14, 1.189E-15)  1.00E-07
  1.070E+02 2.64155E-28 -9.258E-04 ( 1.158E-14, 1.222E-15) ( 1.128E-14, 1.179E-15)  1.00E-07
  1.075E+02 2.57834E-28 -9.371E-04 ( 1.141E-14, 1.204E-15) ( 1.117E-14, 1.169E-15)  1.00E-07
  1.080E+02 2.51669E-28 -9.484E-04 ( 1.124E-14, 1.187E-15) ( 1.107E-14, 1.158E-15)  1.00E-07
  1.085E+02 2.45656E-28 -9.600E-04 ( 1.107E-14, 1.170E-15) ( 1.097E-14, 1.148E-15)  1.00E-07
  1.090E+02 2.39789E-28 -9.717E-04 ( 1.091E-14, 1.153E-15) ( 1.087E-14, 1.138E-15)  1.00E-07
  1.095E+02 2.34065E-28 -9.835E-04 ( 1.075E-14, 1.136E-15) ( 1.077E-14, 1.128E-15)  1.00E-07
  1.100E+02 2.28481E-28 -9.954E-04 ( 1.059E-14, 1.120E-15) ( 1.067E-14, 1.118E-15)  1.00E-07
  1.105E+02 2.23032E-28 -1.007E-03 ( 1.043E-14, 1.104E-15) ( 1.057E-14, 1.108E-15)  1.00E-07
  1.110E+02 2.17715E-28 -1.019E-03 ( 1.028E-14, 1.088E-15) ( 1.047E-14, 1.098E-15)  1.00E-07
  1.115E+02 2.12525E-28 -1.032E-03 ( 1.013E-14, 1.072E-15) ( 1.038E-14, 1.088E-15)  1.00E-07
  1.120E+02 2.07460E-28 -1.044E-03 ( 9.976E-15, 1.057E-15) ( 1.028E-14, 1.078E-15)  1.00E-07
  1.125E+02 2.02515E-28 -1.057E-03 ( 9.829E-15, 1.042E-15) ( 1.018E-14, 1.068E-15)  1.00E-07
  1.130E+02 1.97689E-28 -1.069E-03 ( 9.684E-15, 1.027E-15) ( 1.009E-14, 1.059E-15)  1.00E-07
  1.135E+02 1.92977E-28 -1.082E-03 ( 9.541E-15, 1.012E-15) ( 9.991E-15, 1.049E-15)  1.00E-07
  1.140E+02 1.88377E-28 -1.095E-03 ( 9.400E-15, 9.977E-16) ( 9.896E-15, 1.039E-15)  1.00E-07
  1.145E+02 1.83885E-28 -1.108E-03 ( 9.262E-15, 9.834E-16) ( 9.802E-15, 1.030E-15)  1.00E-07
  1.150E+02 1.79499E-28 -1.122E-03 ( 9.125E-15, 9.693E-16) ( 9.708E-15, 1.020E-15)  1.00E-07
  1.155E+02 1.75216E-28 -1.135E-03 ( 8.991E-15, 9.554E-16) ( 9.615E-15, 1.011E-15)  1.00E-07
  1.160E+02 1.71033E-28 -1.149E-03 ( 8.858E-15, 9.418E-16) ( 9.522E-15, 1.001E-15)  1.00E-07
  1.165E+02 1.66947E-28 -1.162E-03 ( 8.728E-15, 9.283E-16) ( 9.430E-15, 9.919E-16)  1.00E-07
  1.170E+02 1.62957E-28 -1.176E-03 ( 8.599E-15, 9.150E-16) ( 9.338E-15, 9.825E-16)  1.00E-07
  1.175E+02 1.59059E-28 -1.190E-03 ( 8.473E-15, 9.019E-16) ( 9.247E-15, 9.732E-16)  1.00E-07
  1.180E+02 1.55252E-28 -1.204E-03 ( 8.348E-15, 8.890E-16) ( 9.157E-15, 9.639E-16)  1.00E-07
  1.185E+02 1.51532E-28 -1.219E-03 ( 8.225E-15, 8.763E-16) ( 9.066E-15, 9.547E-16)  1.00E-07
  1.190E+02 1.47898E-28 -1.233E-03 ( 8.104E-15, 8.638E-16) ( 8.976E-15, 9.455E-16)  1.00E-07
  1.195E+02 1.44347E-28 -1.248E-03 ( 7.985E-15, 8.514E-16) ( 8.887E-15, 9.363E-16)  1.00E-07
  1.200E+02 1.40877E-28 -1.263E-03 ( 7.868E-15, 8.393E-16) ( 8.798E-15, 9.272E-16)  1.00E-07
  1.205E+02 1.37487E-28 -1.278E-03 ( 7.752E-15, 8.273E-16) ( 8.710E-15, 9.181E-16)  1.00E-07
  1.210E+02 1.34174E-28 -1.293E-03 ( 7.638E-15, 8.155E-16) ( 8.622E-15, 9.091E-16)  1.00E-07
  1.215E+02 1.30936E-28 -1.309E-03 ( 7.526E-15, 8.038E-16) ( 8.534E-15, 9.001E-16)  1.00E-07
  1.220E+02 1.27772E-28 -1.324E-03 ( 7.416E-15, 7.924E-16) ( 8.447E-15, 8.911E-16)  1.00E-07
  1.225E+02 1.24679E-28 -1.340E-03 ( 7.307E-15, 7.811E-16) ( 8.360E-15, 8.822E-16)  1.00E-07
  1.230E+02 1.21656E-28 -1.356E-03 ( 7.200E-15, 7.699E-16) ( 8.274E-15, 8.733E-16)  1.00E-07
  1.235E+02 1.18701E-28 -1.373E-03 ( 7.094E-15, 7.589E-16) ( 8.188E-15, 8.645E-16)  1.00E-07
  1.240E+02 1.15812E-28 -1.389E-03 ( 6.990E-15, 7.481E-16) ( 8.103E-15, 8.557E-16)  1.00E-07
  1.245E+02 1.12989E-28 -1.406E-03 ( 6.888E-15, 7.375E-16) ( 8.018E-15, 8.469E-16)  1.00E-07
  1.250E+02 1.10228E-28 -1.423E-03 ( 6.787E-15, 7.270E-16) ( 7.933E-15, 8.381E-16)  1.00E-07
  1.255E+02 1.07530E-28 -1.440E-03 ( 6.688E-15, 7.166E-16) ( 7.849E-15, 8.294E-16)  1.00E-07
  1.260E+02 1.04891E-28 -1.457E-03 ( 6.590E-15, 7.064E-16) ( 7.765E-15, 8.207E-16)  1.00E-07
  1.265E+02 1.02312E-28 -1.474E-03 ( 6.494E-15, 6.964E-16) ( 7.681E-15, 8.121E-16)  1.00E-07
  1.270E+02 9.97891E-29 -1.492E-03 ( 6.399E-15, 6.865E-16) ( 7.598E-15, 8.035E-16)  1.00E-07
  1.275E+02 9.73228E-29 -1.510E-03 ( 6.305E-15, 6.767E-16) ( 7.515E-15, 7.949E-16)  1.00E-07
  1.280E+02 9.49112E-29 -1.529E-03 ( 6.213E-15, 6.671E-16) ( 7.433E-15, 7.864E-16)  1.00E-07
  1.285E+02 9.25531E-29 -1.547E-03 ( 6.123E-15, 6.577E-16) ( 7.350E-15, 7.778E-16)  1.00E-07
  1.290E+02 9.02472E-29 -1.565E-03 ( 6.033E-15, 6.483E-16) ( 7.269E-15, 7.693E-16)  1.00E-07
  1.295E+02 8.79922E-29 -1.584E-03 ( 5.946E-15, 6.391E-16) ( 7.187E-15, 7.609E-16)  1.00E-07
  1.300E+02 8.57869E-29 -1.604E-03 ( 5.859E-15, 6.301E-16) ( 7.106E-15, 7.525E-16)  1.00E-07
  1.305E+02 8.36301E-29 -1.623E-03 ( 5.774E-15, 6.212E-16) ( 7.025E-15, 7.441E-16)  1.00E-07
  1.310E+02 8.15208E-29 -1.643E-03 ( 5.690E-15, 6.124E-16) ( 6.945E-15, 7.357E-16)  1.00E-07
  1.315E+02 7.94580E-29 -1.663E-03 ( 5.607E-15, 6.038E-16) ( 6.865E-15, 7.274E-16)  1.00E-07
  1.320E+02 7.74407E-29 -1.683E-03 ( 5.526E-15, 5.952E-16) ( 6.785E-15, 7.190E-16)  1.00E-07
  1.325E+02 7.54677E-29 -1.704E-03 ( 5.446E-15, 5.869E-16) ( 6.705E-15, 7.108E-16)  1.00E-07
  1.330E+02 7.35381E-29 -1.725E-03 ( 5.367E-15, 5.786E-16) ( 6.626E-15, 7.025E-16)  1.00E-07
  1.335E+02 7.16507E-29 -1.746E-03 ( 5.289E-15, 5.705E-16) ( 6.547E-15, 6.943E-16)  1.00E-07
  1.340E+02 6.98047E-29 -1.767E-03 ( 5.213E-15, 5.624E-16) ( 6.468E-15, 6.861E-16)  1.00E-07
  1.345E+02 6.79992E-29 -1.789E-03 ( 5.138E-15, 5.546E-16) ( 6.390E-15, 6.779E-16)  1.00E-07
  1.350E+02 6.62334E-29 -1.811E-03 ( 5.064E-15, 5.468E-16) ( 6.312E-15, 6.697E-16)  1.00E-07
  1.355E+02 6.45064E-29 -1.834E-03 ( 4.991E-15, 5.391E-16) ( 6.234E-15, 6.616E-16)  1.00E-07
  1.360E+02 6.28174E-29 -1.856E-03 ( 4.919E-15, 5.316E-16) ( 6.157E-15, 6.535E-16)  1.00E-07
  1.365E+02 6.11654E-29 -1.879E-03 ( 4.849E-15, 5.242E-16) ( 6.080E-15, 6.454E-16)  1.00E-07
  1.370E+02 5.95497E-29 -1.902E-03 ( 4.780E-15, 5.169E-16) ( 6.003E-15, 6.374E-16)  1.00E-07
  1.375E+02 5.79694E-29 -1.926E-03 ( 4.711E-15, 5.097E-16) ( 5.926E-15, 6.293E-16)  1.00E-07
  1.380E+02 5.64238E-29 -1.950E-03 ( 4.644E-15, 5.027E-16) ( 5.850E-15, 6.213E-16)  1.00E-07
  1.385E+02 5.49123E-29 -1.975E-03 ( 4.578E-15, 4.957E-16) ( 5.773E-15, 6.133E-16)  1.00E-07
  1.390E+02 5.34341E-29 -2.000E-03 ( 4.513E-15, 4.889E-16) ( 5.698E-15, 6.054E-16)  1.00E-07
  1.395E+02 5.19887E-29 -2.024E-03 ( 4.449E-15, 4.822E-16) ( 5.622E-15, 5.974E-16)  1.00E-07
  1.400E+02 5.05752E-29 -2.050E-03 ( 4.386E-15, 4.755E-16) ( 5.546E-15, 5.895E-16)  1.00E-07
  1.405E+02 4.91929E-29 -2.075E-03 ( 4.324E-15, 4.690E-16) ( 5.471E-15, 5.816E-16)  1.00E-07
  1.410E+02 4.78412E-29 -2.102E-03 ( 4.264E-15, 4.626E-16) ( 5.396E-15, 5.737E-16)  1.00E-07
  1.415E+02 4.65193E-29 -2.129E-03 ( 4.204E-15, 4.563E-16) ( 5.322E-15, 5.659E-16)  1.00E-07
  1.420E+02 4.52269E-29 -2.156E-03 ( 4.145E-15, 4.501E-16) ( 5.247E-15, 5.581E-16)  1.00E-07
  1.425E+02 4.39635E-29 -2.183E-03 ( 4.087E-15, 4.440E-16) ( 5.173E-15, 5.502E-16)  1.00E-07
  1.430E+02 4.27284E-29 -2.211E-03 ( 4.030E-15, 4.381E-16) ( 5.099E-15, 5.424E-16)  1.00E-07
  1.435E+02 4.15211E-29 -2.238E-03 ( 3.975E-15, 4.322E-16) ( 5.025E-15, 5.347E-16)  1.00E-07
  1.440E+02 4.03407E-29 -2.267E-03 ( 3.920E-15, 4.264E-16) ( 4.951E-15, 5.269E-16)  1.00E-07
  1.445E+02 3.91866E-29 -2.296E-03 ( 3.866E-15, 4.207E-16) ( 4.878E-15, 5.192E-16)  1.00E-07
  1.450E+02 3.80587E-29 -2.326E-03 ( 3.813E-15, 4.151E-16) ( 4.805E-15, 5.115E-16)  1.00E-07
  1.455E+02 3.69566E-29 -2.356E-03 ( 3.761E-15, 4.096E-16) ( 4.732E-15, 5.038E-16)  1.00E-07
  1.460E+02 3.58796E-29 -2.386E-03 ( 3.710E-15, 4.042E-16) ( 4.659E-15, 4.961E-16)  1.00E-07
  1.465E+02 3.48274E-29 -2.416E-03 ( 3.660E-15, 3.989E-16) ( 4.586E-15, 4.884E-16)  1.00E-07
  1.470E+02 3.37992E-29 -2.447E-03 ( 3.611E-15, 3.937E-16) ( 4.514E-15, 4.808E-16)  1.00E-07
  1.475E+02 3.27946E-29 -2.479E-03 ( 3.563E-15, 3.886E-16) ( 4.442E-15, 4.731E-16)  1.00E-07
  1.480E+02 3.18132E-29 -2.511E-03 ( 3.515E-15, 3.836E-16) ( 4.370E-15, 4.655E-16)  1.00E-07
  1.485E+02 3.08547E-29 -2.543E-03 ( 3.469E-15, 3.787E-16) ( 4.298E-15, 4.579E-16)  1.00E-07
  1.490E+02 2.99187E-29 -2.576E-03 ( 3.423E-15, 3.739E-16) ( 4.226E-15, 4.503E-16)  1.00E-07
  1.495E+02 2.90048E-29 -2.609E-03 ( 3.378E-15, 3.691E-16) ( 4.154E-15, 4.428E-16)  1.00E-07
  1.500E+02 2.81126E-29 -2.642E-03 ( 3.334E-15, 3.645E-16) ( 4.083E-15, 4.352E-16)  1.00E-07
  1.505E+02 2.72416E-29 -2.676E-03 ( 3.291E-15, 3.600E-16) ( 4.012E-15, 4.277E-16)  1.00E-07
  1.510E+02 2.63915E-29 -2.710E-03 ( 3.249E-15, 3.555E-16) ( 3.941E-15, 4.202E-16)  1.00E-07
  1.515E+02 2.55618E-29 -2.745E-03 ( 3.208E-15, 3.511E-16) ( 3.870E-15, 4.126E-16)  1.00E-07
  1.520E+02 2.47523E-29 -2.780E-03 ( 3.167E-15, 3.468E-16) ( 3.799E-15, 4.052E-16)  1.00E-07
  1.525E+02 2.39627E-29 -2.816E-03 ( 3.128E-15, 3.426E-16) ( 3.729E-15, 3.977E-16)  1.00E-07
  1.530E+02 2.31927E-29 -2.851E-03 ( 3.089E-15, 3.385E-16) ( 3.658E-15, 3.902E-16)  1.00E-07
  1.535E+02 2.24419E-29 -2.887E-03 ( 3.051E-15, 3.345E-16) ( 3.588E-15, 3.828E-16)  1.00E-07
  1.540E+02 2.17099E-29 -2.922E-03 ( 3.014E-15, 3.305E-16) ( 3.518E-15, 3.753E-16)  1.00E-07
  1.545E+02 2.09965E-29 -2.959E-03 ( 2.977E-15, 3.267E-16) ( 3.448E-15, 3.679E-16)  1.00E-07
  1.550E+02 2.03013E-29 -2.995E-03 ( 2.942E-15, 3.229E-16) ( 3.378E-15, 3.605E-16)  1.00E-07
  1.555E+02 1.96241E-29 -3.032E-03 ( 2.907E-15, 3.192E-16) ( 3.309E-15, 3.531E-16)  1.00E-07
  1.560E+02 1.89647E-29 -3.069E-03 ( 2.873E-15, 3.156E-16) ( 3.239E-15, 3.457E-16)  1.00E-07
  1.565E+02 1.83227E-29 -3.106E-03 ( 2.840E-15, 3.121E-16) ( 3.170E-15, 3.383E-16)  1.00E-07
  1.570E+02 1.76980E-29 -3.142E-03 ( 2.807E-15, 3.086E-16) ( 3.100E-15, 3.309E-16)  1.00E-07
  1.575E+02 1.70902E-29 -3.178E-03 ( 2.776E-15, 3.053E-16) ( 3.031E-15, 3.236E-16)  1.00E-07
  1.580E+02 1.64991E-29 -3.214E-03 ( 2.745E-15, 3.020E-16) ( 2.962E-15, 3.162E-16)  1.00E-07
  1.585E+02 1.59244E-29 -3.250E-03 ( 2.715E-15, 2.988E-16) ( 2.893E-15, 3.089E-16)  1.00E-07
  1.590E+02 1.53658E-29 -3.285E-03 ( 2.685E-15, 2.957E-16) ( 2.824E-15, 3.016E-16)  1.00E-07
  1.595E+02 1.48233E-29 -3.320E-03 ( 2.657E-15, 2.926E-16) ( 2.756E-15, 2.943E-16)  1.00E-07
  1.600E+02 1.42966E-29 -3.354E-03 ( 2.629E-15, 2.897E-16) ( 2.687E-15, 2.870E-16)  1.00E-07
  1.605E+02 1.37855E-29 -3.387E-03 ( 2.602E-15, 2.868E-16) ( 2.618E-15, 2.797E-16)  1.00E-07
  1.610E+02 1.32898E-29 -3.419E-03 ( 2.575E-15, 2.840E-16) ( 2.550E-15, 2.724E-16)  1.00E-07
  1.615E+02 1.28092E-29 -3.450E-03 ( 2.550E-15, 2.813E-16) ( 2.482E-15, 2.651E-16)  1.00E-07
  1.620E+02 1.23435E-29 -3.479E-03 ( 2.525E-15, 2.786E-16) ( 2.414E-15, 2.578E-16)  1.00E-07
  1.625E+02 1.18926E-29 -3.507E-03 ( 2.501E-15, 2.760E-16) ( 2.345E-15, 2.506E-16)  1.00E-07
  1.630E+02 1.14563E-29 -3.533E-03 ( 2.477E-15, 2.735E-16) ( 2.277E-15, 2.433E-16)  1.00E-07
  1.635E+02 1.10346E-29 -3.556E-03 ( 2.454E-15, 2.711E-16) ( 2.209E-15, 2.361E-16)  1.00E-07
  1.640E+02 1.06271E-29 -3.577E-03 ( 2.432E-15, 2.688E-16) ( 2.142E-15, 2.288E-16)  1.00E-07
  1.645E+02 1.02338E-29 -3.594E-03 ( 2.411E-15, 2.665E-16) ( 2.074E-15, 2.216E-16)  1.00E-07
  1.650E+02 9.85439E-30 -3.609E-03 ( 2.390E-15, 2.643E-16) ( 2.006E-15, 2.144E-16)  1.00E-07
  1.655E+02 9.48877E-30 -3.619E-03 ( 2.370E-15, 2.622E-16) ( 1.939E-15, 2.072E-16)  1.00E-07
  1.660E+02 9.13679E-30 -3.626E-03 ( 2.351E-15, 2.602E-16) ( 1.871E-15, 2.000E-16)  1.00E-07
  1.665E+02 8.79834E-30 -3.628E-03 ( 2.333E-15, 2.582E-16) ( 1.804E-15, 1.928E-16)  1.00E-07
  1.670E+02 8.47334E-30 -3.625E-03 ( 2.315E-15, 2.563E-16) ( 1.736E-15, 1.856E-16)  1.00E-07
  1.675E+02 8.16167E-30 -3.616E-03 ( 2.298E-15, 2.545E-16) ( 1.669E-15, 1.784E-16)  1.00E-07
  1.680E+02 7.86319E-30 -3.600E-03 ( 2.281E-15, 2.527E-16) ( 1.602E-15, 1.712E-16)  1.00E-07
  1.685E+02 7.57775E-30 -3.576E-03 ( 2.266E-15, 2.511E-16) ( 1.534E-15, 1.640E-16)  1.00E-07
  1.690E+02 7.30520E-30 -3.546E-03 ( 2.251E-15, 2.495E-16) ( 1.467E-15, 1.569E-16)  1.00E-07
  1.695E+02 7.04543E-30 -3.508E-03 ( 2.236E-15, 2.479E-16) ( 1.400E-15, 1.497E-16)  1.00E-07
  1.700E+02 6.79837E-30 -3.460E-03 ( 2.223E-15, 2.465E-16) ( 1.333E-15, 1.425E-16)  1.00E-07
  1.705E+02 6.56398E-30 -3.403E-03 ( 2.210E-15, 2.451E-16) ( 1.266E-15, 1.354E-16)  1.00E-07
  1.710E+02 6.34220E-30 -3.334E-03 ( 2.197E-15, 2.438E-16) ( 1.199E-15, 1.282E-16)  1.00E-07
  1.715E+02 6.13293E-30 -3.254E-03 ( 2.186E-15, 2.425E-16) ( 1.132E-15, 1.211E-16)  1.00E-07
  1.720E+02 5.93603E-30 -3.162E-03 ( 2.175E-15, 2.414E-16) ( 1.066E-15, 1.139E-16)  1.00E-07
  1.725E+02 5.75140E-30 -3.058E-03 ( 2.164E-15, 2.403E-16) ( 9.988E-16, 1.068E-16)  1.00E-07
  1.730E+02 5.57894E-30 -2.942E-03 ( 2.155E-15, 2.392E-16) ( 9.320E-16, 9.967E-17)  1.00E-07
  1.735E+02 5.41862E-30 -2.811E-03 ( 2.146E-15, 2.383E-16) ( 8.653E-16, 9.254E-17)  1.00E-07
  1.740E+02 5.27044E-30 -2.667E-03 ( 2.138E-15, 2.374E-16) ( 7.986E-16, 8.541E-17)  1.00E-07
  1.745E+02 5.13438E-30 -2.509E-03 ( 2.130E-15, 2.366E-16) ( 7.319E-16, 7.828E-17)  1.00E-07
  1.750E+02 5.01039E-30 -2.336E-03 ( 2.123E-15, 2.359E-16) ( 6.653E-16, 7.116E-17)  1.00E-07
  1.755E+02 4.89837E-30 -2.150E-03 ( 2.117E-15, 2.352E-16) ( 5.987E-16, 6.403E-17)  1.00E-07
  1.760E+02 4.79821E-30 -1.950E-03 ( 2.111E-15, 2.346E-16) ( 5.321E-16, 5.691E-17)  1.00E-07
  1.765E+02 4.70985E-30 -1.738E-03 ( 2.106E-15, 2.341E-16) ( 4.656E-16, 4.980E-17)  1.00E-07
  1.770E+02 4.63326E-30 -1.514E-03 ( 2.102E-15, 2.336E-16) ( 3.990E-16, 4.268E-17)  1.00E-07
  1.775E+02 4.56850E-30 -1.280E-03 ( 2.098E-15, 2.332E-16) ( 3.325E-16, 3.556E-17)  1.00E-07
  1.780E+02 4.51562E-30 -1.036E-03 ( 2.095E-15, 2.329E-16) ( 2.660E-16, 2.845E-17)  1.00E-07
  1.785E+02 4.47462E-30 -7.836E-04 ( 2.093E-15, 2.327E-16) ( 1.995E-16, 2.134E-17)  1.00E-07
  1.790E+02 4.44547E-30 -5.256E-04 ( 2.091E-15, 2.325E-16) ( 1.330E-16, 1.422E-17)  1.00E-07
  1.795E+02 4.42803E-30 -2.637E-04 ( 2.090E-15, 2.324E-16) ( 6.649E-17, 7.112E-18)  1.00E-07
  1.800E+02 4.42229E-30 -3.705E-18 ( 2.090E-15, 2.323E-16) ( 9.331E-31, 9.980E-32)  1.00E-07

  TOTAL ELASTIC CROSS SECTION = 1.109371E-20 cm**2
               FROM DCS TABLE = 1.107620E-20  (REL. DIF. = 1.58E-03)

  1ST TRANSPORT CROSS SECTION = 1.002535E-25 cm**2
               FROM DCS TABLE = 1.002136E-25  (REL. DIF. = 3.98E-04)

  2ND TRANSPORT CROSS SECTION = 2.890454E-25 cm**2

  **** DPWA0 ENDED ************************************************************

