 #  Scattering field.
 #  All quantities in atomic units (a.u.), unless otherwise indicated.
 #  Z =   1, NELEC =   1,   projectile: electron
 #  Kinetic energy = 1.35973E+05 a.u. = 3.70000E+06 eV
 #
 #   i       r           r*V         r*Vst        r*Vex       r*Vpol       r*Wabs        rho_e
 #------------------------------------------------------------------------------------------------
     1  0.00000E+00 -0.00000E+00 -0.00000E+00  0.00000E+00  0.00000E+00  0.00000E+00  3.18843E-01
     2  5.41833E-08 -1.94888E-03 -1.94888E-03 -8.17122E-14  0.00000E+00  0.00000E+00  3.18843E-01
     3  1.09815E-07 -3.94984E-03 -3.94984E-03 -1.65605E-13  0.00000E+00  0.00000E+00  3.18835E-01
     4  1.66934E-07 -6.00425E-03 -6.00425E-03 -2.51735E-13  0.00000E+00  0.00000E+00  3.18827E-01
     5  2.25579E-07 -8.11351E-03 -8.11351E-03 -3.40163E-13  0.00000E+00  0.00000E+00  3.18818E-01
     6  2.85792E-07 -1.02791E-02 -1.02791E-02 -4.30950E-13  0.00000E+00  0.00000E+00  3.18810E-01
     7  3.47614E-07 -1.25024E-02 -1.25024E-02 -5.24158E-13  0.00000E+00  0.00000E+00  3.18802E-01
     8  4.11088E-07 -1.47851E-02 -1.47851E-02 -6.19854E-13  0.00000E+00  0.00000E+00  3.18793E-01
     9  4.76258E-07 -1.71286E-02 -1.71286E-02 -7.18102E-13  0.00000E+00  0.00000E+00  3.18784E-01
    10  5.43171E-07 -1.95346E-02 -1.95346E-02 -8.18972E-13  0.00000E+00  0.00000E+00  3.18776E-01
    11  6.11872E-07 -2.20047E-02 -2.20047E-02 -9.22532E-13  0.00000E+00  0.00000E+00  3.18767E-01
    12  6.82409E-07 -2.45405E-02 -2.45405E-02 -1.02886E-12  0.00000E+00  0.00000E+00  3.18758E-01
    13  7.54831E-07 -2.71438E-02 -2.71438E-02 -1.13802E-12  0.00000E+00  0.00000E+00  3.18749E-01
    14  8.29189E-07 -2.98163E-02 -2.98163E-02 -1.25009E-12  0.00000E+00  0.00000E+00  3.18741E-01
    15  9.05534E-07 -3.25599E-02 -3.25599E-02 -1.36516E-12  0.00000E+00  0.00000E+00  3.18732E-01
    16  9.83920E-07 -3.53763E-02 -3.53763E-02 -1.48329E-12  0.00000E+00  0.00000E+00  3.18723E-01
    17  1.06440E-06 -3.82674E-02 -3.82674E-02 -1.60458E-12  0.00000E+00  0.00000E+00  3.18714E-01
    18  1.14703E-06 -4.12352E-02 -4.12352E-02 -1.72910E-12  0.00000E+00  0.00000E+00  3.18705E-01
    19  1.23187E-06 -4.42816E-02 -4.42816E-02 -1.85695E-12  0.00000E+00  0.00000E+00  3.18696E-01
    20  1.31898E-06 -4.74087E-02 -4.74087E-02 -1.98822E-12  0.00000E+00  0.00000E+00  3.18687E-01
    21  1.40842E-06 -5.06185E-02 -5.06185E-02 -2.12298E-12  0.00000E+00  0.00000E+00  3.18679E-01
    22  1.50024E-06 -5.39130E-02 -5.39130E-02 -2.26135E-12  0.00000E+00  0.00000E+00  3.18670E-01
    23  1.59452E-06 -5.72945E-02 -5.72945E-02 -2.40341E-12  0.00000E+00  0.00000E+00  3.18661E-01
    24  1.69132E-06 -6.07651E-02 -6.07651E-02 -2.54926E-12  0.00000E+00  0.00000E+00  3.18652E-01
    25  1.79071E-06 -6.43271E-02 -6.43271E-02 -2.69901E-12  0.00000E+00  0.00000E+00  3.18644E-01
    26  1.89275E-06 -6.79828E-02 -6.79828E-02 -2.85276E-12  0.00000E+00  0.00000E+00  3.18635E-01
    27  1.99752E-06 -7.17344E-02 -7.17344E-02 -3.01062E-12  0.00000E+00  0.00000E+00  3.18627E-01
    28  2.10509E-06 -7.55843E-02 -7.55843E-02 -3.17269E-12  0.00000E+00  0.00000E+00  3.18619E-01
    29  2.21554E-06 -7.95351E-02 -7.95351E-02 -3.33910E-12  0.00000E+00  0.00000E+00  3.18611E-01
    30  2.32894E-06 -8.35891E-02 -8.35891E-02 -3.50996E-12  0.00000E+00  0.00000E+00  3.18603E-01
    31  2.44537E-06 -8.77488E-02 -8.77488E-02 -3.68538E-12  0.00000E+00  0.00000E+00  3.18595E-01
    32  2.56491E-06 -9.20168E-02 -9.20168E-02 -3.86549E-12  0.00000E+00  0.00000E+00  3.18587E-01
    33  2.68764E-06 -9.63957E-02 -9.63957E-02 -4.05042E-12  0.00000E+00  0.00000E+00  3.18580E-01
    34  2.81366E-06 -1.00888E-01 -1.00888E-01 -4.24030E-12  0.00000E+00  0.00000E+00  3.18573E-01
    35  2.94304E-06 -1.05497E-01 -1.05497E-01 -4.43526E-12  0.00000E+00  0.00000E+00  3.18566E-01
    36  3.07588E-06 -1.10224E-01 -1.10224E-01 -4.63544E-12  0.00000E+00  0.00000E+00  3.18559E-01
    37  3.21227E-06 -1.15074E-01 -1.15074E-01 -4.84097E-12  0.00000E+00  0.00000E+00  3.18552E-01
    38  3.35231E-06 -1.20047E-01 -1.20047E-01 -5.05201E-12  0.00000E+00  0.00000E+00  3.18546E-01
    39  3.49609E-06 -1.25149E-01 -1.25149E-01 -5.26870E-12  0.00000E+00  0.00000E+00  3.18540E-01
    40  3.64371E-06 -1.30380E-01 -1.30380E-01 -5.49119E-12  0.00000E+00  0.00000E+00  3.18534E-01
    41  3.79528E-06 -1.35744E-01 -1.35744E-01 -5.71965E-12  0.00000E+00  0.00000E+00  3.18529E-01
    42  3.95090E-06 -1.41244E-01 -1.41244E-01 -5.95423E-12  0.00000E+00  0.00000E+00  3.18524E-01
    43  4.11068E-06 -1.46883E-01 -1.46883E-01 -6.19510E-12  0.00000E+00  0.00000E+00  3.18519E-01
    44  4.27473E-06 -1.52664E-01 -1.52664E-01 -6.44243E-12  0.00000E+00  0.00000E+00  3.18515E-01
    45  4.44316E-06 -1.58590E-01 -1.58590E-01 -6.69640E-12  0.00000E+00  0.00000E+00  3.18511E-01
    46  4.61610E-06 -1.64664E-01 -1.64664E-01 -6.95718E-12  0.00000E+00  0.00000E+00  3.18508E-01
    47  4.79365E-06 -1.70888E-01 -1.70888E-01 -7.22496E-12  0.00000E+00  0.00000E+00  3.18504E-01
    48  4.97596E-06 -1.77266E-01 -1.77266E-01 -7.49993E-12  0.00000E+00  0.00000E+00  3.18501E-01
    49  5.16313E-06 -1.83801E-01 -1.83801E-01 -7.78229E-12  0.00000E+00  0.00000E+00  3.18499E-01
    50  5.35531E-06 -1.90495E-01 -1.90495E-01 -8.07223E-12  0.00000E+00  0.00000E+00  3.18497E-01
    51  5.55262E-06 -1.97352E-01 -1.97352E-01 -8.36997E-12  0.00000E+00  0.00000E+00  3.18495E-01
    52  5.75521E-06 -2.04374E-01 -2.04374E-01 -8.67571E-12  0.00000E+00  0.00000E+00  3.18494E-01
    53  5.96321E-06 -2.11565E-01 -2.11565E-01 -8.98968E-12  0.00000E+00  0.00000E+00  3.18492E-01
    54  6.17677E-06 -2.18926E-01 -2.18926E-01 -9.31209E-12  0.00000E+00  0.00000E+00  3.18491E-01
    55  6.39604E-06 -2.26462E-01 -2.26462E-01 -9.64317E-12  0.00000E+00  0.00000E+00  3.18491E-01
    56  6.62117E-06 -2.34174E-01 -2.34174E-01 -9.98317E-12  0.00000E+00  0.00000E+00  3.18490E-01
    57  6.85232E-06 -2.42065E-01 -2.42065E-01 -1.03323E-11  0.00000E+00  0.00000E+00  3.18490E-01
    58  7.08964E-06 -2.50137E-01 -2.50137E-01 -1.06909E-11  0.00000E+00  0.00000E+00  3.18490E-01
    59  7.33331E-06 -2.58394E-01 -2.58394E-01 -1.10591E-11  0.00000E+00  0.00000E+00  3.18490E-01
    60  7.58349E-06 -2.66836E-01 -2.66836E-01 -1.14372E-11  0.00000E+00  0.00000E+00  3.18490E-01
    61  7.84035E-06 -2.75466E-01 -2.75466E-01 -1.18255E-11  0.00000E+00  0.00000E+00  3.18490E-01
    62  8.10408E-06 -2.84287E-01 -2.84287E-01 -1.22243E-11  0.00000E+00  0.00000E+00  3.18490E-01
    63  8.37486E-06 -2.93299E-01 -2.93299E-01 -1.26339E-11  0.00000E+00  0.00000E+00  3.18489E-01
    64  8.65288E-06 -3.02504E-01 -3.02504E-01 -1.30545E-11  0.00000E+00  0.00000E+00  3.18489E-01
    65  8.93832E-06 -3.11904E-01 -3.11904E-01 -1.34864E-11  0.00000E+00  0.00000E+00  3.18489E-01
    66  9.23140E-06 -3.21499E-01 -3.21499E-01 -1.39301E-11  0.00000E+00  0.00000E+00  3.18489E-01
    67  9.53231E-06 -3.31290E-01 -3.31290E-01 -1.43857E-11  0.00000E+00  0.00000E+00  3.18489E-01
    68  9.84126E-06 -3.41277E-01 -3.41277E-01 -1.48536E-11  0.00000E+00  0.00000E+00  3.18488E-01
    69  1.01585E-05 -3.51461E-01 -3.51461E-01 -1.53343E-11  0.00000E+00  0.00000E+00  3.18488E-01
    70  1.04842E-05 -3.61842E-01 -3.61842E-01 -1.58279E-11  0.00000E+00  0.00000E+00  3.18488E-01
    71  1.08185E-05 -3.72418E-01 -3.72418E-01 -1.63349E-11  0.00000E+00  0.00000E+00  3.18488E-01
    72  1.11619E-05 -3.83188E-01 -3.83188E-01 -1.68557E-11  0.00000E+00  0.00000E+00  3.18487E-01
    73  1.15144E-05 -3.94151E-01 -3.94151E-01 -1.73906E-11  0.00000E+00  0.00000E+00  3.18487E-01
    74  1.18763E-05 -4.05304E-01 -4.05304E-01 -1.79400E-11  0.00000E+00  0.00000E+00  3.18487E-01
    75  1.22479E-05 -4.16645E-01 -4.16645E-01 -1.85044E-11  0.00000E+00  0.00000E+00  3.18487E-01
    76  1.26294E-05 -4.28172E-01 -4.28172E-01 -1.90841E-11  0.00000E+00  0.00000E+00  3.18486E-01
    77  1.30212E-05 -4.39878E-01 -4.39878E-01 -1.96796E-11  0.00000E+00  0.00000E+00  3.18486E-01
    78  1.34234E-05 -4.51762E-01 -4.51762E-01 -2.02913E-11  0.00000E+00  0.00000E+00  3.18486E-01
    79  1.38363E-05 -4.63816E-01 -4.63816E-01 -2.09197E-11  0.00000E+00  0.00000E+00  3.18485E-01
    80  1.42603E-05 -4.76035E-01 -4.76035E-01 -2.15653E-11  0.00000E+00  0.00000E+00  3.18485E-01
    81  1.46956E-05 -4.88413E-01 -4.88413E-01 -2.22285E-11  0.00000E+00  0.00000E+00  3.18484E-01
    82  1.51425E-05 -5.00942E-01 -5.00942E-01 -2.29099E-11  0.00000E+00  0.00000E+00  3.18484E-01
    83  1.56014E-05 -5.13613E-01 -5.13613E-01 -2.36098E-11  0.00000E+00  0.00000E+00  3.18484E-01
    84  1.60726E-05 -5.26418E-01 -5.26418E-01 -2.43290E-11  0.00000E+00  0.00000E+00  3.18483E-01
    85  1.65564E-05 -5.39347E-01 -5.39347E-01 -2.50679E-11  0.00000E+00  0.00000E+00  3.18483E-01
    86  1.70530E-05 -5.52387E-01 -5.52387E-01 -2.58271E-11  0.00000E+00  0.00000E+00  3.18482E-01
    87  1.75630E-05 -5.65528E-01 -5.65528E-01 -2.66071E-11  0.00000E+00  0.00000E+00  3.18482E-01
    88  1.80866E-05 -5.78756E-01 -5.78756E-01 -2.74086E-11  0.00000E+00  0.00000E+00  3.18481E-01
    89  1.86242E-05 -5.92057E-01 -5.92057E-01 -2.82322E-11  0.00000E+00  0.00000E+00  3.18480E-01
    90  1.91761E-05 -6.05418E-01 -6.05418E-01 -2.90784E-11  0.00000E+00  0.00000E+00  3.18480E-01
    91  1.97428E-05 -6.18820E-01 -6.18820E-01 -2.99480E-11  0.00000E+00  0.00000E+00  3.18479E-01
    92  2.03246E-05 -6.32249E-01 -6.32249E-01 -3.08416E-11  0.00000E+00  0.00000E+00  3.18479E-01
    93  2.09220E-05 -6.45686E-01 -6.45686E-01 -3.17599E-11  0.00000E+00  0.00000E+00  3.18478E-01
    94  2.15354E-05 -6.59113E-01 -6.59113E-01 -3.27036E-11  0.00000E+00  0.00000E+00  3.18477E-01
    95  2.21651E-05 -6.72510E-01 -6.72510E-01 -3.36735E-11  0.00000E+00  0.00000E+00  3.18477E-01
    96  2.28117E-05 -6.85857E-01 -6.85857E-01 -3.46702E-11  0.00000E+00  0.00000E+00  3.18476E-01
    97  2.34756E-05 -6.99133E-01 -6.99133E-01 -3.56945E-11  0.00000E+00  0.00000E+00  3.18475E-01
    98  2.41572E-05 -7.12316E-01 -7.12316E-01 -3.67472E-11  0.00000E+00  0.00000E+00  3.18474E-01
    99  2.48570E-05 -7.25386E-01 -7.25386E-01 -3.78292E-11  0.00000E+00  0.00000E+00  3.18474E-01
   100  2.55756E-05 -7.38318E-01 -7.38318E-01 -3.89412E-11  0.00000E+00  0.00000E+00  3.18473E-01
   101  2.63133E-05 -7.51092E-01 -7.51092E-01 -4.00842E-11  0.00000E+00  0.00000E+00  3.18472E-01
   102  2.70708E-05 -7.63683E-01 -7.63683E-01 -4.12589E-11  0.00000E+00  0.00000E+00  3.18471E-01
   103  2.78484E-05 -7.76070E-01 -7.76070E-01 -4.24662E-11  0.00000E+00  0.00000E+00  3.18471E-01
   104  2.86469E-05 -7.88229E-01 -7.88229E-01 -4.37072E-11  0.00000E+00  0.00000E+00  3.18470E-01
   105  2.94667E-05 -8.00140E-01 -8.00140E-01 -4.49827E-11  0.00000E+00  0.00000E+00  3.18469E-01
   106  3.03085E-05 -8.11781E-01 -8.11781E-01 -4.62936E-11  0.00000E+00  0.00000E+00  3.18468E-01
   107  3.11727E-05 -8.23131E-01 -8.23131E-01 -4.76411E-11  0.00000E+00  0.00000E+00  3.18467E-01
   108  3.20600E-05 -8.34171E-01 -8.34171E-01 -4.90260E-11  0.00000E+00  0.00000E+00  3.18466E-01
   109  3.29711E-05 -8.44881E-01 -8.44881E-01 -5.04494E-11  0.00000E+00  0.00000E+00  3.18465E-01
   110  3.39065E-05 -8.55247E-01 -8.55247E-01 -5.19123E-11  0.00000E+00  0.00000E+00  3.18464E-01
   111  3.48669E-05 -8.65250E-01 -8.65250E-01 -5.34159E-11  0.00000E+00  0.00000E+00  3.18463E-01
   112  3.58529E-05 -8.74879E-01 -8.74879E-01 -5.49612E-11  0.00000E+00  0.00000E+00  3.18462E-01
   113  3.68653E-05 -8.84121E-01 -8.84121E-01 -5.65493E-11  0.00000E+00  0.00000E+00  3.18461E-01
   114  3.79048E-05 -8.92966E-01 -8.92966E-01 -5.81815E-11  0.00000E+00  0.00000E+00  3.18460E-01
   115  3.89721E-05 -9.01406E-01 -9.01406E-01 -5.98588E-11  0.00000E+00  0.00000E+00  3.18459E-01
   116  4.00678E-05 -9.09434E-01 -9.09434E-01 -6.15825E-11  0.00000E+00  0.00000E+00  3.18458E-01
   117  4.11929E-05 -9.17049E-01 -9.17049E-01 -6.33538E-11  0.00000E+00  0.00000E+00  3.18457E-01
   118  4.23480E-05 -9.24246E-01 -9.24246E-01 -6.51739E-11  0.00000E+00  0.00000E+00  3.18456E-01
   119  4.35340E-05 -9.31029E-01 -9.31029E-01 -6.70442E-11  0.00000E+00  0.00000E+00  3.18455E-01
   120  4.47517E-05 -9.37398E-01 -9.37398E-01 -6.89660E-11  0.00000E+00  0.00000E+00  3.18453E-01
   121  4.60020E-05 -9.43359E-01 -9.43359E-01 -7.09405E-11  0.00000E+00  0.00000E+00  3.18452E-01
   122  4.72857E-05 -9.48919E-01 -9.48919E-01 -7.29691E-11  0.00000E+00  0.00000E+00  3.18451E-01
   123  4.86036E-05 -9.54087E-01 -9.54087E-01 -7.50534E-11  0.00000E+00  0.00000E+00  3.18450E-01
   124  4.99568E-05 -9.58872E-01 -9.58872E-01 -7.71946E-11  0.00000E+00  0.00000E+00  3.18448E-01
   125  5.13462E-05 -9.63286E-01 -9.63286E-01 -7.93943E-11  0.00000E+00  0.00000E+00  3.18447E-01
   126  5.27727E-05 -9.67344E-01 -9.67344E-01 -8.16540E-11  0.00000E+00  0.00000E+00  3.18446E-01
   127  5.42373E-05 -9.71059E-01 -9.71059E-01 -8.39752E-11  0.00000E+00  0.00000E+00  3.18444E-01
   128  5.57411E-05 -9.74447E-01 -9.74447E-01 -8.63595E-11  0.00000E+00  0.00000E+00  3.18443E-01
   129  5.72850E-05 -9.77525E-01 -9.77525E-01 -8.88086E-11  0.00000E+00  0.00000E+00  3.18442E-01
   130  5.88702E-05 -9.80308E-01 -9.80308E-01 -9.13241E-11  0.00000E+00  0.00000E+00  3.18440E-01
   131  6.04978E-05 -9.82816E-01 -9.82816E-01 -9.39077E-11  0.00000E+00  0.00000E+00  3.18439E-01
   132  6.21689E-05 -9.85065E-01 -9.85065E-01 -9.65612E-11  0.00000E+00  0.00000E+00  3.18437E-01
   133  6.38846E-05 -9.87074E-01 -9.87074E-01 -9.92864E-11  0.00000E+00  0.00000E+00  3.18436E-01
   134  6.56463E-05 -9.88859E-01 -9.88859E-01 -1.02085E-10  0.00000E+00  0.00000E+00  3.18434E-01
   135  6.74549E-05 -9.90439E-01 -9.90439E-01 -1.04959E-10  0.00000E+00  0.00000E+00  3.18433E-01
   136  6.93120E-05 -9.91831E-01 -9.91831E-01 -1.07911E-10  0.00000E+00  0.00000E+00  3.18431E-01
   137  7.12186E-05 -9.93051E-01 -9.93051E-01 -1.10942E-10  0.00000E+00  0.00000E+00  3.18429E-01
   138  7.31762E-05 -9.94115E-01 -9.94115E-01 -1.14055E-10  0.00000E+00  0.00000E+00  3.18428E-01
   139  7.51862E-05 -9.95038E-01 -9.95038E-01 -1.17251E-10  0.00000E+00  0.00000E+00  3.18426E-01
   140  7.72498E-05 -9.95835E-01 -9.95835E-01 -1.20533E-10  0.00000E+00  0.00000E+00  3.18424E-01
   141  7.93686E-05 -9.96519E-01 -9.96519E-01 -1.23903E-10  0.00000E+00  0.00000E+00  3.18422E-01
   142  8.15441E-05 -9.97103E-01 -9.97103E-01 -1.27363E-10  0.00000E+00  0.00000E+00  3.18421E-01
   143  8.37776E-05 -9.97599E-01 -9.97599E-01 -1.30917E-10  0.00000E+00  0.00000E+00  3.18419E-01
   144  8.60709E-05 -9.98018E-01 -9.98018E-01 -1.34565E-10  0.00000E+00  0.00000E+00  3.18417E-01
   145  8.84255E-05 -9.98369E-01 -9.98369E-01 -1.38311E-10  0.00000E+00  0.00000E+00  3.18415E-01
   146  9.08430E-05 -9.98661E-01 -9.98661E-01 -1.42158E-10  0.00000E+00  0.00000E+00  3.18413E-01
   147  9.33251E-05 -9.98904E-01 -9.98904E-01 -1.46108E-10  0.00000E+00  0.00000E+00  3.18411E-01
   148  9.58735E-05 -9.99103E-01 -9.99103E-01 -1.50163E-10  0.00000E+00  0.00000E+00  3.18409E-01
   149  9.84901E-05 -9.99266E-01 -9.99266E-01 -1.54326E-10  0.00000E+00  0.00000E+00  3.18407E-01
   150  1.01177E-04 -9.99398E-01 -9.99398E-01 -1.58601E-10  0.00000E+00  0.00000E+00  3.18405E-01
   151  1.03935E-04 -9.99504E-01 -9.99504E-01 -1.62991E-10  0.00000E+00  0.00000E+00  3.18403E-01
   152  1.06767E-04 -9.99588E-01 -9.99588E-01 -1.67498E-10  0.00000E+00  0.00000E+00  3.18400E-01
   153  1.09675E-04 -9.99655E-01 -9.99655E-01 -1.72125E-10  0.00000E+00  0.00000E+00  3.18398E-01
   154  1.12660E-04 -9.99707E-01 -9.99707E-01 -1.76876E-10  0.00000E+00  0.00000E+00  3.18396E-01
   155  1.15725E-04 -9.99747E-01 -9.99747E-01 -1.81754E-10  0.00000E+00  0.00000E+00  3.18393E-01
   156  1.18872E-04 -9.99778E-01 -9.99778E-01 -1.86762E-10  0.00000E+00  0.00000E+00  3.18391E-01
   157  1.22103E-04 -9.99801E-01 -9.99801E-01 -1.91904E-10  0.00000E+00  0.00000E+00  3.18388E-01
   158  1.25421E-04 -9.99817E-01 -9.99817E-01 -1.97184E-10  0.00000E+00  0.00000E+00  3.18386E-01
   159  1.28827E-04 -9.99829E-01 -9.99829E-01 -2.02604E-10  0.00000E+00  0.00000E+00  3.18383E-01
   160  1.32325E-04 -9.99837E-01 -9.99837E-01 -2.08170E-10  0.00000E+00  0.00000E+00  3.18380E-01
   161  1.35915E-04 -9.99842E-01 -9.99842E-01 -2.13884E-10  0.00000E+00  0.00000E+00  3.18378E-01
   162  1.39602E-04 -9.99844E-01 -9.99844E-01 -2.19751E-10  0.00000E+00  0.00000E+00  3.18375E-01
   163  1.43387E-04 -9.99845E-01 -9.99845E-01 -2.25774E-10  0.00000E+00  0.00000E+00  3.18372E-01
   164  1.47274E-04 -9.99845E-01 -9.99845E-01 -2.31959E-10  0.00000E+00  0.00000E+00  3.18369E-01
   165  1.51264E-04 -9.99843E-01 -9.99843E-01 -2.38309E-10  0.00000E+00  0.00000E+00  3.18366E-01
   166  1.55361E-04 -9.99841E-01 -9.99841E-01 -2.44828E-10  0.00000E+00  0.00000E+00  3.18363E-01
   167  1.59567E-04 -9.99838E-01 -9.99838E-01 -2.51522E-10  0.00000E+00  0.00000E+00  3.18360E-01
   168  1.63886E-04 -9.99834E-01 -9.99834E-01 -2.58394E-10  0.00000E+00  0.00000E+00  3.18357E-01
   169  1.68320E-04 -9.99831E-01 -9.99831E-01 -2.65450E-10  0.00000E+00  0.00000E+00  3.18354E-01
   170  1.72873E-04 -9.99826E-01 -9.99826E-01 -2.72694E-10  0.00000E+00  0.00000E+00  3.18350E-01
   171  1.77548E-04 -9.99822E-01 -9.99822E-01 -2.80132E-10  0.00000E+00  0.00000E+00  3.18347E-01
   172  1.82347E-04 -9.99817E-01 -9.99817E-01 -2.87769E-10  0.00000E+00  0.00000E+00  3.18343E-01
   173  1.87275E-04 -9.99813E-01 -9.99813E-01 -2.95609E-10  0.00000E+00  0.00000E+00  3.18340E-01
   174  1.92334E-04 -9.99808E-01 -9.99808E-01 -3.03659E-10  0.00000E+00  0.00000E+00  3.18336E-01
   175  1.97529E-04 -9.99802E-01 -9.99802E-01 -3.11924E-10  0.00000E+00  0.00000E+00  3.18332E-01
   176  2.02862E-04 -9.99797E-01 -9.99797E-01 -3.20409E-10  0.00000E+00  0.00000E+00  3.18328E-01
   177  2.08338E-04 -9.99792E-01 -9.99792E-01 -3.29122E-10  0.00000E+00  0.00000E+00  3.18325E-01
   178  2.13960E-04 -9.99786E-01 -9.99786E-01 -3.38067E-10  0.00000E+00  0.00000E+00  3.18321E-01
   179  2.19733E-04 -9.99780E-01 -9.99780E-01 -3.47250E-10  0.00000E+00  0.00000E+00  3.18316E-01
   180  2.25660E-04 -9.99774E-01 -9.99774E-01 -3.56679E-10  0.00000E+00  0.00000E+00  3.18312E-01
   181  2.31745E-04 -9.99768E-01 -9.99768E-01 -3.66360E-10  0.00000E+00  0.00000E+00  3.18308E-01
   182  2.37993E-04 -9.99762E-01 -9.99762E-01 -3.76299E-10  0.00000E+00  0.00000E+00  3.18303E-01
   183  2.44407E-04 -9.99756E-01 -9.99756E-01 -3.86504E-10  0.00000E+00  0.00000E+00  3.18299E-01
   184  2.50994E-04 -9.99749E-01 -9.99749E-01 -3.96981E-10  0.00000E+00  0.00000E+00  3.18294E-01
   185  2.57756E-04 -9.99742E-01 -9.99742E-01 -4.07738E-10  0.00000E+00  0.00000E+00  3.18290E-01
   186  2.64699E-04 -9.99735E-01 -9.99735E-01 -4.18782E-10  0.00000E+00  0.00000E+00  3.18285E-01
   187  2.71828E-04 -9.99728E-01 -9.99728E-01 -4.30121E-10  0.00000E+00  0.00000E+00  3.18280E-01
   188  2.79147E-04 -9.99721E-01 -9.99721E-01 -4.41762E-10  0.00000E+00  0.00000E+00  3.18275E-01
   189  2.86661E-04 -9.99713E-01 -9.99713E-01 -4.53715E-10  0.00000E+00  0.00000E+00  3.18269E-01
   190  2.94377E-04 -9.99706E-01 -9.99706E-01 -4.65986E-10  0.00000E+00  0.00000E+00  3.18264E-01
   191  3.02299E-04 -9.99698E-01 -9.99698E-01 -4.78585E-10  0.00000E+00  0.00000E+00  3.18259E-01
   192  3.10432E-04 -9.99690E-01 -9.99690E-01 -4.91520E-10  0.00000E+00  0.00000E+00  3.18253E-01
   193  3.18783E-04 -9.99681E-01 -9.99681E-01 -5.04801E-10  0.00000E+00  0.00000E+00  3.18247E-01
   194  3.27357E-04 -9.99673E-01 -9.99673E-01 -5.18436E-10  0.00000E+00  0.00000E+00  3.18241E-01
   195  3.36160E-04 -9.99664E-01 -9.99664E-01 -5.32434E-10  0.00000E+00  0.00000E+00  3.18235E-01
   196  3.45198E-04 -9.99655E-01 -9.99655E-01 -5.46807E-10  0.00000E+00  0.00000E+00  3.18229E-01
   197  3.54478E-04 -9.99646E-01 -9.99646E-01 -5.61563E-10  0.00000E+00  0.00000E+00  3.18223E-01
   198  3.64006E-04 -9.99636E-01 -9.99636E-01 -5.76713E-10  0.00000E+00  0.00000E+00  3.18216E-01
   199  3.73789E-04 -9.99626E-01 -9.99626E-01 -5.92267E-10  0.00000E+00  0.00000E+00  3.18209E-01
   200  3.83833E-04 -9.99616E-01 -9.99616E-01 -6.08236E-10  0.00000E+00  0.00000E+00  3.18203E-01
   201  3.94145E-04 -9.99606E-01 -9.99606E-01 -6.24631E-10  0.00000E+00  0.00000E+00  3.18196E-01
   202  4.04733E-04 -9.99595E-01 -9.99595E-01 -6.41464E-10  0.00000E+00  0.00000E+00  3.18188E-01
   203  4.15604E-04 -9.99584E-01 -9.99584E-01 -6.58746E-10  0.00000E+00  0.00000E+00  3.18181E-01
   204  4.26766E-04 -9.99573E-01 -9.99573E-01 -6.76488E-10  0.00000E+00  0.00000E+00  3.18174E-01
   205  4.38226E-04 -9.99562E-01 -9.99562E-01 -6.94705E-10  0.00000E+00  0.00000E+00  3.18166E-01
   206  4.49992E-04 -9.99550E-01 -9.99550E-01 -7.13407E-10  0.00000E+00  0.00000E+00  3.18158E-01
   207  4.62072E-04 -9.99538E-01 -9.99538E-01 -7.32608E-10  0.00000E+00  0.00000E+00  3.18150E-01
   208  4.74476E-04 -9.99526E-01 -9.99526E-01 -7.52321E-10  0.00000E+00  0.00000E+00  3.18141E-01
   209  4.87210E-04 -9.99513E-01 -9.99513E-01 -7.72560E-10  0.00000E+00  0.00000E+00  3.18133E-01
   210  5.00286E-04 -9.99500E-01 -9.99500E-01 -7.93339E-10  0.00000E+00  0.00000E+00  3.18124E-01
   211  5.13710E-04 -9.99486E-01 -9.99486E-01 -8.14671E-10  0.00000E+00  0.00000E+00  3.18115E-01
   212  5.27494E-04 -9.99472E-01 -9.99472E-01 -8.36573E-10  0.00000E+00  0.00000E+00  3.18106E-01
   213  5.41645E-04 -9.99458E-01 -9.99458E-01 -8.59059E-10  0.00000E+00  0.00000E+00  3.18096E-01
   214  5.56175E-04 -9.99444E-01 -9.99444E-01 -8.82144E-10  0.00000E+00  0.00000E+00  3.18087E-01
   215  5.71093E-04 -9.99429E-01 -9.99429E-01 -9.05845E-10  0.00000E+00  0.00000E+00  3.18077E-01
   216  5.86410E-04 -9.99414E-01 -9.99414E-01 -9.30178E-10  0.00000E+00  0.00000E+00  3.18067E-01
   217  6.02137E-04 -9.99398E-01 -9.99398E-01 -9.55159E-10  0.00000E+00  0.00000E+00  3.18056E-01
   218  6.18283E-04 -9.99382E-01 -9.99382E-01 -9.80807E-10  0.00000E+00  0.00000E+00  3.18045E-01
   219  6.34861E-04 -9.99365E-01 -9.99365E-01 -1.00714E-09  0.00000E+00  0.00000E+00  3.18034E-01
   220  6.51882E-04 -9.99348E-01 -9.99348E-01 -1.03417E-09  0.00000E+00  0.00000E+00  3.18023E-01
   221  6.69358E-04 -9.99331E-01 -9.99331E-01 -1.06192E-09  0.00000E+00  0.00000E+00  3.18012E-01
   222  6.87301E-04 -9.99313E-01 -9.99313E-01 -1.09042E-09  0.00000E+00  0.00000E+00  3.18000E-01
   223  7.05723E-04 -9.99294E-01 -9.99294E-01 -1.11967E-09  0.00000E+00  0.00000E+00  3.17988E-01
   224  7.24638E-04 -9.99275E-01 -9.99275E-01 -1.14970E-09  0.00000E+00  0.00000E+00  3.17975E-01
   225  7.44058E-04 -9.99256E-01 -9.99256E-01 -1.18053E-09  0.00000E+00  0.00000E+00  3.17962E-01
   226  7.63997E-04 -9.99236E-01 -9.99236E-01 -1.21219E-09  0.00000E+00  0.00000E+00  3.17949E-01
   227  7.84469E-04 -9.99216E-01 -9.99216E-01 -1.24468E-09  0.00000E+00  0.00000E+00  3.17936E-01
   228  8.05488E-04 -9.99194E-01 -9.99194E-01 -1.27804E-09  0.00000E+00  0.00000E+00  3.17922E-01
   229  8.27069E-04 -9.99173E-01 -9.99173E-01 -1.31230E-09  0.00000E+00  0.00000E+00  3.17908E-01
   230  8.49227E-04 -9.99151E-01 -9.99151E-01 -1.34746E-09  0.00000E+00  0.00000E+00  3.17893E-01
   231  8.71976E-04 -9.99128E-01 -9.99128E-01 -1.38356E-09  0.00000E+00  0.00000E+00  3.17878E-01
   232  8.95334E-04 -9.99105E-01 -9.99105E-01 -1.42062E-09  0.00000E+00  0.00000E+00  3.17863E-01
   233  9.19315E-04 -9.99081E-01 -9.99081E-01 -1.45866E-09  0.00000E+00  0.00000E+00  3.17847E-01
   234  9.43938E-04 -9.99056E-01 -9.99056E-01 -1.49772E-09  0.00000E+00  0.00000E+00  3.17831E-01
   235  9.69218E-04 -9.99031E-01 -9.99031E-01 -1.53782E-09  0.00000E+00  0.00000E+00  3.17815E-01
   236  9.95174E-04 -9.99005E-01 -9.99005E-01 -1.57899E-09  0.00000E+00  0.00000E+00  3.17798E-01
   237  1.02182E-03 -9.98978E-01 -9.98978E-01 -1.62125E-09  0.00000E+00  0.00000E+00  3.17780E-01
   238  1.04919E-03 -9.98951E-01 -9.98951E-01 -1.66464E-09  0.00000E+00  0.00000E+00  3.17763E-01
   239  1.07728E-03 -9.98923E-01 -9.98923E-01 -1.70918E-09  0.00000E+00  0.00000E+00  3.17744E-01
   240  1.10612E-03 -9.98894E-01 -9.98894E-01 -1.75491E-09  0.00000E+00  0.00000E+00  3.17725E-01
   241  1.13574E-03 -9.98864E-01 -9.98864E-01 -1.80185E-09  0.00000E+00  0.00000E+00  3.17706E-01
   242  1.16614E-03 -9.98834E-01 -9.98834E-01 -1.85004E-09  0.00000E+00  0.00000E+00  3.17686E-01
   243  1.19736E-03 -9.98803E-01 -9.98803E-01 -1.89951E-09  0.00000E+00  0.00000E+00  3.17666E-01
   244  1.22941E-03 -9.98771E-01 -9.98771E-01 -1.95030E-09  0.00000E+00  0.00000E+00  3.17645E-01
   245  1.26232E-03 -9.98738E-01 -9.98738E-01 -2.00244E-09  0.00000E+00  0.00000E+00  3.17624E-01
   246  1.29611E-03 -9.98704E-01 -9.98704E-01 -2.05597E-09  0.00000E+00  0.00000E+00  3.17602E-01
   247  1.33080E-03 -9.98669E-01 -9.98669E-01 -2.11091E-09  0.00000E+00  0.00000E+00  3.17580E-01
   248  1.36642E-03 -9.98634E-01 -9.98634E-01 -2.16732E-09  0.00000E+00  0.00000E+00  3.17557E-01
   249  1.40299E-03 -9.98597E-01 -9.98597E-01 -2.22523E-09  0.00000E+00  0.00000E+00  3.17533E-01
   250  1.44054E-03 -9.98559E-01 -9.98559E-01 -2.28467E-09  0.00000E+00  0.00000E+00  3.17509E-01
   251  1.47909E-03 -9.98521E-01 -9.98521E-01 -2.34569E-09  0.00000E+00  0.00000E+00  3.17484E-01
   252  1.51867E-03 -9.98481E-01 -9.98481E-01 -2.40834E-09  0.00000E+00  0.00000E+00  3.17458E-01
   253  1.55930E-03 -9.98441E-01 -9.98441E-01 -2.47265E-09  0.00000E+00  0.00000E+00  3.17432E-01
   254  1.60103E-03 -9.98399E-01 -9.98399E-01 -2.53866E-09  0.00000E+00  0.00000E+00  3.17405E-01
   255  1.64387E-03 -9.98356E-01 -9.98356E-01 -2.60643E-09  0.00000E+00  0.00000E+00  3.17377E-01
   256  1.68785E-03 -9.98312E-01 -9.98312E-01 -2.67599E-09  0.00000E+00  0.00000E+00  3.17349E-01
   257  1.73301E-03 -9.98267E-01 -9.98267E-01 -2.74740E-09  0.00000E+00  0.00000E+00  3.17320E-01
   258  1.77937E-03 -9.98221E-01 -9.98221E-01 -2.82071E-09  0.00000E+00  0.00000E+00  3.17290E-01
   259  1.82698E-03 -9.98173E-01 -9.98173E-01 -2.89596E-09  0.00000E+00  0.00000E+00  3.17259E-01
   260  1.87585E-03 -9.98124E-01 -9.98124E-01 -2.97321E-09  0.00000E+00  0.00000E+00  3.17228E-01
   261  1.92603E-03 -9.98074E-01 -9.98074E-01 -3.05250E-09  0.00000E+00  0.00000E+00  3.17196E-01
   262  1.97756E-03 -9.98022E-01 -9.98022E-01 -3.13390E-09  0.00000E+00  0.00000E+00  3.17162E-01
   263  2.03045E-03 -9.97970E-01 -9.97969E-01 -3.21745E-09  0.00000E+00  0.00000E+00  3.17128E-01
   264  2.08477E-03 -9.97915E-01 -9.97915E-01 -3.30322E-09  0.00000E+00  0.00000E+00  3.17094E-01
   265  2.14053E-03 -9.97859E-01 -9.97859E-01 -3.39125E-09  0.00000E+00  0.00000E+00  3.17058E-01
   266  2.19778E-03 -9.97802E-01 -9.97802E-01 -3.48162E-09  0.00000E+00  0.00000E+00  3.17021E-01
   267  2.25656E-03 -9.97743E-01 -9.97743E-01 -3.57439E-09  0.00000E+00  0.00000E+00  3.16983E-01
   268  2.31692E-03 -9.97683E-01 -9.97683E-01 -3.66960E-09  0.00000E+00  0.00000E+00  3.16945E-01
   269  2.37888E-03 -9.97621E-01 -9.97621E-01 -3.76734E-09  0.00000E+00  0.00000E+00  3.16905E-01
   270  2.44250E-03 -9.97557E-01 -9.97557E-01 -3.86767E-09  0.00000E+00  0.00000E+00  3.16864E-01
   271  2.50782E-03 -9.97492E-01 -9.97492E-01 -3.97064E-09  0.00000E+00  0.00000E+00  3.16822E-01
   272  2.57489E-03 -9.97425E-01 -9.97425E-01 -4.07634E-09  0.00000E+00  0.00000E+00  3.16779E-01
   273  2.64375E-03 -9.97356E-01 -9.97356E-01 -4.18484E-09  0.00000E+00  0.00000E+00  3.16735E-01
   274  2.71444E-03 -9.97286E-01 -9.97285E-01 -4.29620E-09  0.00000E+00  0.00000E+00  3.16690E-01
   275  2.78703E-03 -9.97213E-01 -9.97213E-01 -4.41050E-09  0.00000E+00  0.00000E+00  3.16644E-01
   276  2.86155E-03 -9.97138E-01 -9.97138E-01 -4.52782E-09  0.00000E+00  0.00000E+00  3.16596E-01
   277  2.93807E-03 -9.97062E-01 -9.97062E-01 -4.64824E-09  0.00000E+00  0.00000E+00  3.16547E-01
   278  3.01663E-03 -9.96983E-01 -9.96983E-01 -4.77184E-09  0.00000E+00  0.00000E+00  3.16497E-01
   279  3.09728E-03 -9.96903E-01 -9.96903E-01 -4.89869E-09  0.00000E+00  0.00000E+00  3.16445E-01
   280  3.18010E-03 -9.96820E-01 -9.96820E-01 -5.02890E-09  0.00000E+00  0.00000E+00  3.16393E-01
   281  3.26512E-03 -9.96735E-01 -9.96735E-01 -5.16253E-09  0.00000E+00  0.00000E+00  3.16338E-01
   282  3.35242E-03 -9.96648E-01 -9.96648E-01 -5.29969E-09  0.00000E+00  0.00000E+00  3.16283E-01
   283  3.44204E-03 -9.96558E-01 -9.96558E-01 -5.44046E-09  0.00000E+00  0.00000E+00  3.16225E-01
   284  3.53406E-03 -9.96466E-01 -9.96466E-01 -5.58494E-09  0.00000E+00  0.00000E+00  3.16167E-01
   285  3.62854E-03 -9.96371E-01 -9.96371E-01 -5.73323E-09  0.00000E+00  0.00000E+00  3.16107E-01
   286  3.72555E-03 -9.96274E-01 -9.96274E-01 -5.88541E-09  0.00000E+00  0.00000E+00  3.16045E-01
   287  3.82514E-03 -9.96175E-01 -9.96175E-01 -6.04160E-09  0.00000E+00  0.00000E+00  3.15982E-01
   288  3.92739E-03 -9.96073E-01 -9.96073E-01 -6.20189E-09  0.00000E+00  0.00000E+00  3.15916E-01
   289  4.03238E-03 -9.95968E-01 -9.95968E-01 -6.36640E-09  0.00000E+00  0.00000E+00  3.15850E-01
   290  4.14017E-03 -9.95860E-01 -9.95860E-01 -6.53523E-09  0.00000E+00  0.00000E+00  3.15781E-01
   291  4.25083E-03 -9.95749E-01 -9.95749E-01 -6.70849E-09  0.00000E+00  0.00000E+00  3.15711E-01
   292  4.36446E-03 -9.95635E-01 -9.95635E-01 -6.88629E-09  0.00000E+00  0.00000E+00  3.15639E-01
   293  4.48111E-03 -9.95519E-01 -9.95519E-01 -7.06877E-09  0.00000E+00  0.00000E+00  3.15565E-01
   294  4.60089E-03 -9.95399E-01 -9.95399E-01 -7.25602E-09  0.00000E+00  0.00000E+00  3.15489E-01
   295  4.72386E-03 -9.95276E-01 -9.95276E-01 -7.44818E-09  0.00000E+00  0.00000E+00  3.15411E-01
   296  4.85011E-03 -9.95150E-01 -9.95150E-01 -7.64538E-09  0.00000E+00  0.00000E+00  3.15330E-01
   297  4.97974E-03 -9.95020E-01 -9.95020E-01 -7.84773E-09  0.00000E+00  0.00000E+00  3.15248E-01
   298  5.11283E-03 -9.94887E-01 -9.94887E-01 -8.05538E-09  0.00000E+00  0.00000E+00  3.15164E-01
   299  5.24947E-03 -9.94750E-01 -9.94750E-01 -8.26846E-09  0.00000E+00  0.00000E+00  3.15077E-01
   300  5.38976E-03 -9.94610E-01 -9.94610E-01 -8.48711E-09  0.00000E+00  0.00000E+00  3.14989E-01
   301  5.53380E-03 -9.94466E-01 -9.94466E-01 -8.71146E-09  0.00000E+00  0.00000E+00  3.14897E-01
   302  5.68168E-03 -9.94318E-01 -9.94318E-01 -8.94167E-09  0.00000E+00  0.00000E+00  3.14804E-01
   303  5.83351E-03 -9.94166E-01 -9.94166E-01 -9.17789E-09  0.00000E+00  0.00000E+00  3.14708E-01
   304  5.98940E-03 -9.94011E-01 -9.94011E-01 -9.42026E-09  0.00000E+00  0.00000E+00  3.14609E-01
   305  6.14945E-03 -9.93851E-01 -9.93851E-01 -9.66895E-09  0.00000E+00  0.00000E+00  3.14508E-01
   306  6.31377E-03 -9.93686E-01 -9.93686E-01 -9.92410E-09  0.00000E+00  0.00000E+00  3.14404E-01
   307  6.48247E-03 -9.93518E-01 -9.93518E-01 -1.01859E-08  0.00000E+00  0.00000E+00  3.14298E-01
   308  6.65569E-03 -9.93344E-01 -9.93344E-01 -1.04545E-08  0.00000E+00  0.00000E+00  3.14189E-01
   309  6.83352E-03 -9.93167E-01 -9.93167E-01 -1.07301E-08  0.00000E+00  0.00000E+00  3.14076E-01
   310  7.01610E-03 -9.92984E-01 -9.92984E-01 -1.10128E-08  0.00000E+00  0.00000E+00  3.13961E-01
   311  7.20356E-03 -9.92797E-01 -9.92796E-01 -1.13028E-08  0.00000E+00  0.00000E+00  3.13843E-01
   312  7.39602E-03 -9.92604E-01 -9.92604E-01 -1.16004E-08  0.00000E+00  0.00000E+00  3.13722E-01
   313  7.59362E-03 -9.92406E-01 -9.92406E-01 -1.19057E-08  0.00000E+00  0.00000E+00  3.13597E-01
   314  7.79649E-03 -9.92204E-01 -9.92204E-01 -1.22188E-08  0.00000E+00  0.00000E+00  3.13470E-01
   315  8.00478E-03 -9.91995E-01 -9.91995E-01 -1.25401E-08  0.00000E+00  0.00000E+00  3.13339E-01
   316  8.21862E-03 -9.91782E-01 -9.91782E-01 -1.28696E-08  0.00000E+00  0.00000E+00  3.13204E-01
   317  8.43818E-03 -9.91562E-01 -9.91562E-01 -1.32077E-08  0.00000E+00  0.00000E+00  3.13066E-01
   318  8.66359E-03 -9.91337E-01 -9.91337E-01 -1.35545E-08  0.00000E+00  0.00000E+00  3.12925E-01
   319  8.89502E-03 -9.91105E-01 -9.91105E-01 -1.39101E-08  0.00000E+00  0.00000E+00  3.12780E-01
   320  9.13262E-03 -9.90868E-01 -9.90868E-01 -1.42750E-08  0.00000E+00  0.00000E+00  3.12631E-01
   321  9.37657E-03 -9.90624E-01 -9.90624E-01 -1.46492E-08  0.00000E+00  0.00000E+00  3.12478E-01
   322  9.62702E-03 -9.90373E-01 -9.90373E-01 -1.50330E-08  0.00000E+00  0.00000E+00  3.12321E-01
   323  9.88416E-03 -9.90116E-01 -9.90116E-01 -1.54266E-08  0.00000E+00  0.00000E+00  3.12160E-01
   324  1.01482E-02 -9.89852E-01 -9.89852E-01 -1.58303E-08  0.00000E+00  0.00000E+00  3.11995E-01
   325  1.04192E-02 -9.89581E-01 -9.89581E-01 -1.62444E-08  0.00000E+00  0.00000E+00  3.11825E-01
   326  1.06975E-02 -9.89303E-01 -9.89303E-01 -1.66690E-08  0.00000E+00  0.00000E+00  3.11651E-01
   327  1.09832E-02 -9.89017E-01 -9.89017E-01 -1.71044E-08  0.00000E+00  0.00000E+00  3.11473E-01
   328  1.12765E-02 -9.88724E-01 -9.88724E-01 -1.75509E-08  0.00000E+00  0.00000E+00  3.11290E-01
   329  1.15776E-02 -9.88423E-01 -9.88423E-01 -1.80088E-08  0.00000E+00  0.00000E+00  3.11102E-01
   330  1.18868E-02 -9.88114E-01 -9.88114E-01 -1.84784E-08  0.00000E+00  0.00000E+00  3.10909E-01
   331  1.22042E-02 -9.87797E-01 -9.87797E-01 -1.89598E-08  0.00000E+00  0.00000E+00  3.10711E-01
   332  1.25301E-02 -9.87471E-01 -9.87471E-01 -1.94534E-08  0.00000E+00  0.00000E+00  3.10508E-01
   333  1.28647E-02 -9.87136E-01 -9.87136E-01 -1.99595E-08  0.00000E+00  0.00000E+00  3.10300E-01
   334  1.32082E-02 -9.86793E-01 -9.86793E-01 -2.04784E-08  0.00000E+00  0.00000E+00  3.10087E-01
   335  1.35608E-02 -9.86440E-01 -9.86440E-01 -2.10104E-08  0.00000E+00  0.00000E+00  3.09868E-01
   336  1.39229E-02 -9.86079E-01 -9.86079E-01 -2.15558E-08  0.00000E+00  0.00000E+00  3.09643E-01
   337  1.42946E-02 -9.85707E-01 -9.85707E-01 -2.21149E-08  0.00000E+00  0.00000E+00  3.09412E-01
   338  1.46762E-02 -9.85325E-01 -9.85325E-01 -2.26880E-08  0.00000E+00  0.00000E+00  3.09176E-01
   339  1.50680E-02 -9.84934E-01 -9.84934E-01 -2.32755E-08  0.00000E+00  0.00000E+00  3.08933E-01
   340  1.54703E-02 -9.84532E-01 -9.84532E-01 -2.38776E-08  0.00000E+00  0.00000E+00  3.08684E-01
   341  1.58832E-02 -9.84119E-01 -9.84119E-01 -2.44948E-08  0.00000E+00  0.00000E+00  3.08429E-01
   342  1.63072E-02 -9.83695E-01 -9.83695E-01 -2.51274E-08  0.00000E+00  0.00000E+00  3.08167E-01
   343  1.67425E-02 -9.83260E-01 -9.83260E-01 -2.57757E-08  0.00000E+00  0.00000E+00  3.07899E-01
   344  1.71894E-02 -9.82814E-01 -9.82814E-01 -2.64400E-08  0.00000E+00  0.00000E+00  3.07623E-01
   345  1.76481E-02 -9.82355E-01 -9.82355E-01 -2.71208E-08  0.00000E+00  0.00000E+00  3.07341E-01
   346  1.81191E-02 -9.81884E-01 -9.81884E-01 -2.78185E-08  0.00000E+00  0.00000E+00  3.07051E-01
   347  1.86027E-02 -9.81401E-01 -9.81401E-01 -2.85333E-08  0.00000E+00  0.00000E+00  3.06753E-01
   348  1.90991E-02 -9.80905E-01 -9.80905E-01 -2.92657E-08  0.00000E+00  0.00000E+00  3.06449E-01
   349  1.96088E-02 -9.80396E-01 -9.80396E-01 -3.00160E-08  0.00000E+00  0.00000E+00  3.06136E-01
   350  2.01320E-02 -9.79873E-01 -9.79873E-01 -3.07848E-08  0.00000E+00  0.00000E+00  3.05815E-01
   351  2.06692E-02 -9.79336E-01 -9.79336E-01 -3.15723E-08  0.00000E+00  0.00000E+00  3.05487E-01
   352  2.12207E-02 -9.78785E-01 -9.78785E-01 -3.23789E-08  0.00000E+00  0.00000E+00  3.05149E-01
   353  2.17868E-02 -9.78219E-01 -9.78219E-01 -3.32052E-08  0.00000E+00  0.00000E+00  3.04804E-01
   354  2.23681E-02 -9.77639E-01 -9.77639E-01 -3.40515E-08  0.00000E+00  0.00000E+00  3.04449E-01
   355  2.29648E-02 -9.77043E-01 -9.77043E-01 -3.49182E-08  0.00000E+00  0.00000E+00  3.04086E-01
   356  2.35774E-02 -9.76431E-01 -9.76431E-01 -3.58057E-08  0.00000E+00  0.00000E+00  3.03713E-01
   357  2.42063E-02 -9.75802E-01 -9.75802E-01 -3.67146E-08  0.00000E+00  0.00000E+00  3.03331E-01
   358  2.48519E-02 -9.75157E-01 -9.75157E-01 -3.76453E-08  0.00000E+00  0.00000E+00  3.02939E-01
   359  2.55147E-02 -9.74495E-01 -9.74495E-01 -3.85981E-08  0.00000E+00  0.00000E+00  3.02537E-01
   360  2.61952E-02 -9.73816E-01 -9.73816E-01 -3.95736E-08  0.00000E+00  0.00000E+00  3.02125E-01
   361  2.68938E-02 -9.73118E-01 -9.73118E-01 -4.05722E-08  0.00000E+00  0.00000E+00  3.01703E-01
   362  2.76109E-02 -9.72402E-01 -9.72402E-01 -4.15944E-08  0.00000E+00  0.00000E+00  3.01270E-01
   363  2.83471E-02 -9.71667E-01 -9.71667E-01 -4.26407E-08  0.00000E+00  0.00000E+00  3.00826E-01
   364  2.91029E-02 -9.70912E-01 -9.70912E-01 -4.37115E-08  0.00000E+00  0.00000E+00  3.00372E-01
   365  2.98788E-02 -9.70138E-01 -9.70138E-01 -4.48073E-08  0.00000E+00  0.00000E+00  2.99905E-01
   366  3.06754E-02 -9.69343E-01 -9.69342E-01 -4.59286E-08  0.00000E+00  0.00000E+00  2.99428E-01
   367  3.14931E-02 -9.68526E-01 -9.68526E-01 -4.70758E-08  0.00000E+00  0.00000E+00  2.98938E-01
   368  3.23325E-02 -9.67688E-01 -9.67688E-01 -4.82495E-08  0.00000E+00  0.00000E+00  2.98436E-01
   369  3.31943E-02 -9.66828E-01 -9.66828E-01 -4.94502E-08  0.00000E+00  0.00000E+00  2.97922E-01
   370  3.40790E-02 -9.65946E-01 -9.65946E-01 -5.06784E-08  0.00000E+00  0.00000E+00  2.97395E-01
   371  3.49871E-02 -9.65040E-01 -9.65040E-01 -5.19345E-08  0.00000E+00  0.00000E+00  2.96854E-01
   372  3.59194E-02 -9.64110E-01 -9.64109E-01 -5.32190E-08  0.00000E+00  0.00000E+00  2.96301E-01
   373  3.68765E-02 -9.63155E-01 -9.63155E-01 -5.45325E-08  0.00000E+00  0.00000E+00  2.95734E-01
   374  3.78589E-02 -9.62175E-01 -9.62175E-01 -5.58754E-08  0.00000E+00  0.00000E+00  2.95153E-01
   375  3.88675E-02 -9.61169E-01 -9.61169E-01 -5.72484E-08  0.00000E+00  0.00000E+00  2.94558E-01
   376  3.99028E-02 -9.60137E-01 -9.60137E-01 -5.86517E-08  0.00000E+00  0.00000E+00  2.93948E-01
   377  4.09656E-02 -9.59077E-01 -9.59077E-01 -6.00860E-08  0.00000E+00  0.00000E+00  2.93324E-01
   378  4.20567E-02 -9.57990E-01 -9.57990E-01 -6.15518E-08  0.00000E+00  0.00000E+00  2.92684E-01
   379  4.31766E-02 -9.56874E-01 -9.56874E-01 -6.30495E-08  0.00000E+00  0.00000E+00  2.92029E-01
   380  4.43263E-02 -9.55728E-01 -9.55728E-01 -6.45796E-08  0.00000E+00  0.00000E+00  2.91357E-01
   381  4.55065E-02 -9.54552E-01 -9.54552E-01 -6.61427E-08  0.00000E+00  0.00000E+00  2.90670E-01
   382  4.67179E-02 -9.53346E-01 -9.53346E-01 -6.77392E-08  0.00000E+00  0.00000E+00  2.89966E-01
   383  4.79615E-02 -9.52107E-01 -9.52107E-01 -6.93696E-08  0.00000E+00  0.00000E+00  2.89246E-01
   384  4.92381E-02 -9.50836E-01 -9.50836E-01 -7.10343E-08  0.00000E+00  0.00000E+00  2.88508E-01
   385  5.05484E-02 -9.49532E-01 -9.49532E-01 -7.27338E-08  0.00000E+00  0.00000E+00  2.87752E-01
   386  5.18935E-02 -9.48194E-01 -9.48194E-01 -7.44686E-08  0.00000E+00  0.00000E+00  2.86979E-01
   387  5.32743E-02 -9.46820E-01 -9.46820E-01 -7.62391E-08  0.00000E+00  0.00000E+00  2.86187E-01
   388  5.46916E-02 -9.45410E-01 -9.45410E-01 -7.80458E-08  0.00000E+00  0.00000E+00  2.85376E-01
   389  5.61464E-02 -9.43964E-01 -9.43964E-01 -7.98890E-08  0.00000E+00  0.00000E+00  2.84547E-01
   390  5.76397E-02 -9.42479E-01 -9.42479E-01 -8.17692E-08  0.00000E+00  0.00000E+00  2.83698E-01
   391  5.91725E-02 -9.40956E-01 -9.40956E-01 -8.36867E-08  0.00000E+00  0.00000E+00  2.82829E-01
   392  6.07459E-02 -9.39393E-01 -9.39393E-01 -8.56419E-08  0.00000E+00  0.00000E+00  2.81940E-01
   393  6.23609E-02 -9.37789E-01 -9.37789E-01 -8.76352E-08  0.00000E+00  0.00000E+00  2.81031E-01
   394  6.40186E-02 -9.36144E-01 -9.36144E-01 -8.96670E-08  0.00000E+00  0.00000E+00  2.80100E-01
   395  6.57202E-02 -9.34455E-01 -9.34455E-01 -9.17374E-08  0.00000E+00  0.00000E+00  2.79148E-01
   396  6.74667E-02 -9.32723E-01 -9.32723E-01 -9.38468E-08  0.00000E+00  0.00000E+00  2.78174E-01
   397  6.92593E-02 -9.30946E-01 -9.30946E-01 -9.59955E-08  0.00000E+00  0.00000E+00  2.77178E-01
   398  7.10993E-02 -9.29122E-01 -9.29122E-01 -9.81837E-08  0.00000E+00  0.00000E+00  2.76160E-01
   399  7.29878E-02 -9.27251E-01 -9.27251E-01 -1.00412E-07  0.00000E+00  0.00000E+00  2.75118E-01
   400  7.49262E-02 -9.25332E-01 -9.25332E-01 -1.02679E-07  0.00000E+00  0.00000E+00  2.74053E-01
   401  7.69157E-02 -9.23363E-01 -9.23363E-01 -1.04987E-07  0.00000E+00  0.00000E+00  2.72965E-01
   402  7.89577E-02 -9.21344E-01 -9.21344E-01 -1.07335E-07  0.00000E+00  0.00000E+00  2.71852E-01
   403  8.10536E-02 -9.19272E-01 -9.19272E-01 -1.09723E-07  0.00000E+00  0.00000E+00  2.70714E-01
   404  8.32047E-02 -9.17147E-01 -9.17147E-01 -1.12152E-07  0.00000E+00  0.00000E+00  2.69552E-01
   405  8.54124E-02 -9.14967E-01 -9.14967E-01 -1.14620E-07  0.00000E+00  0.00000E+00  2.68364E-01
   406  8.76783E-02 -9.12731E-01 -9.12731E-01 -1.17129E-07  0.00000E+00  0.00000E+00  2.67150E-01
   407  9.00039E-02 -9.10438E-01 -9.10438E-01 -1.19677E-07  0.00000E+00  0.00000E+00  2.65910E-01
   408  9.23907E-02 -9.08087E-01 -9.08087E-01 -1.22266E-07  0.00000E+00  0.00000E+00  2.64643E-01
   409  9.48402E-02 -9.05675E-01 -9.05675E-01 -1.24894E-07  0.00000E+00  0.00000E+00  2.63350E-01
   410  9.73541E-02 -9.03202E-01 -9.03202E-01 -1.27561E-07  0.00000E+00  0.00000E+00  2.62029E-01
   411  9.99342E-02 -9.00666E-01 -9.00666E-01 -1.30268E-07  0.00000E+00  0.00000E+00  2.60680E-01
   412  1.02582E-01 -8.98066E-01 -8.98066E-01 -1.33013E-07  0.00000E+00  0.00000E+00  2.59302E-01
   413  1.05299E-01 -8.95400E-01 -8.95399E-01 -1.35796E-07  0.00000E+00  0.00000E+00  2.57897E-01
   414  1.08088E-01 -8.92666E-01 -8.92666E-01 -1.38617E-07  0.00000E+00  0.00000E+00  2.56462E-01
   415  1.10950E-01 -8.89863E-01 -8.89863E-01 -1.41475E-07  0.00000E+00  0.00000E+00  2.54998E-01
   416  1.13887E-01 -8.86991E-01 -8.86990E-01 -1.44369E-07  0.00000E+00  0.00000E+00  2.53504E-01
   417  1.16900E-01 -8.84046E-01 -8.84045E-01 -1.47299E-07  0.00000E+00  0.00000E+00  2.51980E-01
   418  1.19993E-01 -8.81027E-01 -8.81027E-01 -1.50264E-07  0.00000E+00  0.00000E+00  2.50426E-01
   419  1.23167E-01 -8.77933E-01 -8.77933E-01 -1.53262E-07  0.00000E+00  0.00000E+00  2.48841E-01
   420  1.26424E-01 -8.74762E-01 -8.74762E-01 -1.56293E-07  0.00000E+00  0.00000E+00  2.47225E-01
   421  1.29766E-01 -8.71513E-01 -8.71513E-01 -1.59356E-07  0.00000E+00  0.00000E+00  2.45578E-01
   422  1.33195E-01 -8.68183E-01 -8.68183E-01 -1.62449E-07  0.00000E+00  0.00000E+00  2.43899E-01
   423  1.36714E-01 -8.64772E-01 -8.64771E-01 -1.65571E-07  0.00000E+00  0.00000E+00  2.42188E-01
   424  1.40325E-01 -8.61276E-01 -8.61276E-01 -1.68721E-07  0.00000E+00  0.00000E+00  2.40445E-01
   425  1.44030E-01 -8.57695E-01 -8.57695E-01 -1.71897E-07  0.00000E+00  0.00000E+00  2.38670E-01
   426  1.47831E-01 -8.54027E-01 -8.54027E-01 -1.75097E-07  0.00000E+00  0.00000E+00  2.36862E-01
   427  1.51732E-01 -8.50270E-01 -8.50270E-01 -1.78321E-07  0.00000E+00  0.00000E+00  2.35021E-01
   428  1.55734E-01 -8.46423E-01 -8.46422E-01 -1.81565E-07  0.00000E+00  0.00000E+00  2.33147E-01
   429  1.59840E-01 -8.42482E-01 -8.42482E-01 -1.84828E-07  0.00000E+00  0.00000E+00  2.31240E-01
   430  1.64053E-01 -8.38448E-01 -8.38448E-01 -1.88108E-07  0.00000E+00  0.00000E+00  2.29299E-01
   431  1.68376E-01 -8.34317E-01 -8.34317E-01 -1.91402E-07  0.00000E+00  0.00000E+00  2.27325E-01
   432  1.72811E-01 -8.30088E-01 -8.30088E-01 -1.94708E-07  0.00000E+00  0.00000E+00  2.25317E-01
   433  1.77361E-01 -8.25760E-01 -8.25760E-01 -1.98024E-07  0.00000E+00  0.00000E+00  2.23276E-01
   434  1.82028E-01 -8.21330E-01 -8.21330E-01 -2.01347E-07  0.00000E+00  0.00000E+00  2.21201E-01
   435  1.86817E-01 -8.16797E-01 -8.16797E-01 -2.04674E-07  0.00000E+00  0.00000E+00  2.19092E-01
   436  1.91730E-01 -8.12159E-01 -8.12159E-01 -2.08003E-07  0.00000E+00  0.00000E+00  2.16950E-01
   437  1.96770E-01 -8.07414E-01 -8.07414E-01 -2.11329E-07  0.00000E+00  0.00000E+00  2.14774E-01
   438  2.01940E-01 -8.02560E-01 -8.02560E-01 -2.14650E-07  0.00000E+00  0.00000E+00  2.12564E-01
   439  2.07243E-01 -7.97596E-01 -7.97596E-01 -2.17963E-07  0.00000E+00  0.00000E+00  2.10321E-01
   440  2.12683E-01 -7.92520E-01 -7.92520E-01 -2.21264E-07  0.00000E+00  0.00000E+00  2.08045E-01
   441  2.18264E-01 -7.87331E-01 -7.87330E-01 -2.24549E-07  0.00000E+00  0.00000E+00  2.05735E-01
   442  2.23988E-01 -7.82026E-01 -7.82025E-01 -2.27815E-07  0.00000E+00  0.00000E+00  2.03393E-01
   443  2.29859E-01 -7.76604E-01 -7.76603E-01 -2.31057E-07  0.00000E+00  0.00000E+00  2.01019E-01
   444  2.35882E-01 -7.71063E-01 -7.71063E-01 -2.34271E-07  0.00000E+00  0.00000E+00  1.98612E-01
   445  2.42058E-01 -7.65402E-01 -7.65402E-01 -2.37454E-07  0.00000E+00  0.00000E+00  1.96173E-01
   446  2.48394E-01 -7.59620E-01 -7.59620E-01 -2.40601E-07  0.00000E+00  0.00000E+00  1.93703E-01
   447  2.54891E-01 -7.53715E-01 -7.53715E-01 -2.43706E-07  0.00000E+00  0.00000E+00  1.91202E-01
   448  2.61555E-01 -7.47686E-01 -7.47686E-01 -2.46767E-07  0.00000E+00  0.00000E+00  1.88670E-01
   449  2.68389E-01 -7.41531E-01 -7.41531E-01 -2.49777E-07  0.00000E+00  0.00000E+00  1.86108E-01
   450  2.75398E-01 -7.35250E-01 -7.35250E-01 -2.52731E-07  0.00000E+00  0.00000E+00  1.83518E-01
   451  2.82585E-01 -7.28841E-01 -7.28840E-01 -2.55626E-07  0.00000E+00  0.00000E+00  1.80898E-01
   452  2.89955E-01 -7.22303E-01 -7.22302E-01 -2.58455E-07  0.00000E+00  0.00000E+00  1.78251E-01
   453  2.97513E-01 -7.15635E-01 -7.15635E-01 -2.61213E-07  0.00000E+00  0.00000E+00  1.75577E-01
   454  3.05263E-01 -7.08837E-01 -7.08837E-01 -2.63894E-07  0.00000E+00  0.00000E+00  1.72876E-01
   455  3.13209E-01 -7.01908E-01 -7.01908E-01 -2.66494E-07  0.00000E+00  0.00000E+00  1.70150E-01
   456  3.21357E-01 -6.94847E-01 -6.94847E-01 -2.69007E-07  0.00000E+00  0.00000E+00  1.67400E-01
   457  3.29710E-01 -6.87654E-01 -6.87654E-01 -2.71427E-07  0.00000E+00  0.00000E+00  1.64626E-01
   458  3.38275E-01 -6.80329E-01 -6.80329E-01 -2.73748E-07  0.00000E+00  0.00000E+00  1.61830E-01
   459  3.47056E-01 -6.72872E-01 -6.72871E-01 -2.75964E-07  0.00000E+00  0.00000E+00  1.59012E-01
   460  3.56059E-01 -6.65282E-01 -6.65281E-01 -2.78070E-07  0.00000E+00  0.00000E+00  1.56175E-01
   461  3.65287E-01 -6.57559E-01 -6.57559E-01 -2.80060E-07  0.00000E+00  0.00000E+00  1.53318E-01
   462  3.74748E-01 -6.49706E-01 -6.49705E-01 -2.81927E-07  0.00000E+00  0.00000E+00  1.50445E-01
   463  3.84445E-01 -6.41721E-01 -6.41720E-01 -2.83667E-07  0.00000E+00  0.00000E+00  1.47555E-01
   464  3.94386E-01 -6.33605E-01 -6.33605E-01 -2.85273E-07  0.00000E+00  0.00000E+00  1.44650E-01
   465  4.04575E-01 -6.25361E-01 -6.25360E-01 -2.86740E-07  0.00000E+00  0.00000E+00  1.41732E-01
   466  4.15018E-01 -6.16988E-01 -6.16988E-01 -2.88061E-07  0.00000E+00  0.00000E+00  1.38802E-01
   467  4.25721E-01 -6.08489E-01 -6.08488E-01 -2.89232E-07  0.00000E+00  0.00000E+00  1.35862E-01
   468  4.36691E-01 -5.99864E-01 -5.99864E-01 -2.90246E-07  0.00000E+00  0.00000E+00  1.32914E-01
   469  4.47932E-01 -5.91117E-01 -5.91117E-01 -2.91098E-07  0.00000E+00  0.00000E+00  1.29959E-01
   470  4.59453E-01 -5.82249E-01 -5.82249E-01 -2.91784E-07  0.00000E+00  0.00000E+00  1.26998E-01
   471  4.71257E-01 -5.73263E-01 -5.73263E-01 -2.92297E-07  0.00000E+00  0.00000E+00  1.24035E-01
   472  4.83354E-01 -5.64161E-01 -5.64161E-01 -2.92633E-07  0.00000E+00  0.00000E+00  1.21070E-01
   473  4.95748E-01 -5.54947E-01 -5.54946E-01 -2.92788E-07  0.00000E+00  0.00000E+00  1.18106E-01
   474  5.08447E-01 -5.45623E-01 -5.45623E-01 -2.92757E-07  0.00000E+00  0.00000E+00  1.15144E-01
   475  5.21457E-01 -5.36194E-01 -5.36193E-01 -2.92536E-07  0.00000E+00  0.00000E+00  1.12186E-01
   476  5.34785E-01 -5.26663E-01 -5.26662E-01 -2.92121E-07  0.00000E+00  0.00000E+00  1.09235E-01
   477  5.48439E-01 -5.17034E-01 -5.17034E-01 -2.91509E-07  0.00000E+00  0.00000E+00  1.06292E-01
   478  5.62426E-01 -5.07312E-01 -5.07312E-01 -2.90696E-07  0.00000E+00  0.00000E+00  1.03360E-01
   479  5.76753E-01 -4.97503E-01 -4.97503E-01 -2.89680E-07  0.00000E+00  0.00000E+00  1.00440E-01
   480  5.91427E-01 -4.87610E-01 -4.87610E-01 -2.88459E-07  0.00000E+00  0.00000E+00  9.75351E-02
   481  6.06456E-01 -4.77640E-01 -4.77640E-01 -2.87030E-07  0.00000E+00  0.00000E+00  9.46469E-02
   482  6.21847E-01 -4.67598E-01 -4.67598E-01 -2.85393E-07  0.00000E+00  0.00000E+00  9.17776E-02
   483  6.37610E-01 -4.57490E-01 -4.57490E-01 -2.83545E-07  0.00000E+00  0.00000E+00  8.89294E-02
   484  6.53750E-01 -4.47324E-01 -4.47323E-01 -2.81488E-07  0.00000E+00  0.00000E+00  8.61044E-02
   485  6.70277E-01 -4.37104E-01 -4.37104E-01 -2.79220E-07  0.00000E+00  0.00000E+00  8.33047E-02
   486  6.87199E-01 -4.26839E-01 -4.26839E-01 -2.76742E-07  0.00000E+00  0.00000E+00  8.05324E-02
   487  7.04524E-01 -4.16536E-01 -4.16536E-01 -2.74057E-07  0.00000E+00  0.00000E+00  7.77897E-02
   488  7.22260E-01 -4.06203E-01 -4.06203E-01 -2.71164E-07  0.00000E+00  0.00000E+00  7.50786E-02
   489  7.40416E-01 -3.95847E-01 -3.95846E-01 -2.68067E-07  0.00000E+00  0.00000E+00  7.24011E-02
   490  7.59001E-01 -3.85476E-01 -3.85476E-01 -2.64769E-07  0.00000E+00  0.00000E+00  6.97593E-02
   491  7.78023E-01 -3.75099E-01 -3.75099E-01 -2.61273E-07  0.00000E+00  0.00000E+00  6.71551E-02
   492  7.97492E-01 -3.64724E-01 -3.64724E-01 -2.57583E-07  0.00000E+00  0.00000E+00  6.45904E-02
   493  8.17416E-01 -3.54361E-01 -3.54361E-01 -2.53704E-07  0.00000E+00  0.00000E+00  6.20672E-02
   494  8.37804E-01 -3.44018E-01 -3.44018E-01 -2.49642E-07  0.00000E+00  0.00000E+00  5.95871E-02
   495  8.58667E-01 -3.33705E-01 -3.33705E-01 -2.45402E-07  0.00000E+00  0.00000E+00  5.71519E-02
   496  8.80012E-01 -3.23431E-01 -3.23430E-01 -2.40991E-07  0.00000E+00  0.00000E+00  5.47633E-02
   497  9.01851E-01 -3.13205E-01 -3.13204E-01 -2.36416E-07  0.00000E+00  0.00000E+00  5.24228E-02
   498  9.24192E-01 -3.03036E-01 -3.03036E-01 -2.31686E-07  0.00000E+00  0.00000E+00  5.01320E-02
   499  9.47044E-01 -2.92936E-01 -2.92936E-01 -2.26808E-07  0.00000E+00  0.00000E+00  4.78922E-02
   500  9.70419E-01 -2.82912E-01 -2.82912E-01 -2.21790E-07  0.00000E+00  0.00000E+00  4.57047E-02
   501  9.94326E-01 -2.72976E-01 -2.72976E-01 -2.16644E-07  0.00000E+00  0.00000E+00  4.35708E-02
   502  1.01877E+00 -2.63136E-01 -2.63136E-01 -2.11378E-07  0.00000E+00  0.00000E+00  4.14915E-02
   503  1.04377E+00 -2.53402E-01 -2.53402E-01 -2.06003E-07  0.00000E+00  0.00000E+00  3.94679E-02
   504  1.06934E+00 -2.43784E-01 -2.43784E-01 -2.00529E-07  0.00000E+00  0.00000E+00  3.75007E-02
   505  1.09547E+00 -2.34290E-01 -2.34290E-01 -1.94968E-07  0.00000E+00  0.00000E+00  3.55909E-02
   506  1.12219E+00 -2.24931E-01 -2.24931E-01 -1.89330E-07  0.00000E+00  0.00000E+00  3.37389E-02
   507  1.14950E+00 -2.15715E-01 -2.15715E-01 -1.83629E-07  0.00000E+00  0.00000E+00  3.19454E-02
   508  1.17742E+00 -2.06651E-01 -2.06651E-01 -1.77874E-07  0.00000E+00  0.00000E+00  3.02107E-02
   509  1.20595E+00 -1.97747E-01 -1.97746E-01 -1.72080E-07  0.00000E+00  0.00000E+00  2.85351E-02
   510  1.23510E+00 -1.89011E-01 -1.89011E-01 -1.66257E-07  0.00000E+00  0.00000E+00  2.69187E-02
   511  1.26489E+00 -1.80451E-01 -1.80451E-01 -1.60418E-07  0.00000E+00  0.00000E+00  2.53616E-02
   512  1.29533E+00 -1.72075E-01 -1.72075E-01 -1.54576E-07  0.00000E+00  0.00000E+00  2.38637E-02
   513  1.32643E+00 -1.63890E-01 -1.63890E-01 -1.48742E-07  0.00000E+00  0.00000E+00  2.24247E-02
   514  1.35820E+00 -1.55902E-01 -1.55901E-01 -1.42929E-07  0.00000E+00  0.00000E+00  2.10443E-02
   515  1.39064E+00 -1.48116E-01 -1.48116E-01 -1.37148E-07  0.00000E+00  0.00000E+00  1.97220E-02
   516  1.42378E+00 -1.40539E-01 -1.40539E-01 -1.31412E-07  0.00000E+00  0.00000E+00  1.84573E-02
   517  1.45762E+00 -1.33176E-01 -1.33176E-01 -1.25731E-07  0.00000E+00  0.00000E+00  1.72494E-02
   518  1.49217E+00 -1.26031E-01 -1.26031E-01 -1.20117E-07  0.00000E+00  0.00000E+00  1.60976E-02
   519  1.52745E+00 -1.19108E-01 -1.19108E-01 -1.14580E-07  0.00000E+00  0.00000E+00  1.50010E-02
   520  1.56346E+00 -1.12409E-01 -1.12409E-01 -1.09131E-07  0.00000E+00  0.00000E+00  1.39585E-02
   521  1.60022E+00 -1.05939E-01 -1.05939E-01 -1.03779E-07  0.00000E+00  0.00000E+00  1.29690E-02
   522  1.63774E+00 -9.96986E-02 -9.96985E-02 -9.85342E-08  0.00000E+00  0.00000E+00  1.20315E-02
   523  1.67603E+00 -9.36894E-02 -9.36893E-02 -9.34040E-08  0.00000E+00  0.00000E+00  1.11445E-02
   524  1.71510E+00 -8.79123E-02 -8.79122E-02 -8.83969E-08  0.00000E+00  0.00000E+00  1.03068E-02
   525  1.75496E+00 -8.23674E-02 -8.23673E-02 -8.35202E-08  0.00000E+00  0.00000E+00  9.51701E-03
   526  1.79563E+00 -7.70544E-02 -7.70543E-02 -7.87804E-08  0.00000E+00  0.00000E+00  8.77361E-03
   527  1.83711E+00 -7.19722E-02 -7.19721E-02 -7.41834E-08  0.00000E+00  0.00000E+00  8.07512E-03
   528  1.87941E+00 -6.71191E-02 -6.71191E-02 -6.97345E-08  0.00000E+00  0.00000E+00  7.41997E-03
   529  1.92256E+00 -6.24930E-02 -6.24930E-02 -6.54381E-08  0.00000E+00  0.00000E+00  6.80658E-03
   530  1.96655E+00 -5.80911E-02 -5.80911E-02 -6.12979E-08  0.00000E+00  0.00000E+00  6.23331E-03
   531  2.01140E+00 -5.39101E-02 -5.39101E-02 -5.73169E-08  0.00000E+00  0.00000E+00  5.69852E-03
   532  2.05712E+00 -4.99462E-02 -4.99461E-02 -5.34972E-08  0.00000E+00  0.00000E+00  5.20055E-03
   533  2.10372E+00 -4.61950E-02 -4.61949E-02 -4.98405E-08  0.00000E+00  0.00000E+00  4.73775E-03
   534  2.15121E+00 -4.26518E-02 -4.26518E-02 -4.63474E-08  0.00000E+00  0.00000E+00  4.30843E-03
   535  2.19961E+00 -3.93116E-02 -3.93115E-02 -4.30181E-08  0.00000E+00  0.00000E+00  3.91095E-03
   536  2.24892E+00 -3.61687E-02 -3.61686E-02 -3.98519E-08  0.00000E+00  0.00000E+00  3.54366E-03
   537  2.29915E+00 -3.32172E-02 -3.32172E-02 -3.68477E-08  0.00000E+00  0.00000E+00  3.20494E-03
   538  2.35032E+00 -3.04511E-02 -3.04511E-02 -3.40036E-08  0.00000E+00  0.00000E+00  2.89318E-03
   539  2.40243E+00 -2.78638E-02 -2.78638E-02 -3.13173E-08  0.00000E+00  0.00000E+00  2.60681E-03
   540  2.45550E+00 -2.54488E-02 -2.54488E-02 -2.87857E-08  0.00000E+00  0.00000E+00  2.34431E-03
   541  2.50953E+00 -2.31991E-02 -2.31991E-02 -2.64056E-08  0.00000E+00  0.00000E+00  2.10417E-03
   542  2.56454E+00 -2.11079E-02 -2.11079E-02 -2.41731E-08  0.00000E+00  0.00000E+00  1.88495E-03
   543  2.62054E+00 -1.91680E-02 -1.91680E-02 -2.20839E-08  0.00000E+00  0.00000E+00  1.68524E-03
   544  2.67753E+00 -1.73723E-02 -1.73723E-02 -2.01334E-08  0.00000E+00  0.00000E+00  1.50369E-03
   545  2.73553E+00 -1.57137E-02 -1.57137E-02 -1.83168E-08  0.00000E+00  0.00000E+00  1.33901E-03
   546  2.79454E+00 -1.41850E-02 -1.41850E-02 -1.66288E-08  0.00000E+00  0.00000E+00  1.18995E-03
   547  2.85457E+00 -1.27792E-02 -1.27792E-02 -1.50642E-08  0.00000E+00  0.00000E+00  1.05532E-03
   548  2.91564E+00 -1.14891E-02 -1.14891E-02 -1.36175E-08  0.00000E+00  0.00000E+00  9.33989E-04
   549  2.97774E+00 -1.03080E-02 -1.03080E-02 -1.22830E-08  0.00000E+00  0.00000E+00  8.24888E-04
   550  3.04090E+00 -9.22906E-03 -9.22905E-03 -1.10551E-08  0.00000E+00  0.00000E+00  7.27002E-04
   551  3.10512E+00 -8.24567E-03 -8.24566E-03 -9.92790E-09  0.00000E+00  0.00000E+00  6.39376E-04
   552  3.17041E+00 -7.35143E-03 -7.35142E-03 -8.89585E-09  0.00000E+00  0.00000E+00  5.61112E-04
   553  3.23677E+00 -6.54015E-03 -6.54014E-03 -7.95323E-09  0.00000E+00  0.00000E+00  4.91370E-04
   554  3.30421E+00 -5.80583E-03 -5.80583E-03 -7.09443E-09  0.00000E+00  0.00000E+00  4.29365E-04
   555  3.37275E+00 -5.14275E-03 -5.14275E-03 -6.31399E-09  0.00000E+00  0.00000E+00  3.74367E-04
   556  3.44238E+00 -4.54541E-03 -4.54540E-03 -5.60654E-09  0.00000E+00  0.00000E+00  3.25696E-04
   557  3.51312E+00 -4.00857E-03 -4.00856E-03 -4.96688E-09  0.00000E+00  0.00000E+00  2.82727E-04
   558  3.58498E+00 -3.52726E-03 -3.52725E-03 -4.39000E-09  0.00000E+00  0.00000E+00  2.44881E-04
   559  3.65795E+00 -3.09678E-03 -3.09677E-03 -3.87107E-09  0.00000E+00  0.00000E+00  2.11627E-04
   560  3.73205E+00 -2.71269E-03 -2.71269E-03 -3.40547E-09  0.00000E+00  0.00000E+00  1.82476E-04
   561  3.80728E+00 -2.37085E-03 -2.37084E-03 -2.98880E-09  0.00000E+00  0.00000E+00  1.56985E-04
   562  3.88366E+00 -2.06734E-03 -2.06734E-03 -2.61689E-09  0.00000E+00  0.00000E+00  1.34748E-04
   563  3.96118E+00 -1.79854E-03 -1.79853E-03 -2.28579E-09  0.00000E+00  0.00000E+00  1.15396E-04
   564  4.03985E+00 -1.56106E-03 -1.56106E-03 -1.99180E-09  0.00000E+00  0.00000E+00  9.85957E-05
   565  4.11967E+00 -1.35179E-03 -1.35179E-03 -1.73144E-09  0.00000E+00  0.00000E+00  8.40470E-05
   566  4.20066E+00 -1.16783E-03 -1.16783E-03 -1.50147E-09  0.00000E+00  0.00000E+00  7.14789E-05
   567  4.28281E+00 -1.00654E-03 -1.00654E-03 -1.29889E-09  0.00000E+00  0.00000E+00  6.06486E-05
   568  4.36613E+00 -8.65473E-04 -8.65472E-04 -1.12090E-09  0.00000E+00  0.00000E+00  5.13389E-05
   569  4.45063E+00 -7.42411E-04 -7.42411E-04 -9.64932E-10  0.00000E+00  0.00000E+00  4.33563E-05
   570  4.53631E+00 -6.35330E-04 -6.35330E-04 -8.28627E-10  0.00000E+00  0.00000E+00  3.65287E-05
   571  4.62317E+00 -5.42394E-04 -5.42393E-04 -7.09823E-10  0.00000E+00  0.00000E+00  3.07035E-05
   572  4.71121E+00 -4.61940E-04 -4.61939E-04 -6.06551E-10  0.00000E+00  0.00000E+00  2.57461E-05
   573  4.80045E+00 -3.92472E-04 -3.92472E-04 -5.17019E-10  0.00000E+00  0.00000E+00  2.15378E-05
   574  4.89088E+00 -3.32646E-04 -3.32645E-04 -4.39608E-10  0.00000E+00  0.00000E+00  1.79745E-05
   575  4.98250E+00 -2.81255E-04 -2.81255E-04 -3.72857E-10  0.00000E+00  0.00000E+00  1.49648E-05
   576  5.07532E+00 -2.37226E-04 -2.37226E-04 -3.15453E-10  0.00000E+00  0.00000E+00  1.24293E-05
   577  5.16935E+00 -1.99602E-04 -1.99602E-04 -2.66219E-10  0.00000E+00  0.00000E+00  1.02987E-05
   578  5.26457E+00 -1.67536E-04 -1.67535E-04 -2.24107E-10  0.00000E+00  0.00000E+00  8.51275E-06
   579  5.36100E+00 -1.40277E-04 -1.40276E-04 -1.88184E-10  0.00000E+00  0.00000E+00  7.01962E-06
   580  5.45863E+00 -1.17165E-04 -1.17165E-04 -1.57622E-10  0.00000E+00  0.00000E+00  5.77445E-06
   581  5.55747E+00 -9.76208E-05 -9.76207E-05 -1.31692E-10  0.00000E+00  0.00000E+00  4.73871E-06
   582  5.65751E+00 -8.11371E-05 -8.11370E-05 -1.09751E-10  0.00000E+00  0.00000E+00  3.87937E-06
   583  5.75877E+00 -6.72708E-05 -6.72707E-05 -9.12358E-11  0.00000E+00  0.00000E+00  3.16820E-06
   584  5.86123E+00 -5.56370E-05 -5.56369E-05 -7.56531E-11  0.00000E+00  0.00000E+00  2.58116E-06
   585  5.96490E+00 -4.59018E-05 -4.59017E-05 -6.25740E-11  0.00000E+00  0.00000E+00  2.09782E-06
   586  6.06978E+00 -3.77767E-05 -3.77767E-05 -5.16259E-11  0.00000E+00  0.00000E+00  1.70087E-06
   587  6.17586E+00 -3.10132E-05 -3.10132E-05 -4.24861E-11  0.00000E+00  0.00000E+00  1.37571E-06
   588  6.28316E+00 -2.53980E-05 -2.53979E-05 -3.48765E-11  0.00000E+00  0.00000E+00  1.11002E-06
   589  6.39166E+00 -2.07481E-05 -2.07481E-05 -2.85580E-11  0.00000E+00  0.00000E+00  8.93492E-07
   590  6.50136E+00 -1.69079E-05 -1.69079E-05 -2.33254E-11  0.00000E+00  0.00000E+00  7.17468E-07
   591  6.61227E+00 -1.37445E-05 -1.37445E-05 -1.90039E-11  0.00000E+00  0.00000E+00  5.74736E-07
   592  6.72438E+00 -1.11455E-05 -1.11455E-05 -1.54442E-11  0.00000E+00  0.00000E+00  4.59293E-07
   593  6.83769E+00 -9.01578E-06 -9.01577E-06 -1.25199E-11  0.00000E+00  0.00000E+00  3.66158E-07
   594  6.95220E+00 -7.27513E-06 -7.27511E-06 -1.01240E-11  0.00000E+00  0.00000E+00  2.91210E-07
   595  7.06791E+00 -5.85616E-06 -5.85615E-06 -8.16617E-12  0.00000E+00  0.00000E+00  2.31049E-07
   596  7.18481E+00 -4.70242E-06 -4.70242E-06 -6.57059E-12  0.00000E+00  0.00000E+00  1.82880E-07
   597  7.30290E+00 -3.76678E-06 -3.76677E-06 -5.27365E-12  0.00000E+00  0.00000E+00  1.44409E-07
   598  7.42218E+00 -3.00995E-06 -3.00994E-06 -4.22223E-12  0.00000E+00  0.00000E+00  1.13759E-07
   599  7.54264E+00 -2.39934E-06 -2.39933E-06 -3.37209E-12  0.00000E+00  0.00000E+00  8.94030E-08
   600  7.66429E+00 -1.90796E-06 -1.90796E-06 -2.68649E-12  0.00000E+00  0.00000E+00  7.00955E-08
   601  7.78712E+00 -1.51355E-06 -1.51355E-06 -2.13503E-12  0.00000E+00  0.00000E+00  5.48282E-08
   602  7.91112E+00 -1.19778E-06 -1.19778E-06 -1.69261E-12  0.00000E+00  0.00000E+00  4.27855E-08
   603  8.03629E+00 -9.45605E-07 -9.45604E-07 -1.33860E-12  0.00000E+00  0.00000E+00  3.33098E-08
   604  8.16263E+00 -7.44734E-07 -7.44733E-07 -1.05606E-12  0.00000E+00  0.00000E+00  2.58722E-08
   605  8.29014E+00 -5.85132E-07 -5.85131E-07 -8.31131E-13  0.00000E+00  0.00000E+00  2.00486E-08
   606  8.41880E+00 -4.58639E-07 -4.58639E-07 -6.52532E-13  0.00000E+00  0.00000E+00  1.54999E-08
   607  8.54862E+00 -3.58639E-07 -3.58638E-07 -5.11080E-13  0.00000E+00  0.00000E+00  1.19556E-08
   608  8.67959E+00 -2.79779E-07 -2.79779E-07 -3.99332E-13  0.00000E+00  0.00000E+00  9.20051E-09
   609  8.81170E+00 -2.17746E-07 -2.17746E-07 -3.11273E-13  0.00000E+00  0.00000E+00  7.06413E-09
   610  8.94496E+00 -1.69069E-07 -1.69069E-07 -2.42056E-13  0.00000E+00  0.00000E+00  5.41147E-09
   611  9.07935E+00 -1.30968E-07 -1.30967E-07 -1.87786E-13  0.00000E+00  0.00000E+00  4.13604E-09
   612  9.21487E+00 -1.01217E-07 -1.01217E-07 -1.45340E-13  0.00000E+00  0.00000E+00  3.15408E-09
   613  9.35151E+00 -7.80430E-08 -7.80429E-08 -1.12225E-13  0.00000E+00  0.00000E+00  2.39985E-09
   614  9.48928E+00 -6.00363E-08 -6.00362E-08 -8.64525E-14  0.00000E+00  0.00000E+00  1.82189E-09
   615  9.62816E+00 -4.60783E-08 -4.60782E-08 -6.64443E-14  0.00000E+00  0.00000E+00  1.38004E-09
   616  9.76815E+00 -3.52847E-08 -3.52846E-08 -5.09488E-14  0.00000E+00  0.00000E+00  1.04303E-09
   617  9.90924E+00 -2.69581E-08 -2.69580E-08 -3.89772E-14  0.00000E+00  0.00000E+00  7.86589E-10
   618  1.00514E+01 -2.05498E-08 -2.05498E-08 -2.97505E-14  0.00000E+00  0.00000E+00  5.91894E-10
   619  1.01947E+01 -1.56297E-08 -1.56297E-08 -2.26563E-14  0.00000E+00  0.00000E+00  4.44418E-10
   620  1.03391E+01 -1.18610E-08 -1.18610E-08 -1.72148E-14  0.00000E+00  0.00000E+00  3.32964E-10
   621  1.04845E+01 -8.98100E-09 -8.98098E-09 -1.30508E-14  0.00000E+00  0.00000E+00  2.48923E-10
   622  1.06310E+01 -6.78526E-09 -6.78525E-09 -9.87190E-15  0.00000E+00  0.00000E+00  1.85696E-10
   623  1.07786E+01 -5.11507E-09 -5.11507E-09 -7.45071E-15  0.00000E+00  0.00000E+00  1.38233E-10
   624  1.09273E+01 -3.84757E-09 -3.84757E-09 -5.61092E-15  0.00000E+00  0.00000E+00  1.02683E-10
   625  1.10770E+01 -2.88786E-09 -2.88786E-09 -4.21616E-15  0.00000E+00  0.00000E+00  7.61155E-11
   626  1.12277E+01 -2.16285E-09 -2.16285E-09 -3.16119E-15  0.00000E+00  0.00000E+00  5.63037E-11
   627  1.13795E+01 -1.61638E-09 -1.61638E-09 -2.36506E-15  0.00000E+00  0.00000E+00  4.15619E-11
   628  1.15323E+01 -1.20541E-09 -1.20540E-09 -1.76561E-15  0.00000E+00  0.00000E+00  3.06166E-11
   629  1.16862E+01 -8.97016E-10 -8.97014E-10 -1.31528E-15  0.00000E+00  0.00000E+00  2.25073E-11
   630  1.18410E+01 -6.66117E-10 -6.66116E-10 -9.77728E-16  0.00000E+00  0.00000E+00  1.65122E-11
   631  1.19969E+01 -4.93618E-10 -4.93617E-10 -7.25268E-16  0.00000E+00  0.00000E+00  1.20894E-11
   632  1.21538E+01 -3.65028E-10 -3.65028E-10 -5.36866E-16  0.00000E+00  0.00000E+00  8.83345E-12
   633  1.23117E+01 -2.69379E-10 -2.69379E-10 -3.96577E-16  0.00000E+00  0.00000E+00  6.44149E-12
   634  1.24706E+01 -1.98385E-10 -1.98385E-10 -2.92340E-16  0.00000E+00  0.00000E+00  4.68790E-12
   635  1.26305E+01 -1.45803E-10 -1.45803E-10 -2.15058E-16  0.00000E+00  0.00000E+00  3.40497E-12
   636  1.27913E+01 -1.06941E-10 -1.06941E-10 -1.57883E-16  0.00000E+00  0.00000E+00  2.46829E-12
   637  1.29531E+01 -7.82798E-11 -7.82797E-11 -1.15673E-16  0.00000E+00  0.00000E+00  1.78581E-12
   638  1.31159E+01 -5.71856E-11 -5.71855E-11 -8.45778E-17  0.00000E+00  0.00000E+00  1.28954E-12
   639  1.32797E+01 -4.16927E-11 -4.16926E-11 -6.17178E-17  0.00000E+00  0.00000E+00  9.29393E-13
   640  1.34444E+01 -3.03374E-11 -3.03374E-11 -4.49472E-17  0.00000E+00  0.00000E+00  6.68556E-13
   641  1.36101E+01 -2.20316E-11 -2.20316E-11 -3.26692E-17  0.00000E+00  0.00000E+00  4.80016E-13
   642  1.37766E+01 -1.59688E-11 -1.59688E-11 -2.36987E-17  0.00000E+00  0.00000E+00  3.44000E-13
   643  1.39442E+01 -1.15521E-11 -1.15521E-11 -1.71580E-17  0.00000E+00  0.00000E+00  2.46066E-13
   644  1.41126E+01 -8.34101E-12 -8.34099E-12 -1.23986E-17  0.00000E+00  0.00000E+00  1.75688E-13
   645  1.42820E+01 -6.01109E-12 -6.01108E-12 -8.94227E-18  0.00000E+00  0.00000E+00  1.25209E-13
   646  1.44522E+01 -4.32377E-12 -4.32376E-12 -6.43722E-18  0.00000E+00  0.00000E+00  8.90718E-14
   647  1.46234E+01 -3.10430E-12 -3.10429E-12 -4.62520E-18  0.00000E+00  0.00000E+00  6.32498E-14
   648  1.47955E+01 -2.22467E-12 -2.22466E-12 -3.31705E-18  0.00000E+00  0.00000E+00  4.48332E-14
   649  1.49684E+01 -1.59129E-12 -1.59128E-12 -2.37447E-18  0.00000E+00  0.00000E+00  3.17225E-14
   650  1.51423E+01 -1.13609E-12 -1.13609E-12 -1.69662E-18  0.00000E+00  0.00000E+00  2.24063E-14
   651  1.53170E+01 -8.09798E-13 -8.09797E-13 -1.21006E-18  0.00000E+00  0.00000E+00  1.57983E-14
   652  1.54926E+01 -5.76096E-13 -5.76095E-13 -8.61480E-19  0.00000E+00  0.00000E+00  1.11198E-14
   653  1.56690E+01 -4.09007E-13 -4.09006E-13 -6.12212E-19  0.00000E+00  0.00000E+00  7.81333E-15
   654  1.58463E+01 -2.89880E-13 -2.89879E-13 -4.34295E-19  0.00000E+00  0.00000E+00  5.48067E-15
   655  1.60245E+01 -2.05170E-13 -2.05169E-13 -3.07540E-19  0.00000E+00  0.00000E+00  3.83790E-15
   656  1.62035E+01 -1.44884E-13 -1.44884E-13 -2.17398E-19  0.00000E+00  0.00000E+00  2.68302E-15
   657  1.63833E+01 -1.02141E-13 -1.02141E-13 -1.53410E-19  0.00000E+00  0.00000E+00  1.87253E-15
   658  1.65640E+01 -1.08070E-19 -0.00000E+00 -1.08070E-19  0.00000E+00  0.00000E+00  1.30472E-15
   659  1.65640E+01 -0.00000E+00 -0.00000E+00  0.00000E+00  0.00000E+00  0.00000E+00  0.00000E+00
   660  3.31279E+01 -0.00000E+00 -0.00000E+00  0.00000E+00  0.00000E+00  0.00000E+00  0.00000E+00
   661  6.62558E+01 -0.00000E+00 -0.00000E+00  0.00000E+00  0.00000E+00  0.00000E+00  0.00000E+00
   662  1.32512E+02 -0.00000E+00 -0.00000E+00  0.00000E+00  0.00000E+00  0.00000E+00  0.00000E+00
   663  2.65023E+02 -0.00000E+00 -0.00000E+00  0.00000E+00  0.00000E+00  0.00000E+00  0.00000E+00
   664  5.30047E+02 -0.00000E+00 -0.00000E+00  0.00000E+00  0.00000E+00  0.00000E+00  0.00000E+00
   665  1.06009E+03 -0.00000E+00 -0.00000E+00  0.00000E+00  0.00000E+00  0.00000E+00  0.00000E+00
   666  2.12019E+03 -0.00000E+00 -0.00000E+00  0.00000E+00  0.00000E+00  0.00000E+00  0.00000E+00
   667  4.24037E+03 -0.00000E+00 -0.00000E+00  0.00000E+00  0.00000E+00  0.00000E+00  0.00000E+00
   668  8.48075E+03 -0.00000E+00 -0.00000E+00  0.00000E+00  0.00000E+00  0.00000E+00  0.00000E+00
   669  1.69615E+04 -0.00000E+00 -0.00000E+00  0.00000E+00  0.00000E+00  0.00000E+00  0.00000E+00
