 #
 # Subroutine ELSEPA. Elastic scattering of electrons and positrons
 #                    by neutral atoms and positive ions
 #
 # Projectile: electron
 # Kinetic energy = 3.70000E+06 eV = 1.35973E+05 a.u.
 #
 # Element:  N,  Z =   7,  atomic weight = 1.40067E+01 g/mol
 #
 # Nuclear model: Fermi distribution
 #                Average radius = 2.57926E-13 cm
 #                Skin thickness = 5.46000E-14 cm
 #
 # Number of electrons =  7
 #
 # Electron density: Read from file z_007.den   
 #                   Number of data points =  701
 #                   Volume integral = 7.00000E+00
 #
 # Furness-McCarthy exchange potential
 #
 # Total elastic cross section = 2.64241E-19 cm**2 = 9.43623E-03 a0**2
 # 1st transport cross section = 4.39991E-24 cm**2 = 1.57123E-07 a0**2
 # 2nd transport cross section = 1.26041E-23 cm**2 = 4.50100E-07 a0**2
 #
 #
 # Differential cross section:                       MU=(1-COS(THETA))/2
 #
 #  THETA        MU          DCS          DCS        Sherman      error
 #  (deg)                 (cm**2/sr)   (a0**2/sr)    function
 #----------------------------------------------------------------------
  0.000E+00  0.00000E+00  3.30591E-14  1.18056E+03  0.00000E+00  1.0E-07
  1.000E-04  7.61557E-13  3.30590E-14  1.18056E+03  0.00000E+00  1.0E-07
  1.250E-04  1.18994E-12  3.30590E-14  1.18056E+03  0.00000E+00  1.0E-07
  1.500E-04  1.71346E-12  3.30589E-14  1.18056E+03  0.00000E+00  1.0E-07
  1.750E-04  2.33225E-12  3.30589E-14  1.18055E+03  0.00000E+00  1.0E-07
  2.000E-04  3.04617E-12  3.30588E-14  1.18055E+03  0.00000E+00  1.0E-07
  2.250E-04  3.85530E-12  3.30587E-14  1.18055E+03  0.00000E+00  1.0E-07
  2.500E-04  4.75964E-12  3.30587E-14  1.18055E+03  0.00000E+00  1.0E-07
  2.750E-04  5.75917E-12  3.30586E-14  1.18054E+03  0.00000E+00  1.0E-07
  3.000E-04  6.85391E-12  3.30585E-14  1.18054E+03  0.00000E+00  1.0E-07
  3.250E-04  8.04379E-12  3.30583E-14  1.18053E+03  0.00000E+00  1.0E-07
  3.500E-04  9.32893E-12  3.30582E-14  1.18053E+03  0.00000E+00  1.0E-07
  3.750E-04  1.07092E-11  3.30581E-14  1.18053E+03  0.00000E+00  1.0E-07
  4.000E-04  1.21847E-11  3.30580E-14  1.18052E+03  0.00000E+00  1.0E-07
  4.250E-04  1.37554E-11  3.30578E-14  1.18052E+03  0.00000E+00  1.0E-07
  4.500E-04  1.54213E-11  3.30577E-14  1.18051E+03  0.00000E+00  1.0E-07
  4.750E-04  1.71823E-11  3.30575E-14  1.18050E+03  0.00000E+00  1.0E-07
  5.000E-04  1.90386E-11  3.30573E-14  1.18050E+03  0.00000E+00  1.0E-07
  5.250E-04  2.09900E-11  3.30571E-14  1.18049E+03  0.00000E+00  1.0E-07
  5.500E-04  2.30367E-11  3.30569E-14  1.18048E+03  0.00000E+00  1.0E-07
  5.750E-04  2.51785E-11  3.30567E-14  1.18048E+03  0.00000E+00  1.0E-07
  6.000E-04  2.74156E-11  3.30565E-14  1.18047E+03  0.00000E+00  1.0E-07
  6.250E-04  2.97478E-11  3.30563E-14  1.18046E+03  0.00000E+00  1.0E-07
  6.500E-04  3.21752E-11  3.30561E-14  1.18045E+03  0.00000E+00  1.0E-07
  6.750E-04  3.46979E-11  3.30558E-14  1.18045E+03  0.00000E+00  1.0E-07
  7.000E-04  3.73157E-11  3.30556E-14  1.18044E+03  0.00000E+00  1.0E-07
  7.250E-04  4.00286E-11  3.30553E-14  1.18043E+03  0.00000E+00  1.0E-07
  7.500E-04  4.28368E-11  3.30551E-14  1.18042E+03  0.00000E+00  1.0E-07
  7.750E-04  4.57402E-11  3.30548E-14  1.18041E+03  0.00000E+00  1.0E-07
  8.000E-04  4.87388E-11  3.30545E-14  1.18040E+03  0.00000E+00  1.0E-07
  8.250E-04  5.18325E-11  3.30542E-14  1.18039E+03  0.00000E+00  1.0E-07
  8.500E-04  5.50215E-11  3.30539E-14  1.18038E+03  0.00000E+00  1.0E-07
  8.750E-04  5.83057E-11  3.30536E-14  1.18037E+03  0.00000E+00  1.0E-07
  9.000E-04  6.16850E-11  3.30533E-14  1.18035E+03  0.00000E+00  1.0E-07
  9.250E-04  6.51595E-11  3.30530E-14  1.18034E+03  0.00000E+00  1.0E-07
  9.500E-04  6.87293E-11  3.30526E-14  1.18033E+03  0.00000E+00  1.0E-07
  9.750E-04  7.23943E-11  3.30523E-14  1.18032E+03  0.00000E+00  1.0E-07
  1.000E-03  7.61544E-11  3.30519E-14  1.18031E+03  0.00000E+00  1.0E-07
  1.250E-03  1.18991E-10  3.30479E-14  1.18016E+03  0.00000E+00  1.0E-07
  1.500E-03  1.71347E-10  3.30430E-14  1.17999E+03  0.00000E+00  1.0E-07
  1.750E-03  2.33223E-10  3.30372E-14  1.17978E+03  0.00000E+00  1.0E-07
  2.000E-03  3.04617E-10  3.30305E-14  1.17954E+03  0.00000E+00  1.0E-07
  2.250E-03  3.85531E-10  3.30229E-14  1.17927E+03  0.00000E+00  1.0E-07
  2.500E-03  4.75965E-10  3.30144E-14  1.17897E+03  0.00000E+00  1.0E-07
  2.750E-03  5.75917E-10  3.30050E-14  1.17863E+03  0.00000E+00  1.0E-07
  3.000E-03  6.85389E-10  3.29948E-14  1.17826E+03  0.00000E+00  1.0E-07
  3.250E-03  8.04380E-10  3.29836E-14  1.17787E+03  0.00000E+00  1.0E-07
  3.500E-03  9.32891E-10  3.29716E-14  1.17744E+03  0.00000E+00  1.0E-07
  3.750E-03  1.07092E-09  3.29587E-14  1.17698E+03  0.00000E+00  1.0E-07
  4.000E-03  1.21847E-09  3.29449E-14  1.17648E+03  0.00000E+00  1.0E-07
  4.250E-03  1.37554E-09  3.29302E-14  1.17596E+03  0.00000E+00  1.0E-07
  4.500E-03  1.54213E-09  3.29146E-14  1.17540E+03  0.00000E+00  1.0E-07
  4.750E-03  1.71823E-09  3.28982E-14  1.17481E+03  0.00000E+00  1.0E-07
  5.000E-03  1.90386E-09  3.28808E-14  1.17420E+03  0.00000E+00  1.0E-07
  5.250E-03  2.09900E-09  3.28626E-14  1.17355E+03  0.00000E+00  1.0E-07
  5.500E-03  2.30367E-09  3.28436E-14  1.17287E+03  0.00000E+00  1.0E-07
  5.750E-03  2.51785E-09  3.28236E-14  1.17215E+03  0.00000E+00  1.0E-07
  6.000E-03  2.74156E-09  3.28028E-14  1.17141E+03  0.00000E+00  1.0E-07
  6.250E-03  2.97478E-09  3.27812E-14  1.17064E+03  0.00000E+00  1.0E-07
  6.500E-03  3.21752E-09  3.27587E-14  1.16983E+03  0.00000E+00  1.0E-07
  6.750E-03  3.46978E-09  3.27353E-14  1.16900E+03  0.00000E+00  1.0E-07
  7.000E-03  3.73156E-09  3.27110E-14  1.16813E+03  0.00000E+00  1.0E-07
  7.250E-03  4.00286E-09  3.26859E-14  1.16724E+03  0.00000E+00  1.0E-07
  7.500E-03  4.28368E-09  3.26600E-14  1.16631E+03  0.00000E+00  1.0E-07
  7.750E-03  4.57402E-09  3.26332E-14  1.16535E+03  0.00000E+00  1.0E-07
  8.000E-03  4.87388E-09  3.26055E-14  1.16436E+03  0.00000E+00  1.0E-07
  8.250E-03  5.18326E-09  3.25770E-14  1.16335E+03  0.00000E+00  1.0E-07
  8.500E-03  5.50215E-09  3.25477E-14  1.16230E+03  0.00000E+00  1.0E-07
  8.750E-03  5.83057E-09  3.25175E-14  1.16122E+03  0.00000E+00  1.0E-07
  9.000E-03  6.16850E-09  3.24865E-14  1.16012E+03  0.00000E+00  1.0E-07
  9.250E-03  6.51596E-09  3.24547E-14  1.15898E+03  0.00000E+00  1.0E-07
  9.500E-03  6.87293E-09  3.24221E-14  1.15781E+03  0.00000E+00  1.0E-07
  9.750E-03  7.23942E-09  3.23886E-14  1.15662E+03  0.00000E+00  1.0E-07
  1.000E-02  7.61544E-09  3.23543E-14  1.15539E+03  0.00000E+00  1.0E-07
  1.250E-02  1.18991E-08  3.19673E-14  1.14157E+03  0.00000E+00  1.0E-07
  1.500E-02  1.71347E-08  3.15033E-14  1.12500E+03  0.00000E+00  1.0E-07
  1.750E-02  2.33223E-08  3.09674E-14  1.10587E+03  0.00000E+00  1.0E-07
  2.000E-02  3.04617E-08  3.03651E-14  1.08436E+03  0.00000E+00  1.0E-07
  2.250E-02  3.85531E-08  2.97028E-14  1.06070E+03  0.00000E+00  1.0E-07
  2.500E-02  4.75965E-08  2.89868E-14  1.03514E+03  0.00000E+00  1.0E-07
  2.750E-02  5.75917E-08  2.82239E-14  1.00789E+03  0.00000E+00  1.0E-07
  3.000E-02  6.85389E-08  2.74211E-14  9.79226E+02  0.00000E+00  1.0E-07
  3.250E-02  8.04380E-08  2.65852E-14  9.49374E+02  0.00000E+00  1.0E-07
  3.500E-02  9.32891E-08  2.57229E-14  9.18581E+02  0.00000E+00  1.0E-07
  3.750E-02  1.07092E-07  2.48407E-14  8.87079E+02  0.00000E+00  1.0E-07
  4.000E-02  1.21847E-07  2.39450E-14  8.55090E+02  0.00000E+00  1.0E-07
  4.250E-02  1.37554E-07  2.30414E-14  8.22825E+02  0.00000E+00  1.0E-07
  4.500E-02  1.54213E-07  2.21356E-14  7.90477E+02  0.00000E+00  1.0E-07
  4.750E-02  1.71823E-07  2.12325E-14  7.58226E+02  0.00000E+00  1.0E-07
  5.000E-02  1.90386E-07  2.03366E-14  7.26232E+02  0.00000E+00  1.0E-07
  5.250E-02  2.09900E-07  1.94519E-14  6.94641E+02  0.00000E+00  1.0E-07
  5.500E-02  2.30367E-07  1.85821E-14  6.63578E+02  0.00000E+00  1.0E-07
  5.750E-02  2.51785E-07  1.77301E-14  6.33155E+02  0.00000E+00  1.0E-07
  6.000E-02  2.74156E-07  1.68987E-14  6.03463E+02  0.00000E+00  1.0E-07
  6.250E-02  2.97478E-07  1.60899E-14  5.74581E+02  0.00000E+00  1.0E-07
  6.500E-02  3.21752E-07  1.53055E-14  5.46571E+02  0.00000E+00  1.0E-07
  6.750E-02  3.46978E-07  1.45470E-14  5.19482E+02  0.00000E+00  1.0E-07
  7.000E-02  3.73156E-07  1.38153E-14  4.93352E+02  0.00000E+00  1.0E-07
  7.250E-02  4.00286E-07  1.31111E-14  4.68205E+02  0.00000E+00  1.0E-07
  7.500E-02  4.28368E-07  1.24349E-14  4.44058E+02  0.00000E+00  1.0E-07
  7.750E-02  4.57402E-07  1.17869E-14  4.20916E+02  0.00000E+00  1.0E-07
  8.000E-02  4.87388E-07  1.11669E-14  3.98778E+02  0.00000E+00  1.0E-07
  8.250E-02  5.18325E-07  1.05749E-14  3.77636E+02  0.00000E+00  1.0E-07
  8.500E-02  5.50215E-07  1.00104E-14  3.57476E+02  0.00000E+00  1.0E-07
  8.750E-02  5.83057E-07  9.47279E-15  3.38279E+02  0.00000E+00  1.0E-07
  9.000E-02  6.16850E-07  8.96156E-15  3.20023E+02  0.00000E+00  1.0E-07
  9.250E-02  6.51596E-07  8.47594E-15  3.02681E+02  0.00000E+00  1.0E-07
  9.500E-02  6.87293E-07  8.01513E-15  2.86226E+02  0.00000E+00  1.0E-07
  9.750E-02  7.23942E-07  7.57829E-15  2.70626E+02  0.00000E+00  1.0E-07
  1.000E-01  7.61543E-07  7.16452E-15  2.55850E+02  0.00000E+00  1.0E-07
  1.250E-01  1.18991E-06  4.09398E-15  1.46199E+02  0.00000E+00  1.0E-07
  1.500E-01  1.71347E-06  2.38708E-15  8.52441E+01  0.00000E+00  1.0E-07
  1.750E-01  2.33223E-06  1.44003E-15  5.14244E+01  0.00000E+00  1.0E-07
  2.000E-01  3.04617E-06  9.03572E-16  3.22671E+01  0.00000E+00  1.0E-07
  2.250E-01  3.85531E-06  5.89986E-16  2.10688E+01  0.00000E+00  1.0E-07
  2.500E-01  4.75964E-06  4.00021E-16  1.42850E+01  0.00000E+00  1.0E-07
  2.750E-01  5.75916E-06  2.80688E-16  1.00235E+01  0.00000E+00  1.0E-07
  3.000E-01  6.85388E-06  2.03055E-16  7.25124E+00  0.00000E+00  1.0E-07
  3.250E-01  8.04378E-06  1.50876E-16  5.38790E+00  0.00000E+00  1.0E-07
  3.500E-01  9.32888E-06  1.14744E-16  4.09758E+00  0.00000E+00  1.0E-07
  3.750E-01  1.07092E-05  8.90412E-17  3.17972E+00  0.00000E+00  1.0E-07
  4.000E-01  1.21846E-05  7.03128E-17  2.51092E+00  0.00000E+00  1.0E-07
  4.250E-01  1.37553E-05  5.63717E-17  2.01307E+00  0.00000E+00  1.0E-07
  4.500E-01  1.54212E-05  4.57957E-17  1.63539E+00  0.00000E+00  1.0E-07
  4.750E-01  1.71822E-05  3.76368E-17  1.34404E+00  0.00000E+00  1.0E-07
  5.000E-01  1.90385E-05  3.12485E-17  1.11590E+00  0.00000E+00  1.0E-07
  5.250E-01  2.09899E-05  2.61800E-17  9.34904E-01  0.00000E+00  1.0E-07
  5.500E-01  2.30365E-05  2.21112E-17  7.89604E-01  0.00000E+00  1.0E-07
  5.750E-01  2.51783E-05  1.88104E-17  6.71732E-01  0.00000E+00  1.0E-07
  6.000E-01  2.74153E-05  1.61074E-17  5.75205E-01  0.00000E+00  1.0E-07
  6.250E-01  2.97475E-05  1.38751E-17  4.95488E-01  0.00000E+00  1.0E-07
  6.500E-01  3.21749E-05  1.20172E-17  4.29144E-01  0.00000E+00  1.0E-07
  6.750E-01  3.46974E-05  1.04603E-17  3.73543E-01  0.00000E+00  1.0E-07
  7.000E-01  3.73152E-05  9.14711E-18  3.26649E-01  0.00000E+00  1.0E-07
  7.250E-01  4.00281E-05  8.03307E-18  2.86866E-01  0.00000E+00  1.0E-07
  7.500E-01  4.28362E-05  7.08284E-18  2.52933E-01  0.00000E+00  1.0E-07
  7.750E-01  4.57395E-05  6.26829E-18  2.23845E-01  0.00000E+00  1.1E-07
  8.000E-01  4.87380E-05  5.56680E-18  1.98794E-01  0.00000E+00  1.0E-07
  8.250E-01  5.18317E-05  4.96006E-18  1.77127E-01  0.00000E+00  1.0E-07
  8.500E-01  5.50205E-05  4.43314E-18  1.58310E-01  0.00000E+00  1.2E-07
  8.750E-01  5.83045E-05  3.97381E-18  1.41907E-01  0.00000E+00  1.0E-07
  9.000E-01  6.16838E-05  3.57194E-18  1.27556E-01  0.00000E+00  1.0E-07
  9.250E-01  6.51582E-05  3.21918E-18  1.14959E-01  0.00000E+00  1.4E-07
  9.500E-01  6.87277E-05  2.90852E-18  1.03865E-01  0.00000E+00  1.0E-07
  9.750E-01  7.23925E-05  2.63411E-18  9.40658E-02  0.00000E+00  1.0E-07
  1.000E+00  7.61524E-05  2.39102E-18  8.53850E-02  0.00000E+00  1.0E-07
  1.100E+00  9.21439E-05  1.65738E-18  5.91859E-02  0.00000E+00  1.0E-07
  1.200E+00  1.09658E-04  1.18311E-18  4.22496E-02  0.00000E+00  1.0E-07
  1.300E+00  1.28695E-04  8.66063E-19  3.09277E-02  0.00000E+00  1.0E-07
  1.400E+00  1.49255E-04  6.47924E-19  2.31378E-02  0.00000E+00  1.0E-07
  1.500E+00  1.71338E-04  4.94034E-19  1.76423E-02  0.00000E+00  1.0E-07
  1.600E+00  1.94942E-04  3.83058E-19  1.36792E-02  0.00000E+00  1.0E-07
  1.700E+00  2.20070E-04  3.01457E-19  1.07652E-02  0.00000E+00  1.0E-07
  1.800E+00  2.46720E-04  2.40408E-19  8.58512E-03  0.00000E+00  1.0E-07
  1.900E+00  2.74892E-04  1.94019E-19  6.92853E-03  0.00000E+00  1.0E-07
  2.000E+00  3.04586E-04  1.58272E-19  5.65201E-03  0.00000E+00  1.0E-07
  2.100E+00  3.35803E-04  1.30376E-19  4.65581E-03  0.00000E+00  1.0E-07
  2.200E+00  3.68542E-04  1.08353E-19  3.86937E-03  0.00000E+00  1.0E-07
  2.300E+00  4.02802E-04  9.07834E-20  3.24193E-03  0.00000E+00  1.0E-07
  2.400E+00  4.38585E-04  7.66302E-20  2.73652E-03  0.00000E+00  1.0E-07
  2.500E+00  4.75889E-04  6.51278E-20  2.32575E-03  0.00000E+00  1.0E-07
  2.600E+00  5.14715E-04  5.57027E-20  1.98918E-03  0.00000E+00  1.0E-07
  2.700E+00  5.55063E-04  4.79212E-20  1.71130E-03  0.00000E+00  1.0E-07
  2.800E+00  5.96931E-04  4.14514E-20  1.48026E-03  0.00000E+00  1.0E-07
  2.900E+00  6.40321E-04  3.60369E-20  1.28690E-03  0.00000E+00  1.0E-07
  3.000E+00  6.85233E-04  3.14779E-20  1.12409E-03  0.00000E+00  1.0E-07
  3.100E+00  7.31665E-04  2.76172E-20  9.86229E-04  0.00000E+00  1.0E-07
  3.200E+00  7.79618E-04  2.43305E-20  8.68859E-04  0.00000E+00  1.0E-07
  3.300E+00  8.29092E-04  2.15184E-20  7.68437E-04  0.00000E+00  1.0E-07
  3.400E+00  8.80086E-04  1.91010E-20  6.82110E-04  0.00000E+00  1.0E-07
  3.500E+00  9.32601E-04  1.70137E-20  6.07571E-04  0.00000E+00  1.0E-07
  3.600E+00  9.86636E-04  1.52039E-20  5.42940E-04  0.00000E+00  1.0E-07
  3.700E+00  1.04219E-03  1.36284E-20  4.86679E-04  0.00000E+00  1.0E-07
  3.800E+00  1.09927E-03  1.22518E-20  4.37520E-04  0.00000E+00  1.0E-07
  3.900E+00  1.15786E-03  1.10447E-20  3.94414E-04  0.00000E+00  1.0E-07
  4.000E+00  1.21797E-03  9.98270E-21  3.56489E-04  0.00000E+00  1.0E-07
  4.100E+00  1.27961E-03  9.04533E-21  3.23015E-04  0.00000E+00  1.0E-07
  4.200E+00  1.34276E-03  8.21547E-21  2.93380E-04  0.00000E+00  1.0E-07
  4.300E+00  1.40743E-03  7.47864E-21  2.67067E-04  0.00000E+00  1.0E-07
  4.400E+00  1.47362E-03  6.82261E-21  2.43640E-04  0.00000E+00  1.0E-07
  4.500E+00  1.54133E-03  6.23697E-21  2.22726E-04  0.00000E+00  1.0E-07
  4.600E+00  1.61056E-03  5.71286E-21  2.04010E-04  0.00000E+00  1.0E-07
  4.700E+00  1.68131E-03  5.24267E-21  1.87219E-04  0.00000E+00  1.0E-07
  4.800E+00  1.75357E-03  4.81989E-21  1.72121E-04  0.00000E+00  1.0E-07
  4.900E+00  1.82735E-03  4.43889E-21  1.58516E-04  0.00000E+00  1.0E-07
  5.000E+00  1.90265E-03  4.09482E-21  1.46229E-04  0.00000E+00  1.0E-07
  5.100E+00  1.97947E-03  3.78345E-21  1.35110E-04  0.00000E+00  1.0E-07
  5.200E+00  2.05780E-03  3.50114E-21  1.25028E-04  0.00000E+00  1.0E-07
  5.300E+00  2.13765E-03  3.24468E-21  1.15869E-04  0.00000E+00  1.0E-07
  5.400E+00  2.21902E-03  3.01128E-21  1.07535E-04  0.00000E+00  1.0E-07
  5.500E+00  2.30190E-03  2.79851E-21  9.99365E-05  0.00000E+00  1.0E-07
  5.600E+00  2.38630E-03  2.60421E-21  9.29979E-05  0.00000E+00  1.0E-07
  5.700E+00  2.47222E-03  2.42648E-21  8.66513E-05  0.00000E+00  1.0E-07
  5.800E+00  2.55965E-03  2.26367E-21  8.08372E-05  0.00000E+00  1.0E-07
  5.900E+00  2.64859E-03  2.11429E-21  7.55028E-05  0.00000E+00  1.0E-07
  6.000E+00  2.73905E-03  1.97704E-21  7.06014E-05  0.00000E+00  1.0E-07
  6.100E+00  2.83103E-03  1.85075E-21  6.60916E-05  0.00000E+00  1.0E-07
  6.200E+00  2.92452E-03  1.73439E-21  6.19363E-05  0.00000E+00  1.0E-07
  6.300E+00  3.01952E-03  1.62704E-21  5.81026E-05  0.00000E+00  1.0E-07
  6.400E+00  3.11604E-03  1.52787E-21  5.45611E-05  0.00000E+00  1.0E-07
  6.500E+00  3.21407E-03  1.43614E-21  5.12854E-05  0.00000E+00  1.0E-07
  6.600E+00  3.31362E-03  1.35120E-21  4.82521E-05  0.00000E+00  1.0E-07
  6.700E+00  3.41468E-03  1.27244E-21  4.54398E-05  0.00000E+00  1.0E-07
  6.800E+00  3.51725E-03  1.19935E-21  4.28295E-05  0.00000E+00  1.0E-07
  6.900E+00  3.62133E-03  1.13143E-21  4.04041E-05  0.00000E+00  1.0E-07
  7.000E+00  3.72692E-03  1.06825E-21  3.81480E-05  0.00000E+00  1.0E-07
  7.100E+00  3.83403E-03  1.00943E-21  3.60473E-05  0.00000E+00  1.0E-07
  7.200E+00  3.94265E-03  9.54598E-22  3.40893E-05  0.00000E+00  1.0E-07
  7.300E+00  4.05278E-03  9.03442E-22  3.22625E-05  0.00000E+00  1.0E-07
  7.400E+00  4.16442E-03  8.55669E-22  3.05565E-05  0.00000E+00  1.0E-07
  7.500E+00  4.27757E-03  8.11014E-22  2.89618E-05  0.00000E+00  1.0E-07
  7.600E+00  4.39223E-03  7.69235E-22  2.74699E-05  0.00000E+00  1.0E-07
  7.700E+00  4.50840E-03  7.30113E-22  2.60728E-05  0.00000E+00  1.0E-07
  7.800E+00  4.62608E-03  6.93449E-22  2.47635E-05  0.00000E+00  1.0E-07
  7.900E+00  4.74527E-03  6.59058E-22  2.35354E-05  0.00000E+00  1.0E-07
  8.000E+00  4.86597E-03  6.26773E-22  2.23825E-05  0.00000E+00  1.0E-07
  8.100E+00  4.98817E-03  5.96443E-22  2.12994E-05  0.00000E+00  1.0E-07
  8.200E+00  5.11188E-03  5.67926E-22  2.02810E-05  0.00000E+00  1.0E-07
  8.300E+00  5.23711E-03  5.41093E-22  1.93228E-05  0.00000E+00  1.0E-07
  8.400E+00  5.36383E-03  5.15828E-22  1.84205E-05  0.00000E+00  1.0E-07
  8.500E+00  5.49207E-03  4.92020E-22  1.75704E-05  0.00000E+00  1.0E-07
  8.600E+00  5.62181E-03  4.69572E-22  1.67687E-05  0.00000E+00  1.0E-07
  8.700E+00  5.75306E-03  4.48389E-22  1.60123E-05  0.00000E+00  1.0E-07
  8.800E+00  5.88581E-03  4.28388E-22  1.52980E-05  0.00000E+00  1.0E-07
  8.900E+00  6.02007E-03  4.09490E-22  1.46232E-05  0.00000E+00  1.0E-07
  9.000E+00  6.15583E-03  3.91624E-22  1.39851E-05  0.00000E+00  1.0E-07
  9.100E+00  6.29310E-03  3.74721E-22  1.33815E-05  0.00000E+00  1.0E-07
  9.200E+00  6.43187E-03  3.58721E-22  1.28102E-05  0.00000E+00  1.0E-07
  9.300E+00  6.57214E-03  3.43567E-22  1.22690E-05  0.00000E+00  1.0E-07
  9.400E+00  6.71392E-03  3.29204E-22  1.17561E-05  0.00000E+00  1.0E-07
  9.500E+00  6.85720E-03  3.15585E-22  1.12697E-05  0.00000E+00  1.0E-07
  9.600E+00  7.00198E-03  3.02663E-22  1.08083E-05  0.00000E+00  1.0E-07
  9.700E+00  7.14827E-03  2.90396E-22  1.03702E-05  0.00000E+00  1.0E-07
  9.800E+00  7.29605E-03  2.78744E-22  9.95413E-06  0.00000E+00  1.0E-07
  9.900E+00  7.44534E-03  2.67671E-22  9.55871E-06  0.00000E+00  1.0E-07
  1.000E+01  7.59612E-03  2.57143E-22  9.18273E-06  0.00000E+00  1.0E-07
  1.025E+01  7.97965E-03  2.33001E-22  8.32062E-06  0.00000E+00  1.0E-07
  1.050E+01  8.37255E-03  2.11628E-22  7.55737E-06  0.00000E+00  1.0E-07
  1.075E+01  8.77480E-03  1.92651E-22  6.87969E-06  0.00000E+00  1.0E-07
  1.100E+01  9.18641E-03  1.75755E-22  6.27632E-06  0.00000E+00  1.0E-07
  1.125E+01  9.60736E-03  1.60672E-22  5.73769E-06  0.00000E+00  1.0E-07
  1.150E+01  1.00376E-02  1.47173E-22  5.25564E-06  0.00000E+00  1.0E-07
  1.175E+01  1.04773E-02  1.35063E-22  4.82317E-06  0.00000E+00  1.0E-07
  1.200E+01  1.09262E-02  1.24173E-22  4.43430E-06  0.00000E+00  1.0E-07
  1.225E+01  1.13844E-02  1.14359E-22  4.08384E-06  0.00000E+00  1.0E-07
  1.250E+01  1.18520E-02  1.05496E-22  3.76734E-06  0.00000E+00  1.0E-07
  1.275E+01  1.23288E-02  9.74757E-23  3.48092E-06  0.00000E+00  1.0E-07
  1.300E+01  1.28150E-02  9.02031E-23  3.22121E-06  0.00000E+00  1.0E-07
  1.325E+01  1.33104E-02  8.35964E-23  2.98528E-06  0.00000E+00  1.0E-07
  1.350E+01  1.38150E-02  7.75836E-23  2.77056E-06  0.00000E+00  1.0E-07
  1.375E+01  1.43290E-02  7.21019E-23  2.57480E-06  0.00000E+00  1.0E-07
  1.400E+01  1.48521E-02  6.70958E-23  2.39604E-06  0.00000E+00  1.0E-07
  1.425E+01  1.53845E-02  6.25168E-23  2.23251E-06  0.00000E+00  1.0E-07
  1.450E+01  1.59262E-02  5.83218E-23  2.08271E-06  0.00000E+00  1.0E-07
  1.475E+01  1.64770E-02  5.44728E-23  1.94526E-06  0.00000E+00  1.0E-07
  1.500E+01  1.70371E-02  5.09361E-23  1.81896E-06  0.00000E+00  1.0E-07
  1.525E+01  1.76063E-02  4.76817E-23  1.70275E-06  0.00000E+00  1.0E-07
  1.550E+01  1.81848E-02  4.46831E-23  1.59566E-06  0.00000E+00  1.0E-07
  1.575E+01  1.87724E-02  4.19166E-23  1.49687E-06  0.00000E+00  1.0E-07
  1.600E+01  1.93692E-02  3.93607E-23  1.40560E-06  0.00000E+00  1.0E-07
  1.625E+01  1.99751E-02  3.69967E-23  1.32118E-06  0.00000E+00  1.0E-07
  1.650E+01  2.05901E-02  3.48075E-23  1.24300E-06  0.00000E+00  1.0E-07
  1.675E+01  2.12143E-02  3.27777E-23  1.17051E-06  0.00000E+00  1.0E-07
  1.700E+01  2.18476E-02  3.08937E-23  1.10323E-06  0.00000E+00  1.0E-07
  1.725E+01  2.24900E-02  2.91431E-23  1.04072E-06  0.00000E+00  1.0E-07
  1.750E+01  2.31415E-02  2.75146E-23  9.82565E-07  0.00000E+00  1.0E-07
  1.775E+01  2.38021E-02  2.59982E-23  9.28414E-07  0.00000E+00  1.0E-07
  1.800E+01  2.44717E-02  2.45849E-23  8.77942E-07  0.00000E+00  1.0E-07
  1.825E+01  2.51504E-02  2.32662E-23  8.30850E-07  0.00000E+00  1.0E-07
  1.850E+01  2.58382E-02  2.20347E-23  7.86872E-07  0.00000E+00  1.0E-07
  1.875E+01  2.65349E-02  2.08835E-23  7.45763E-07  0.00000E+00  1.0E-07
  1.900E+01  2.72407E-02  1.98064E-23  7.07301E-07  0.00000E+00  1.0E-07
  1.925E+01  2.79555E-02  1.87979E-23  6.71285E-07  0.00000E+00  1.0E-07
  1.950E+01  2.86793E-02  1.78526E-23  6.37530E-07  0.00000E+00  1.0E-07
  1.975E+01  2.94120E-02  1.69660E-23  6.05868E-07  0.00000E+00  1.0E-07
  2.000E+01  3.01537E-02  1.61337E-23  5.76144E-07  0.00000E+00  1.0E-07
  2.025E+01  3.09043E-02  1.53517E-23  5.48219E-07  0.00000E+00  1.0E-07
  2.050E+01  3.16639E-02  1.46165E-23  5.21964E-07  0.00000E+00  1.0E-07
  2.075E+01  3.24324E-02  1.39247E-23  4.97260E-07  0.00000E+00  1.0E-07
  2.100E+01  3.32098E-02  1.32733E-23  4.73997E-07  0.00000E+00  1.0E-07
  2.125E+01  3.39961E-02  1.26595E-23  4.52078E-07  0.00000E+00  1.0E-07
  2.150E+01  3.47912E-02  1.20807E-23  4.31409E-07  0.00000E+00  1.0E-07
  2.175E+01  3.55952E-02  1.15345E-23  4.11906E-07  0.00000E+00  1.0E-07
  2.200E+01  3.64081E-02  1.10189E-23  3.93491E-07  0.00000E+00  1.0E-07
  2.225E+01  3.72297E-02  1.05316E-23  3.76092E-07  0.00000E+00  1.0E-07
  2.250E+01  3.80602E-02  1.00710E-23  3.59642E-07  0.00000E+00  1.0E-07
  2.275E+01  3.88995E-02  9.63522E-24  3.44080E-07  0.00000E+00  1.0E-07
  2.300E+01  3.97476E-02  9.22271E-24  3.29349E-07  0.00000E+00  1.0E-07
  2.325E+01  4.06044E-02  8.83200E-24  3.15396E-07  0.00000E+00  1.0E-07
  2.350E+01  4.14700E-02  8.46171E-24  3.02173E-07  0.00000E+00  1.0E-07
  2.375E+01  4.23443E-02  8.11058E-24  2.89634E-07  0.00000E+00  1.0E-07
  2.400E+01  4.32273E-02  7.77743E-24  2.77737E-07 -1.82536E-04  1.0E-07
  2.425E+01  4.41190E-02  7.46117E-24  2.66443E-07 -1.87413E-04  1.0E-07
  2.450E+01  4.50194E-02  7.16079E-24  2.55716E-07 -1.92377E-04  1.0E-07
  2.475E+01  4.59284E-02  6.87533E-24  2.45522E-07 -1.97433E-04  1.0E-07
  2.500E+01  4.68461E-02  6.60392E-24  2.35830E-07 -2.02531E-04  1.0E-07
  2.550E+01  4.87074E-02  6.10001E-24  2.17835E-07 -2.12860E-04  1.0E-07
  2.600E+01  5.06030E-02  5.64312E-24  2.01519E-07 -2.23522E-04  1.0E-07
  2.650E+01  5.25328E-02  5.22809E-24  1.86699E-07 -2.34423E-04  1.0E-07
  2.700E+01  5.44967E-02  4.85040E-24  1.73211E-07 -2.45695E-04  1.0E-07
  2.750E+01  5.64946E-02  4.50609E-24  1.60915E-07 -2.57330E-04  1.0E-07
  2.800E+01  5.85262E-02  4.19169E-24  1.49688E-07 -2.69219E-04  1.0E-07
  2.850E+01  6.05914E-02  3.90413E-24  1.39419E-07 -2.81458E-04  1.0E-07
  2.900E+01  6.26901E-02  3.64072E-24  1.30012E-07 -2.93823E-04  1.0E-07
  2.950E+01  6.48222E-02  3.39906E-24  1.21383E-07 -3.06522E-04  1.0E-07
  3.000E+01  6.69873E-02  3.17703E-24  1.13454E-07 -3.19493E-04  1.0E-07
  3.050E+01  6.91854E-02  2.97276E-24  1.06159E-07 -3.32815E-04  1.0E-07
  3.100E+01  7.14163E-02  2.78455E-24  9.94382E-08 -3.46604E-04  1.0E-07
  3.150E+01  7.36799E-02  2.61093E-24  9.32382E-08 -3.60576E-04  1.0E-07
  3.200E+01  7.59760E-02  2.45056E-24  8.75112E-08 -3.74956E-04  1.0E-07
  3.250E+01  7.83043E-02  2.30225E-24  8.22150E-08 -3.89400E-04  1.0E-07
  3.300E+01  8.06647E-02  2.16493E-24  7.73110E-08 -4.04152E-04  1.0E-07
  3.350E+01  8.30571E-02  2.03763E-24  7.27650E-08 -4.19273E-04  1.0E-07
  3.400E+01  8.54812E-02  1.91949E-24  6.85461E-08 -4.34625E-04  1.0E-07
  3.450E+01  8.79369E-02  1.80972E-24  6.46263E-08 -4.50706E-04  1.0E-07
  3.500E+01  9.04240E-02  1.70764E-24  6.09810E-08 -4.66672E-04  1.0E-07
  3.550E+01  9.29422E-02  1.61260E-24  5.75870E-08 -4.83438E-04  1.0E-07
  3.600E+01  9.54915E-02  1.52404E-24  5.44244E-08 -4.99590E-04  1.0E-07
  3.650E+01  9.80716E-02  1.44142E-24  5.14739E-08 -5.16935E-04  1.0E-07
  3.700E+01  1.00682E-01  1.36428E-24  4.87193E-08 -5.33790E-04  1.0E-07
  3.750E+01  1.03323E-01  1.29218E-24  4.61447E-08 -5.51622E-04  1.0E-07
  3.800E+01  1.05995E-01  1.22475E-24  4.37365E-08 -5.69625E-04  1.0E-07
  3.850E+01  1.08696E-01  1.16161E-24  4.14819E-08 -5.88039E-04  1.0E-07
  3.900E+01  1.11427E-01  1.10245E-24  3.93693E-08 -6.06705E-04  1.0E-07
  3.950E+01  1.14188E-01  1.04698E-24  3.73882E-08 -6.25391E-04  1.0E-07
  4.000E+01  1.16978E-01  9.94910E-25  3.55289E-08 -6.44455E-04  1.0E-07
  4.050E+01  1.19797E-01  9.46006E-25  3.37825E-08 -6.63756E-04  1.0E-07
  4.100E+01  1.22645E-01  9.00036E-25  3.21409E-08 -6.83628E-04  1.0E-07
  4.150E+01  1.25522E-01  8.56792E-25  3.05966E-08 -7.03930E-04  1.0E-07
  4.200E+01  1.28428E-01  8.16083E-25  2.91429E-08 -7.24543E-04  1.0E-07
  4.250E+01  1.31361E-01  7.77735E-25  2.77734E-08 -7.45391E-04  1.0E-07
  4.300E+01  1.34323E-01  7.41585E-25  2.64825E-08 -7.66296E-04  1.0E-07
  4.350E+01  1.37313E-01  7.07485E-25  2.52647E-08 -7.87490E-04  1.0E-07
  4.400E+01  1.40330E-01  6.75295E-25  2.41152E-08 -8.09029E-04  1.0E-07
  4.450E+01  1.43375E-01  6.44890E-25  2.30294E-08 -8.31094E-04  1.0E-07
  4.500E+01  1.46447E-01  6.16151E-25  2.20032E-08 -8.53655E-04  1.0E-07
  4.550E+01  1.49545E-01  5.88972E-25  2.10326E-08 -8.76517E-04  1.0E-07
  4.600E+01  1.52671E-01  5.63253E-25  2.01141E-08 -8.99587E-04  1.0E-07
  4.650E+01  1.55823E-01  5.38901E-25  1.92445E-08 -9.22732E-04  1.0E-07
  4.700E+01  1.59001E-01  5.15830E-25  1.84206E-08 -9.46120E-04  1.0E-07
  4.750E+01  1.62205E-01  4.93960E-25  1.76396E-08 -9.69898E-04  1.0E-07
  4.800E+01  1.65435E-01  4.73216E-25  1.68989E-08 -9.94203E-04  1.0E-07
  4.850E+01  1.68690E-01  4.53531E-25  1.61959E-08 -1.01903E-03  1.0E-07
  4.900E+01  1.71970E-01  4.34840E-25  1.55284E-08 -1.04419E-03  1.0E-07
  4.950E+01  1.75276E-01  4.17084E-25  1.48943E-08 -1.06953E-03  1.0E-07
  5.000E+01  1.78606E-01  4.00208E-25  1.42917E-08 -1.09495E-03  1.0E-07
  5.050E+01  1.81961E-01  3.84161E-25  1.37187E-08 -1.12058E-03  1.0E-07
  5.100E+01  1.85340E-01  3.68894E-25  1.31735E-08 -1.14661E-03  1.0E-07
  5.150E+01  1.88743E-01  3.54362E-25  1.26545E-08 -1.17319E-03  1.0E-07
  5.200E+01  1.92169E-01  3.40523E-25  1.21603E-08 -1.20032E-03  1.0E-07
  5.250E+01  1.95619E-01  3.27338E-25  1.16894E-08 -1.22781E-03  1.0E-07
  5.300E+01  1.99092E-01  3.14771E-25  1.12407E-08 -1.25547E-03  1.0E-07
  5.350E+01  2.02589E-01  3.02787E-25  1.08127E-08 -1.28321E-03  1.0E-07
  5.400E+01  2.06107E-01  2.91356E-25  1.04045E-08 -1.31113E-03  1.0E-07
  5.450E+01  2.09649E-01  2.80445E-25  1.00149E-08 -1.33945E-03  1.0E-07
  5.500E+01  2.13212E-01  2.70028E-25  9.64288E-09 -1.36834E-03  1.0E-07
  5.550E+01  2.16797E-01  2.60077E-25  9.28753E-09 -1.39782E-03  1.0E-07
  5.600E+01  2.20404E-01  2.50569E-25  8.94798E-09 -1.42769E-03  1.0E-07
  5.650E+01  2.24032E-01  2.41479E-25  8.62339E-09 -1.45775E-03  1.0E-07
  5.700E+01  2.27680E-01  2.32787E-25  8.31299E-09 -1.48787E-03  1.0E-07
  5.750E+01  2.31350E-01  2.24472E-25  8.01605E-09 -1.51814E-03  1.0E-07
  5.800E+01  2.35040E-01  2.16515E-25  7.73187E-09 -1.54877E-03  1.0E-07
  5.850E+01  2.38751E-01  2.08896E-25  7.45980E-09 -1.58000E-03  1.0E-07
  5.900E+01  2.42481E-01  2.01599E-25  7.19922E-09 -1.61186E-03  1.0E-07
  5.950E+01  2.46231E-01  1.94608E-25  6.94956E-09 -1.64420E-03  1.0E-07
  6.000E+01  2.50000E-01  1.87908E-25  6.71030E-09 -1.67674E-03  1.0E-07
  6.050E+01  2.53788E-01  1.81484E-25  6.48092E-09 -1.70931E-03  1.0E-07
  6.100E+01  2.57595E-01  1.75324E-25  6.26094E-09 -1.74197E-03  1.0E-07
  6.150E+01  2.61421E-01  1.69415E-25  6.04991E-09 -1.77496E-03  1.0E-07
  6.200E+01  2.65264E-01  1.63743E-25  5.84738E-09 -1.80856E-03  1.0E-07
  6.250E+01  2.69126E-01  1.58298E-25  5.65294E-09 -1.84288E-03  1.0E-07
  6.300E+01  2.73005E-01  1.53070E-25  5.46623E-09 -1.87777E-03  1.0E-07
  6.350E+01  2.76901E-01  1.48048E-25  5.28687E-09 -1.91290E-03  1.0E-07
  6.400E+01  2.80814E-01  1.43222E-25  5.11455E-09 -1.94802E-03  1.0E-07
  6.450E+01  2.84744E-01  1.38584E-25  4.94892E-09 -1.98312E-03  1.0E-07
  6.500E+01  2.88691E-01  1.34125E-25  4.78969E-09 -2.01847E-03  1.0E-07
  6.550E+01  2.92653E-01  1.29836E-25  4.63654E-09 -2.05448E-03  1.0E-07
  6.600E+01  2.96632E-01  1.25711E-25  4.48921E-09 -2.09135E-03  1.0E-07
  6.650E+01  3.00625E-01  1.21741E-25  4.34744E-09 -2.12895E-03  1.0E-07
  6.700E+01  3.04634E-01  1.17919E-25  4.21097E-09 -2.16687E-03  1.0E-07
  6.750E+01  3.08658E-01  1.14240E-25  4.07960E-09 -2.20464E-03  1.0E-07
  6.800E+01  3.12697E-01  1.10698E-25  3.95309E-09 -2.24216E-03  1.0E-07
  6.850E+01  3.16749E-01  1.07285E-25  3.83122E-09 -2.27977E-03  1.0E-07
  6.900E+01  3.20816E-01  1.03997E-25  3.71379E-09 -2.31814E-03  1.0E-07
  6.950E+01  3.24896E-01  1.00827E-25  3.60061E-09 -2.35779E-03  1.0E-07
  7.000E+01  3.28990E-01  9.77714E-26  3.49148E-09 -2.39864E-03  1.0E-07
  7.050E+01  3.33097E-01  9.48247E-26  3.38625E-09 -2.43981E-03  1.0E-07
  7.100E+01  3.37216E-01  9.19830E-26  3.28477E-09 -2.48010E-03  1.0E-07
  7.150E+01  3.41348E-01  8.92421E-26  3.18689E-09 -2.51895E-03  1.0E-07
  7.200E+01  3.45492E-01  8.65972E-26  3.09244E-09 -2.55795E-03  1.0E-07
  7.250E+01  3.49647E-01  8.40433E-26  3.00124E-09 -2.60115E-03  1.0E-07
  7.300E+01  3.53814E-01  8.15776E-26  2.91319E-09 -2.64526E-03  1.0E-07
  7.350E+01  3.57992E-01  7.91970E-26  2.82818E-09 -2.68821E-03  1.0E-07
  7.400E+01  3.62181E-01  7.68981E-26  2.74608E-09 -2.73016E-03  1.0E-07
  7.450E+01  3.66381E-01  7.46772E-26  2.66677E-09 -2.77217E-03  1.0E-07
  7.500E+01  3.70590E-01  7.25311E-26  2.59013E-09 -2.81516E-03  1.0E-07
  7.550E+01  3.74810E-01  7.04568E-26  2.51606E-09 -2.85941E-03  1.0E-07
  7.600E+01  3.79039E-01  6.84514E-26  2.44444E-09 -2.90459E-03  1.0E-07
  7.650E+01  3.83277E-01  6.65125E-26  2.37520E-09 -2.95012E-03  1.0E-07
  7.700E+01  3.87524E-01  6.46374E-26  2.30824E-09 -2.99558E-03  1.0E-07
  7.750E+01  3.91780E-01  6.28238E-26  2.24348E-09 -3.04095E-03  1.0E-07
  7.800E+01  3.96044E-01  6.10692E-26  2.18082E-09 -3.08653E-03  1.0E-07
  7.850E+01  4.00316E-01  5.93713E-26  2.12019E-09 -3.13273E-03  1.0E-07
  7.900E+01  4.04596E-01  5.77279E-26  2.06150E-09 -3.17977E-03  1.0E-07
  7.950E+01  4.08882E-01  5.61370E-26  2.00469E-09 -3.22760E-03  1.0E-07
  8.000E+01  4.13176E-01  5.45966E-26  1.94968E-09 -3.27594E-03  1.0E-07
  8.050E+01  4.17476E-01  5.31049E-26  1.89641E-09 -3.32451E-03  1.0E-07
  8.100E+01  4.21783E-01  5.16601E-26  1.84481E-09 -3.37317E-03  1.0E-07
  8.150E+01  4.26095E-01  5.02604E-26  1.79483E-09 -3.42206E-03  1.0E-07
  8.200E+01  4.30413E-01  4.89043E-26  1.74640E-09 -3.47143E-03  1.0E-07
  8.250E+01  4.34737E-01  4.75900E-26  1.69947E-09 -3.52151E-03  1.0E-07
  8.300E+01  4.39065E-01  4.63160E-26  1.65398E-09 -3.57237E-03  1.0E-07
  8.350E+01  4.43398E-01  4.50810E-26  1.60987E-09 -3.62384E-03  1.0E-07
  8.400E+01  4.47736E-01  4.38835E-26  1.56711E-09 -3.67569E-03  1.0E-07
  8.450E+01  4.52077E-01  4.27222E-26  1.52564E-09 -3.72776E-03  1.0E-07
  8.500E+01  4.56422E-01  4.15958E-26  1.48541E-09 -3.78006E-03  1.0E-07
  8.550E+01  4.60770E-01  4.05032E-26  1.44640E-09 -3.83278E-03  1.0E-07
  8.600E+01  4.65122E-01  3.94431E-26  1.40854E-09 -3.88616E-03  1.0E-07
  8.650E+01  4.69476E-01  3.84142E-26  1.37180E-09 -3.94030E-03  1.0E-07
  8.700E+01  4.73832E-01  3.74157E-26  1.33614E-09 -3.99515E-03  1.0E-07
  8.750E+01  4.78190E-01  3.64464E-26  1.30153E-09 -4.05050E-03  1.0E-07
  8.800E+01  4.82550E-01  3.55054E-26  1.26792E-09 -4.10615E-03  1.0E-07
  8.850E+01  4.86912E-01  3.45917E-26  1.23529E-09 -4.16207E-03  1.0E-07
  8.900E+01  4.91274E-01  3.37044E-26  1.20361E-09 -4.21838E-03  1.0E-07
  8.950E+01  4.95637E-01  3.28425E-26  1.17283E-09 -4.27530E-03  1.0E-07
  9.000E+01  5.00000E-01  3.20053E-26  1.14293E-09 -4.33301E-03  1.0E-07
  9.050E+01  5.04363E-01  3.11918E-26  1.11388E-09 -4.39149E-03  1.0E-07
  9.100E+01  5.08726E-01  3.04013E-26  1.08565E-09 -4.45058E-03  1.0E-07
  9.150E+01  5.13088E-01  2.96331E-26  1.05822E-09 -4.51007E-03  1.0E-07
  9.200E+01  5.17450E-01  2.88864E-26  1.03155E-09 -4.56987E-03  1.0E-07
  9.250E+01  5.21810E-01  2.81606E-26  1.00563E-09 -4.63005E-03  1.0E-07
  9.300E+01  5.26168E-01  2.74549E-26  9.80432E-10 -4.69083E-03  1.0E-07
  9.350E+01  5.30524E-01  2.67687E-26  9.55927E-10 -4.75240E-03  1.0E-07
  9.400E+01  5.34878E-01  2.61013E-26  9.32095E-10 -4.81481E-03  1.0E-07
  9.450E+01  5.39230E-01  2.54522E-26  9.08915E-10 -4.87793E-03  1.0E-07
  9.500E+01  5.43578E-01  2.48208E-26  8.86367E-10 -4.94155E-03  1.0E-07
  9.550E+01  5.47923E-01  2.42065E-26  8.64431E-10 -5.00554E-03  1.0E-07
  9.600E+01  5.52264E-01  2.36088E-26  8.43087E-10 -5.06993E-03  1.0E-07
  9.650E+01  5.56602E-01  2.30272E-26  8.22317E-10 -5.13490E-03  1.0E-07
  9.700E+01  5.60935E-01  2.24612E-26  8.02103E-10 -5.20069E-03  1.0E-07
  9.750E+01  5.65263E-01  2.19102E-26  7.82427E-10 -5.26736E-03  1.0E-07
  9.800E+01  5.69587E-01  2.13738E-26  7.63273E-10 -5.33487E-03  1.0E-07
  9.850E+01  5.73905E-01  2.08516E-26  7.44624E-10 -5.40297E-03  1.0E-07
  9.900E+01  5.78217E-01  2.03431E-26  7.26466E-10 -5.47152E-03  1.0E-07
  9.950E+01  5.82524E-01  1.98480E-26  7.08785E-10 -5.54050E-03  1.0E-07
  1.000E+02  5.86824E-01  1.93658E-26  6.91564E-10 -5.61007E-03  1.0E-07
  1.005E+02  5.91118E-01  1.88961E-26  6.74791E-10 -5.68047E-03  1.0E-07
  1.010E+02  5.95404E-01  1.84385E-26  6.58451E-10 -5.75181E-03  1.0E-07
  1.015E+02  5.99684E-01  1.79927E-26  6.42531E-10 -5.82410E-03  1.0E-07
  1.020E+02  6.03956E-01  1.75583E-26  6.27020E-10 -5.89711E-03  1.0E-07
  1.025E+02  6.08220E-01  1.71351E-26  6.11905E-10 -5.97067E-03  1.0E-07
  1.030E+02  6.12476E-01  1.67226E-26  5.97176E-10 -6.04470E-03  1.0E-07
  1.035E+02  6.16723E-01  1.63206E-26  5.82820E-10 -6.11932E-03  1.0E-07
  1.040E+02  6.20961E-01  1.59288E-26  5.68826E-10 -6.19481E-03  1.0E-07
  1.045E+02  6.25190E-01  1.55467E-26  5.55184E-10 -6.27128E-03  1.0E-07
  1.050E+02  6.29410E-01  1.51743E-26  5.41883E-10 -6.34884E-03  1.0E-07
  1.055E+02  6.33619E-01  1.48111E-26  5.28915E-10 -6.42725E-03  1.0E-07
  1.060E+02  6.37819E-01  1.44570E-26  5.16269E-10 -6.50631E-03  1.0E-07
  1.065E+02  6.42008E-01  1.41117E-26  5.03936E-10 -6.58597E-03  1.0E-07
  1.070E+02  6.46186E-01  1.37748E-26  4.91909E-10 -6.66613E-03  1.0E-07
  1.075E+02  6.50353E-01  1.34463E-26  4.80176E-10 -6.74736E-03  1.0E-07
  1.080E+02  6.54508E-01  1.31258E-26  4.68732E-10 -6.82937E-03  1.0E-07
  1.085E+02  6.58652E-01  1.28132E-26  4.57566E-10 -6.91291E-03  1.0E-07
  1.090E+02  6.62784E-01  1.25081E-26  4.46672E-10 -6.99719E-03  1.0E-07
  1.095E+02  6.66903E-01  1.22104E-26  4.36042E-10 -7.08247E-03  1.0E-07
  1.100E+02  6.71010E-01  1.19200E-26  4.25669E-10 -7.16825E-03  1.0E-07
  1.105E+02  6.75104E-01  1.16365E-26  4.15546E-10 -7.25477E-03  1.0E-07
  1.110E+02  6.79184E-01  1.13598E-26  4.05667E-10 -7.34214E-03  1.0E-07
  1.115E+02  6.83251E-01  1.10898E-26  3.96023E-10 -7.43068E-03  1.0E-07
  1.120E+02  6.87303E-01  1.08262E-26  3.86609E-10 -7.52056E-03  1.0E-07
  1.125E+02  6.91342E-01  1.05688E-26  3.77419E-10 -7.61161E-03  1.0E-07
  1.130E+02  6.95366E-01  1.03175E-26  3.68446E-10 -7.70367E-03  1.0E-07
  1.135E+02  6.99375E-01  1.00722E-26  3.59685E-10 -7.79644E-03  1.0E-07
  1.140E+02  7.03368E-01  9.83268E-27  3.51131E-10 -7.88994E-03  1.0E-07
  1.145E+02  7.07347E-01  9.59876E-27  3.42778E-10 -7.98437E-03  1.0E-07
  1.150E+02  7.11309E-01  9.37032E-27  3.34620E-10 -8.08004E-03  1.0E-07
  1.155E+02  7.15256E-01  9.14720E-27  3.26652E-10 -8.17719E-03  1.0E-07
  1.160E+02  7.19186E-01  8.92926E-27  3.18870E-10 -8.27574E-03  1.0E-07
  1.165E+02  7.23099E-01  8.71638E-27  3.11268E-10 -8.37547E-03  1.0E-07
  1.170E+02  7.26995E-01  8.50843E-27  3.03842E-10 -8.47607E-03  1.0E-07
  1.175E+02  7.30874E-01  8.30528E-27  2.96587E-10 -8.57746E-03  1.0E-07
  1.180E+02  7.34736E-01  8.10681E-27  2.89499E-10 -8.67986E-03  1.0E-07
  1.185E+02  7.38579E-01  7.91289E-27  2.82574E-10 -8.78358E-03  1.0E-07
  1.190E+02  7.42405E-01  7.72340E-27  2.75808E-10 -8.88894E-03  1.0E-07
  1.195E+02  7.46212E-01  7.53824E-27  2.69195E-10 -8.99594E-03  1.0E-07
  1.200E+02  7.50000E-01  7.35728E-27  2.62733E-10 -9.10433E-03  1.0E-07
  1.205E+02  7.53769E-01  7.18045E-27  2.56418E-10 -9.21378E-03  1.0E-07
  1.210E+02  7.57519E-01  7.00762E-27  2.50247E-10 -9.32414E-03  1.0E-07
  1.215E+02  7.61249E-01  6.83870E-27  2.44215E-10 -9.43556E-03  1.0E-07
  1.220E+02  7.64960E-01  6.67360E-27  2.38318E-10 -9.54843E-03  1.0E-07
  1.225E+02  7.68650E-01  6.51220E-27  2.32555E-10 -9.66311E-03  1.0E-07
  1.230E+02  7.72320E-01  6.35443E-27  2.26921E-10 -9.77968E-03  1.0E-07
  1.235E+02  7.75968E-01  6.20019E-27  2.21413E-10 -9.89791E-03  1.0E-07
  1.240E+02  7.79596E-01  6.04940E-27  2.16028E-10 -1.00174E-02  1.0E-07
  1.245E+02  7.83203E-01  5.90198E-27  2.10764E-10 -1.01380E-02  1.0E-07
  1.250E+02  7.86788E-01  5.75786E-27  2.05617E-10 -1.02597E-02  1.0E-07
  1.255E+02  7.90351E-01  5.61693E-27  2.00584E-10 -1.03830E-02  1.0E-07
  1.260E+02  7.93893E-01  5.47914E-27  1.95664E-10 -1.05083E-02  1.0E-07
  1.265E+02  7.97411E-01  5.34439E-27  1.90852E-10 -1.06358E-02  1.0E-07
  1.270E+02  8.00908E-01  5.21263E-27  1.86146E-10 -1.07652E-02  1.0E-07
  1.275E+02  8.04381E-01  5.08378E-27  1.81545E-10 -1.08963E-02  1.0E-07
  1.280E+02  8.07831E-01  4.95777E-27  1.77045E-10 -1.10285E-02  1.0E-07
  1.285E+02  8.11257E-01  4.83455E-27  1.72645E-10 -1.11621E-02  1.0E-07
  1.290E+02  8.14660E-01  4.71404E-27  1.68341E-10 -1.12973E-02  1.0E-07
  1.295E+02  8.18039E-01  4.59617E-27  1.64132E-10 -1.14348E-02  1.0E-07
  1.300E+02  8.21394E-01  4.48089E-27  1.60016E-10 -1.15747E-02  1.0E-07
  1.305E+02  8.24724E-01  4.36814E-27  1.55989E-10 -1.17170E-02  1.0E-07
  1.310E+02  8.28030E-01  4.25786E-27  1.52051E-10 -1.18612E-02  1.0E-07
  1.315E+02  8.31310E-01  4.15000E-27  1.48199E-10 -1.20069E-02  1.0E-07
  1.320E+02  8.34565E-01  4.04451E-27  1.44432E-10 -1.21540E-02  1.0E-07
  1.325E+02  8.37795E-01  3.94132E-27  1.40747E-10 -1.23029E-02  1.0E-07
  1.330E+02  8.40999E-01  3.84039E-27  1.37143E-10 -1.24543E-02  1.0E-07
  1.335E+02  8.44177E-01  3.74166E-27  1.33617E-10 -1.26085E-02  1.0E-07
  1.340E+02  8.47329E-01  3.64509E-27  1.30168E-10 -1.27655E-02  1.0E-07
  1.345E+02  8.50455E-01  3.55062E-27  1.26795E-10 -1.29248E-02  1.0E-07
  1.350E+02  8.53553E-01  3.45823E-27  1.23496E-10 -1.30859E-02  1.0E-07
  1.355E+02  8.56625E-01  3.36785E-27  1.20268E-10 -1.32487E-02  1.0E-07
  1.360E+02  8.59670E-01  3.27945E-27  1.17111E-10 -1.34133E-02  1.0E-07
  1.365E+02  8.62687E-01  3.19299E-27  1.14024E-10 -1.35806E-02  1.0E-07
  1.370E+02  8.65677E-01  3.10841E-27  1.11003E-10 -1.37511E-02  1.0E-07
  1.375E+02  8.68639E-01  3.02568E-27  1.08049E-10 -1.39249E-02  1.0E-07
  1.380E+02  8.71572E-01  2.94476E-27  1.05159E-10 -1.41016E-02  1.0E-07
  1.385E+02  8.74478E-01  2.86562E-27  1.02333E-10 -1.42805E-02  1.0E-07
  1.390E+02  8.77355E-01  2.78822E-27  9.95691E-11 -1.44611E-02  1.0E-07
  1.395E+02  8.80203E-01  2.71252E-27  9.68659E-11 -1.46437E-02  1.0E-07
  1.400E+02  8.83022E-01  2.63849E-27  9.42222E-11 -1.48290E-02  1.0E-07
  1.405E+02  8.85812E-01  2.56609E-27  9.16366E-11 -1.50179E-02  1.0E-07
  1.410E+02  8.88573E-01  2.49528E-27  8.91080E-11 -1.52108E-02  1.0E-07
  1.415E+02  8.91304E-01  2.42603E-27  8.66352E-11 -1.54074E-02  1.0E-07
  1.420E+02  8.94005E-01  2.35832E-27  8.42172E-11 -1.56068E-02  1.0E-07
  1.425E+02  8.96677E-01  2.29212E-27  8.18531E-11 -1.58078E-02  1.0E-07
  1.430E+02  8.99318E-01  2.22740E-27  7.95419E-11 -1.60100E-02  1.0E-07
  1.435E+02  9.01928E-01  2.16412E-27  7.72823E-11 -1.62144E-02  1.0E-07
  1.440E+02  9.04508E-01  2.10226E-27  7.50731E-11 -1.64241E-02  1.0E-07
  1.445E+02  9.07058E-01  2.04178E-27  7.29132E-11 -1.66410E-02  1.0E-07
  1.450E+02  9.09576E-01  1.98266E-27  7.08020E-11 -1.68601E-02  1.0E-07
  1.455E+02  9.12063E-01  1.92488E-27  6.87387E-11 -1.70799E-02  1.0E-07
  1.460E+02  9.14519E-01  1.86842E-27  6.67225E-11 -1.73013E-02  1.0E-07
  1.465E+02  9.16943E-01  1.81325E-27  6.47522E-11 -1.75258E-02  1.0E-07
  1.470E+02  9.19335E-01  1.75933E-27  6.28269E-11 -1.77547E-02  1.0E-07
  1.475E+02  9.21696E-01  1.70666E-27  6.09458E-11 -1.79885E-02  1.0E-07
  1.480E+02  9.24024E-01  1.65519E-27  5.91080E-11 -1.82266E-02  1.0E-07
  1.485E+02  9.26320E-01  1.60493E-27  5.73129E-11 -1.84677E-02  1.0E-07
  1.490E+02  9.28584E-01  1.55583E-27  5.55599E-11 -1.87111E-02  1.0E-07
  1.495E+02  9.30815E-01  1.50790E-27  5.38480E-11 -1.89564E-02  1.0E-07
  1.500E+02  9.33013E-01  1.46109E-27  5.21766E-11 -1.92044E-02  1.0E-07
  1.505E+02  9.35178E-01  1.41540E-27  5.05449E-11 -1.94561E-02  1.0E-07
  1.510E+02  9.37310E-01  1.37080E-27  4.89522E-11 -1.97122E-02  1.0E-07
  1.515E+02  9.39409E-01  1.32727E-27  4.73977E-11 -1.99724E-02  1.0E-07
  1.520E+02  9.41474E-01  1.28480E-27  4.58810E-11 -2.02359E-02  1.0E-07
  1.525E+02  9.43505E-01  1.24337E-27  4.44014E-11 -2.05015E-02  1.0E-07
  1.530E+02  9.45503E-01  1.20296E-27  4.29583E-11 -2.07684E-02  1.0E-07
  1.535E+02  9.47467E-01  1.16355E-27  4.15512E-11 -2.10369E-02  1.0E-07
  1.540E+02  9.49397E-01  1.12514E-27  4.01794E-11 -2.13078E-02  1.0E-07
  1.545E+02  9.51293E-01  1.08769E-27  3.88423E-11 -2.15821E-02  1.0E-07
  1.550E+02  9.53154E-01  1.05121E-27  3.75392E-11 -2.18596E-02  1.0E-07
  1.555E+02  9.54981E-01  1.01566E-27  3.62698E-11 -2.21392E-02  1.0E-07
  1.560E+02  9.56773E-01  9.81041E-28  3.50336E-11 -2.24194E-02  1.0E-07
  1.565E+02  9.58530E-01  9.47340E-28  3.38301E-11 -2.26989E-02  1.0E-07
  1.570E+02  9.60252E-01  9.14540E-28  3.26588E-11 -2.29774E-02  1.0E-07
  1.575E+02  9.61940E-01  8.82629E-28  3.15193E-11 -2.32555E-02  1.0E-07
  1.580E+02  9.63592E-01  8.51591E-28  3.04109E-11 -2.35339E-02  1.0E-07
  1.585E+02  9.65209E-01  8.21412E-28  2.93332E-11 -2.38123E-02  1.0E-07
  1.590E+02  9.66790E-01  7.92083E-28  2.82858E-11 -2.40894E-02  1.0E-07
  1.595E+02  9.68336E-01  7.63593E-28  2.72684E-11 -2.43629E-02  1.0E-07
  1.600E+02  9.69846E-01  7.35932E-28  2.62806E-11 -2.46307E-02  1.0E-07
  1.605E+02  9.71321E-01  7.09089E-28  2.53220E-11 -2.48915E-02  1.0E-07
  1.610E+02  9.72759E-01  6.83052E-28  2.43922E-11 -2.51453E-02  1.0E-07
  1.615E+02  9.74162E-01  6.57810E-28  2.34908E-11 -2.53921E-02  1.0E-07
  1.620E+02  9.75528E-01  6.33351E-28  2.26174E-11 -2.56312E-02  1.0E-07
  1.625E+02  9.76858E-01  6.09667E-28  2.17716E-11 -2.58605E-02  1.0E-07
  1.630E+02  9.78152E-01  5.86749E-28  2.09532E-11 -2.60766E-02  1.0E-07
  1.635E+02  9.79410E-01  5.64592E-28  2.01619E-11 -2.62757E-02  1.0E-07
  1.640E+02  9.80631E-01  5.43185E-28  1.93975E-11 -2.64552E-02  1.0E-07
  1.645E+02  9.81815E-01  5.22520E-28  1.86595E-11 -2.66134E-02  1.0E-07
  1.650E+02  9.82963E-01  5.02588E-28  1.79477E-11 -2.67491E-02  1.0E-07
  1.655E+02  9.84074E-01  4.83379E-28  1.72618E-11 -2.68606E-02  1.0E-07
  1.660E+02  9.85148E-01  4.64886E-28  1.66014E-11 -2.69442E-02  1.0E-07
  1.665E+02  9.86185E-01  4.47103E-28  1.59663E-11 -2.69944E-02  1.0E-07
  1.670E+02  9.87185E-01  4.30026E-28  1.53565E-11 -2.70054E-02  1.0E-07
  1.675E+02  9.88148E-01  4.13648E-28  1.47716E-11 -2.69721E-02  1.0E-07
  1.680E+02  9.89074E-01  3.97963E-28  1.42115E-11 -2.68905E-02  1.0E-07
  1.685E+02  9.89962E-01  3.82962E-28  1.36758E-11 -2.67577E-02  1.0E-07
  1.690E+02  9.90814E-01  3.68639E-28  1.31643E-11 -2.65700E-02  1.0E-07
  1.695E+02  9.91627E-01  3.54988E-28  1.26769E-11 -2.63220E-02  1.0E-07
  1.700E+02  9.92404E-01  3.42005E-28  1.22132E-11 -2.60064E-02  1.0E-07
  1.705E+02  9.93143E-01  3.29687E-28  1.17733E-11 -2.56149E-02  1.0E-07
  1.710E+02  9.93844E-01  3.18031E-28  1.13571E-11 -2.51407E-02  1.0E-07
  1.715E+02  9.94508E-01  3.07031E-28  1.09643E-11 -2.45786E-02  1.0E-07
  1.720E+02  9.95134E-01  2.96682E-28  1.05947E-11 -2.39249E-02  1.0E-07
  1.725E+02  9.95722E-01  2.86977E-28  1.02481E-11 -2.31764E-02  1.0E-07
  1.730E+02  9.96273E-01  2.77913E-28  9.92447E-12 -2.23284E-02  1.0E-07
  1.735E+02  9.96786E-01  2.69488E-28  9.62358E-12 -2.13756E-02  1.0E-07
  1.740E+02  9.97261E-01  2.61700E-28  9.34547E-12 -2.03124E-02  1.0E-07
  1.745E+02  9.97698E-01  2.54548E-28  9.09007E-12 -1.91355E-02  1.0E-07
  1.750E+02  9.98097E-01  2.48029E-28  8.85729E-12 -1.78450E-02  1.0E-07
  1.755E+02  9.98459E-01  2.42140E-28  8.64698E-12 -1.64438E-02  1.0E-07
  1.760E+02  9.98782E-01  2.36875E-28  8.45895E-12 -1.49368E-02  1.0E-07
  1.765E+02  9.99067E-01  2.32231E-28  8.29310E-12 -1.33291E-02  1.0E-07
  1.770E+02  9.99315E-01  2.28206E-28  8.14938E-12 -1.16263E-02  1.0E-07
  1.775E+02  9.99524E-01  2.24803E-28  8.02787E-12 -9.83508E-03  1.0E-07
  1.780E+02  9.99695E-01  2.22023E-28  7.92860E-12 -7.96550E-03  1.0E-07
  1.785E+02  9.99829E-01  2.19867E-28  7.85160E-12 -6.03082E-03  1.0E-07
  1.790E+02  9.99924E-01  2.18332E-28  7.79678E-12 -4.04705E-03  1.0E-07
  1.795E+02  9.99981E-01  2.17413E-28  7.76396E-12 -2.03141E-03  1.0E-07
  1.800E+02  1.00000E+00  2.17110E-28  7.75314E-12 -2.85384E-17  1.0E-07
