

  **** PARTIAL WAVE ANALYSIS (DPWA0) ******************************************


  KINETIC ENERGY = 3.70000E+06 eV

      L       PHASE(SPIN UP)     PHASE(SPIN DOWN)
  -----------------------------------------------
       0      3.37635124E-01      0.00000000E+00
       1      2.96459702E-01      3.31398616E-01
       2      2.74150330E-01      2.93337068E-01
       3      2.58709366E-01      2.72068684E-01
       4      2.46873339E-01      2.57148250E-01
       5      2.37268782E-01      2.45624569E-01
       6      2.29184600E-01      2.36228265E-01
       7      2.22204001E-01      2.28292855E-01
       8      2.16061404E-01      2.21423851E-01
       9      2.10577042E-01      2.15368065E-01
      10      2.05623523E-01      2.09953165E-01
      11      2.01107256E-01      2.05056491E-01
      12      1.96957448E-01      2.00587605E-01
      13      1.93119248E-01      1.96477899E-01
      14      1.89549290E-01      1.92674081E-01
      15      1.86212692E-01      1.89133929E-01
      16      1.83080977E-01      1.85823419E-01
      17      1.80130593E-01      1.82714729E-01
      18      1.77341841E-01      1.79784820E-01
      19      1.74698075E-01      1.77014393E-01
      20      1.72185101E-01      1.74387125E-01
      21      1.69790721E-01      1.71889085E-01
      22      1.67504372E-01      1.69508285E-01
      23      1.65316848E-01      1.67234341E-01
      24      1.63220076E-01      1.65058193E-01
      25      1.61206937E-01      1.62971891E-01
      26      1.59271123E-01      1.60968421E-01
      27      1.57407015E-01      1.59041563E-01
      28      1.55609590E-01      1.57185776E-01
      29      1.53874336E-01      1.55396101E-01
      30      1.52197188E-01      1.53668084E-01
      31      1.50574467E-01      1.51997709E-01
      32      1.49002838E-01      1.50381342E-01
      33      1.47479262E-01      1.48815683E-01
      34      1.46000966E-01      1.47297730E-01
      35      1.44565414E-01      1.45824739E-01
      36      1.43170275E-01      1.44394198E-01
      37      1.41813407E-01      1.43003802E-01
      38      1.40492835E-01      1.41651431E-01
      39      1.39206735E-01      1.40335127E-01
      40      1.37953415E-01      1.39053083E-01
      41      1.36731309E-01      1.37803624E-01
      42      1.35538960E-01      1.36585198E-01
      43      1.34375011E-01      1.35396358E-01
      44      1.33238197E-01      1.34235761E-01
      45      1.32127337E-01      1.33102152E-01
      46      1.31041324E-01      1.31994359E-01
      47      1.29979124E-01      1.30911284E-01
      48      1.28939763E-01      1.29851901E-01
      49      1.27922330E-01      1.28815245E-01
      50      1.26925966E-01      1.27800409E-01
      51      1.25949860E-01      1.26806541E-01
      52      1.24993251E-01      1.25832837E-01
      53      1.24055418E-01      1.24878541E-01
      54      1.23135680E-01      1.23942936E-01
      55      1.22233394E-01      1.23025346E-01
      56      1.21347949E-01      1.22125132E-01
      57      1.20478766E-01      1.21241688E-01
      58      1.19625298E-01      1.20374438E-01
      59      1.18787022E-01      1.19522838E-01
      60      1.17963443E-01      1.18686369E-01
      61      1.17154090E-01      1.17864539E-01
      62      1.16358514E-01      1.17056879E-01
      63      1.15576286E-01      1.16262943E-01
      64      1.14806998E-01      1.15482305E-01
      65      1.14050261E-01      1.14714558E-01
      66      1.13305702E-01      1.13959317E-01
      67      1.12572966E-01      1.13216210E-01
      68      1.11851713E-01      1.12484884E-01
      69      1.11141616E-01      1.11765000E-01
      70      1.10442364E-01      1.11056234E-01
      71      1.09753657E-01      1.10358276E-01
      72      1.09075209E-01      1.09670828E-01
      73      1.08406745E-01      1.08993604E-01
      74      1.07748000E-01      1.08326332E-01
      75      1.07098720E-01      1.07668748E-01
      76      1.06458662E-01      1.07020599E-01
      77      1.05827590E-01      1.06381642E-01
      78      1.05205279E-01      1.05751644E-01
      79      1.04591512E-01      1.05130381E-01
      80      1.03986079E-01      1.04517635E-01
      81      1.03388778E-01      1.03913199E-01
      82      1.02799415E-01      1.03316870E-01
      83      1.02217802E-01      1.02728457E-01
      84      1.01643759E-01      1.02147771E-01
      85      1.01077109E-01      1.01574633E-01
      86      1.00517685E-01      1.01008869E-01
      87      9.99653234E-02      1.00450310E-01
      88      9.94198661E-02      9.98987933E-02
      89      9.88811609E-02      9.93541627E-02
      90      9.83490602E-02      9.88162661E-02
      91      9.78234213E-02      9.82849564E-02
      92      9.73041060E-02      9.77600916E-02
      93      9.67909804E-02      9.72415338E-02
      94      9.62839148E-02      9.67291498E-02
      95      9.57827836E-02      9.62228105E-02  i
      96      9.52874649E-02      9.57223905E-02  i
      97      9.47978405E-02      9.52277685E-02  i
      98      9.43137960E-02      9.47388269E-02  i
      99      9.38352199E-02      9.42554513E-02  i
     100      9.33620043E-02      9.37775309E-02  i
     105      9.10727676E-02      9.14660986E-02  i
     110      8.89030135E-02      8.92761469E-02  i
     115      8.68422451E-02      8.71969248E-02  i
     120      8.48812671E-02      8.52190248E-02  i
     125      8.30119773E-02      8.33341656E-02  i
     130      8.12271981E-02      8.15350178E-02  i
     135      7.95205399E-02      7.98150622E-02  i
     140      7.78862892E-02      7.81684736E-02  i
     145      7.63193158E-02      7.65900252E-02  i
     150      7.48149955E-02      7.50750089E-02  i
     155      7.33691460E-02      7.36191690E-02  i
     160      7.19779715E-02      7.22186453E-02  i
     165      7.06380175E-02      7.08699263E-02  i
     170      6.93461304E-02      6.95698083E-02  i
     175      6.80994244E-02      6.83153603E-02  i
     180      6.68952516E-02      6.71038950E-02  i
     185      6.57311776E-02      6.59329417E-02  i
     190      6.46049588E-02      6.48002250E-02  i
     195      6.35145236E-02      6.37036443E-02  i
     200      6.24579557E-02      6.26412571E-02  i
     205      6.14334790E-02      6.16112637E-02  i
     210      6.04394449E-02      6.06119938E-02  i
     215      5.94743203E-02      5.96418950E-02  i
     220      5.85366780E-02      5.86995221E-02  i
     225      5.76251869E-02      5.77835278E-02  i
     230      5.67386042E-02      5.68926541E-02  i
     235      5.58757680E-02      5.60257256E-02  i
     240      5.50355906E-02      5.51816419E-02  i
     245      5.42170527E-02      5.43593722E-02  i
     250      5.34191981E-02      5.35579495E-02  i
     255      5.26411287E-02      5.27764657E-02  i
     260      5.18820003E-02      5.20140676E-02  i
     265      5.11410183E-02      5.12699521E-02  i
     270      5.04174344E-02      5.05433630E-02  i
     275      4.97105431E-02      4.98335876E-02  i
     280      4.90196790E-02      4.91399535E-02  i
     285      4.83442134E-02      4.84618258E-02  i
     290      4.76835523E-02      4.77986046E-02  i
     295      4.70371340E-02      4.71497227E-02  i
     300      4.64044266E-02      4.65146431E-02  i
     310      4.51781566E-02      4.52838838E-02  i
     320      4.40010185E-02      4.41025681E-02  i
     330      4.28696580E-02      4.29673110E-02  i
     340      4.17810461E-02      4.18750568E-02  i
     350      4.07324408E-02      4.08230394E-02  i
     360      3.97213541E-02      3.98087498E-02  i
     370      3.87455233E-02      3.88299066E-02  i
     380      3.78028862E-02      3.78844308E-02  i
     390      3.68915595E-02      3.69704243E-02  i
     400      3.60098196E-02      3.60861500E-02  i
     410      3.51560858E-02      3.52300154E-02  i
     420      3.43289059E-02      3.44005575E-02  i
     430      3.35269430E-02      3.35964296E-02  i
     440      3.27489639E-02      3.28163901E-02  i
     450      3.19938293E-02      3.20592918E-02  i
     460      3.12604846E-02      3.13240727E-02  i
     470      3.05479515E-02      3.06097483E-02  i
     480      2.98553215E-02      2.99154042E-02  i
     490      2.91817488E-02      2.92401895E-02  i
     500      2.85264452E-02      2.85833109E-02  i
     510      2.78886745E-02      2.79440279E-02  i
     520      2.72677482E-02      2.73216480E-02  i
     530      2.66630211E-02      2.67155223E-02  i
     540      2.60738878E-02      2.61250422E-02  i
     550      2.54997794E-02      2.55496355E-02  i
     560      2.49401601E-02      2.49887638E-02  i
     570      2.43945250E-02      2.44419194E-02  i
     580      2.38623971E-02      2.39086232E-02  i
     590      2.33433256E-02      2.33884219E-02  i
     600      2.28368835E-02      2.28808866E-02  i
     620      2.18602881E-02      2.19022074E-02  i
     640      2.09296078E-02      2.09695690E-02  i
     660      2.00421208E-02      2.00802381E-02  i
     680      1.91953485E-02      1.92317262E-02  i
     700      1.83870232E-02      1.84217568E-02  i
     720      1.76150610E-02      1.76482385E-02  i
     740      1.68775399E-02      1.69092427E-02  i
     760      1.61726802E-02      1.62029837E-02  i
     780      1.54988288E-02      1.55278032E-02  i
     800      1.48544453E-02      1.48821560E-02  i
     820      1.42380903E-02      1.42645985E-02  i
     840      1.36484155E-02      1.36737788E-02  i
     860      1.30841550E-02      1.31084273E-02  i
     880      1.25441177E-02      1.25673498E-02  i
     900      1.20271809E-02      1.20494209E-02  i
     920      1.15322848E-02      1.15535780E-02  i
     940      1.10584271E-02      1.10788162E-02  i
     960      1.06046586E-02      1.06241844E-02  i
     980      1.01700798E-02      1.01887808E-02  i
    1000      9.75383695E-03      9.77174977E-03  i
    1020      9.35511902E-03      9.37227839E-03  i
    1040      8.97315499E-03      8.98959398E-03  i
    1060      8.60721125E-03      8.62296136E-03  i
    1080      8.25658938E-03      8.27168056E-03  i
    1100      7.92062396E-03      7.93508478E-03  i
    1120      7.59868074E-03      7.61253845E-03  i
    1140      7.29015489E-03      7.30343545E-03  i
    1160      6.99446933E-03      7.00719754E-03  i
    1180      6.71107330E-03      6.72327282E-03  i
    1200      6.43944096E-03      6.45113438E-03  i
    1250      5.80858540E-03      5.81910593E-03  i
    1300      5.24091965E-03      5.25038781E-03  i
    1350      4.72996283E-03      4.73848636E-03  i
    1400      4.26991982E-03      4.27759509E-03  i
    1450      3.85560420E-03      3.86251748E-03  i
    1500      3.48237116E-03      3.48859976E-03  i
    1550      3.14605872E-03      3.15167191E-03  i
    1600      2.84293584E-03      2.84799574E-03  i
    1650      2.56965653E-03      2.57421885E-03  i
    1700      2.32321918E-03      2.32733391E-03  i
    1750      2.10093024E-03      2.10464224E-03  i
    1800      1.90037201E-03      1.90372156E-03  i
    1850      1.71937382E-03      1.72239708E-03  i
    1900      1.55598630E-03      1.55871575E-03  i
    1950      1.40845837E-03      1.41092319E-03  i
    2000      1.27521674E-03      1.27744316E-03  i
    2050      1.15484750E-03      1.15685908E-03  i
    2100      1.04607965E-03      1.04789758E-03  i
    2150      9.47770404E-04      9.49413734E-04  i
    2200      8.58891976E-04      8.60377845E-04  i
    2250      7.78519798E-04      7.79863624E-04  i
    2300      7.05821933E-04      7.07037593E-04  i
    2350      6.40049612E-04      6.41149595E-04  i
    2400      5.80528740E-04      5.81524292E-04  i
    2450      5.26652295E-04      5.27553544E-04  i
    2500      4.77873510E-04      4.78689580E-04  i
    2550      4.33699764E-04      4.34438877E-04  i
    2600      3.93687101E-04      3.94356668E-04  i
    2650      3.57435321E-04      3.58042022E-04  i
    2700      3.24583564E-04      3.25133424E-04  i
    2750      2.94806375E-04      2.95304829E-04  i
    2800      2.67810109E-04      2.68262060E-04  i
    2850      2.43329806E-04      2.43739680E-04  i
    2900      2.21126294E-04      2.21498087E-04  i
    2950      2.00983636E-04      2.01320954E-04  i
    3000      1.82706817E-04      1.83012921E-04  i
    3100      1.51063011E-04      1.51315233E-04  i
    3200      1.24979461E-04      1.25187445E-04  i
    3300      1.03462915E-04      1.03634548E-04  i
    3400      8.57007925E-05      8.58425280E-05  i
    3500      7.10277331E-05      7.11448602E-05  i
    3600      5.88983328E-05      5.89951873E-05  i
    3700      4.88651818E-05      4.89453233E-05  i
    3800      4.05608521E-05      4.06272048E-05  i
    3900      3.36833864E-05      3.37383542E-05  i
    4000      2.79844013E-05      2.80299630E-05  i
    4100      2.32593883E-05      2.32971736E-05  i
    4200      1.93398758E-05      1.93712275E-05  i
    4300      1.60869463E-05      1.61129724E-05  i
    4400      1.33859714E-05      1.34075865E-05  i
    4500      1.11422835E-05      1.11602430E-05  i
    4600      9.27767193E-06      9.29260034E-06  i
    4700      7.72746675E-06      7.73988047E-06  i
    4800      6.43815495E-06      6.44848144E-06  i
    4900      5.36544073E-06      5.37403389E-06  i
    5000      4.47262356E-06      4.47977696E-06  i
    5100      3.72929303E-06      3.73524960E-06  i
    5200      3.11022422E-06      3.11518574E-06  i
    5300      2.59449430E-06      2.59862832E-06  i
    5400      2.16473120E-06      2.16817651E-06  i
    5500      1.80651198E-06      1.80938423E-06  i
    5600      1.50785168E-06      1.51024667E-06  i
    5700      1.25878554E-06      1.26078304E-06  i
    5800      1.05103529E-06      1.05270157E-06  i
    5900      8.77709636E-07      8.79099987E-07  i
    6000      7.33073896E-07      7.34234161E-07  i
    6100      6.12334760E-07      6.13303310E-07  i
    6200      5.11563703E-07      5.12372170E-07  i
    6300      4.27421334E-07      4.28096509E-07  i
    6400      3.57194844E-07      3.57758766E-07  i
    6500      2.98476463E-07      2.98947334E-07  i
    6600      2.49464035E-07      2.49857338E-07  i
    6700      2.08518885E-07      2.08847567E-07  i
    6800      1.74296212E-07      1.74570878E-07  i
    6900      1.45709767E-07      1.45939273E-07  i
    7000      1.21819910E-07      1.22011722E-07  i
    7100      1.01853092E-07      1.02013354E-07  i
    7200      8.51632792E-08      8.52973491E-08  i
    7300      7.11914550E-08      7.13034720E-08  i
    7400      5.95269275E-08      5.96204443E-08  i
    7500      4.97741965E-08      4.98525989E-08  i
    7600      4.16191828E-08      4.16846955E-08  i
    7700      3.47994719E-08      3.48541654E-08  i
    7800      2.90691670E-08      2.91150617E-08  i
    7900      2.42987738E-08      2.43371309E-08  i
    8000      2.03085590E-08      2.03406199E-08  i
    8100      1.69706168E-08      1.69974225E-08  i
    8200      1.41778659E-08      1.42002866E-08  i
    8300      1.18414335E-08      1.18601905E-08  i
    8400      9.84552238E-09      9.86144101E-09  i
    8500      8.20809230E-09      8.22139921E-09  i
    8600      6.83794455E-09      6.84898435E-09  i
    8700      5.69018440E-09      5.69937073E-09  i
    8800      4.72810800E-09      4.73602535E-09  i
    8900      3.92267756E-09      3.92931265E-09  i
    9000      3.24696979E-09      3.25259572E-09  i
    9100      2.67935128E-09      2.68409548E-09  i
    9200      2.12750840E-09      2.13127460E-09  i
    9300      1.71997348E-09      1.72293612E-09  i
    9400      1.37489544E-09      1.37827100E-09  i
    9500      1.08164173E-09      1.08397372E-09  i


  *** SCATTERING AMPLITUDES AND DIFFERENTIAL CROSS SECTION ***

    ANGLE      DCS       ASYMMETRY    DIRECT AMPLITUDE       SPIN-FLIP AMPLITUDE     ERROR
    (deg)   (cm**2/sr)                      (cm)                    (cm)
  -------------------------------------------------------------------------------------------
  0.000E+00 3.30591E-14  0.000E+00 ( 1.818E-07, 4.463E-09) ( 0.000E+00, 0.000E+00)  1.00E-07
  1.000E-04 3.30590E-14  0.000E+00 ( 1.818E-07, 4.463E-09) ( 1.394E-13, 3.422E-15)  1.00E-07
  1.250E-04 3.30590E-14  0.000E+00 ( 1.818E-07, 4.463E-09) ( 1.742E-13, 4.278E-15)  1.00E-07
  1.500E-04 3.30589E-14  0.000E+00 ( 1.818E-07, 4.463E-09) ( 2.091E-13, 5.133E-15)  1.00E-07
  1.750E-04 3.30589E-14  0.000E+00 ( 1.818E-07, 4.463E-09) ( 2.439E-13, 5.989E-15)  1.00E-07
  2.000E-04 3.30588E-14  0.000E+00 ( 1.818E-07, 4.463E-09) ( 2.787E-13, 6.844E-15)  1.00E-07
  2.250E-04 3.30587E-14  0.000E+00 ( 1.818E-07, 4.463E-09) ( 3.136E-13, 7.700E-15)  1.00E-07
  2.500E-04 3.30587E-14  0.000E+00 ( 1.818E-07, 4.463E-09) ( 3.484E-13, 8.555E-15)  1.00E-07
  2.750E-04 3.30586E-14  0.000E+00 ( 1.818E-07, 4.463E-09) ( 3.833E-13, 9.411E-15)  1.00E-07
  3.000E-04 3.30585E-14  0.000E+00 ( 1.818E-07, 4.463E-09) ( 4.181E-13, 1.027E-14)  1.00E-07
  3.250E-04 3.30583E-14  0.000E+00 ( 1.818E-07, 4.463E-09) ( 4.530E-13, 1.112E-14)  1.00E-07
  3.500E-04 3.30582E-14  0.000E+00 ( 1.818E-07, 4.463E-09) ( 4.878E-13, 1.198E-14)  1.00E-07
  3.750E-04 3.30581E-14  0.000E+00 ( 1.818E-07, 4.463E-09) ( 5.226E-13, 1.283E-14)  1.00E-07
  4.000E-04 3.30580E-14  0.000E+00 ( 1.818E-07, 4.463E-09) ( 5.575E-13, 1.369E-14)  1.00E-07
  4.250E-04 3.30578E-14  0.000E+00 ( 1.818E-07, 4.463E-09) ( 5.923E-13, 1.454E-14)  1.00E-07
  4.500E-04 3.30577E-14  0.000E+00 ( 1.818E-07, 4.463E-09) ( 6.272E-13, 1.540E-14)  1.00E-07
  4.750E-04 3.30575E-14  0.000E+00 ( 1.818E-07, 4.463E-09) ( 6.620E-13, 1.625E-14)  1.00E-07
  5.000E-04 3.30573E-14  0.000E+00 ( 1.818E-07, 4.463E-09) ( 6.968E-13, 1.711E-14)  1.00E-07
  5.250E-04 3.30571E-14  0.000E+00 ( 1.818E-07, 4.463E-09) ( 7.317E-13, 1.797E-14)  1.00E-07
  5.500E-04 3.30569E-14  0.000E+00 ( 1.818E-07, 4.463E-09) ( 7.665E-13, 1.882E-14)  1.00E-07
  5.750E-04 3.30567E-14  0.000E+00 ( 1.818E-07, 4.463E-09) ( 8.014E-13, 1.968E-14)  1.00E-07
  6.000E-04 3.30565E-14  0.000E+00 ( 1.818E-07, 4.463E-09) ( 8.362E-13, 2.053E-14)  1.00E-07
  6.250E-04 3.30563E-14  0.000E+00 ( 1.818E-07, 4.463E-09) ( 8.710E-13, 2.139E-14)  1.00E-07
  6.500E-04 3.30561E-14  0.000E+00 ( 1.818E-07, 4.463E-09) ( 9.059E-13, 2.224E-14)  1.00E-07
  6.750E-04 3.30558E-14  0.000E+00 ( 1.818E-07, 4.463E-09) ( 9.407E-13, 2.310E-14)  1.00E-07
  7.000E-04 3.30556E-14  0.000E+00 ( 1.818E-07, 4.463E-09) ( 9.756E-13, 2.395E-14)  1.00E-07
  7.250E-04 3.30553E-14  0.000E+00 ( 1.818E-07, 4.463E-09) ( 1.010E-12, 2.481E-14)  1.00E-07
  7.500E-04 3.30551E-14  0.000E+00 ( 1.818E-07, 4.463E-09) ( 1.045E-12, 2.566E-14)  1.00E-07
  7.750E-04 3.30548E-14  0.000E+00 ( 1.818E-07, 4.463E-09) ( 1.080E-12, 2.652E-14)  1.00E-07
  8.000E-04 3.30545E-14  0.000E+00 ( 1.818E-07, 4.463E-09) ( 1.115E-12, 2.738E-14)  1.00E-07
  8.250E-04 3.30542E-14  0.000E+00 ( 1.818E-07, 4.463E-09) ( 1.150E-12, 2.823E-14)  1.00E-07
  8.500E-04 3.30539E-14  0.000E+00 ( 1.818E-07, 4.463E-09) ( 1.185E-12, 2.909E-14)  1.00E-07
  8.750E-04 3.30536E-14  0.000E+00 ( 1.818E-07, 4.463E-09) ( 1.219E-12, 2.994E-14)  1.00E-07
  9.000E-04 3.30533E-14  0.000E+00 ( 1.818E-07, 4.463E-09) ( 1.254E-12, 3.080E-14)  1.00E-07
  9.250E-04 3.30530E-14  0.000E+00 ( 1.817E-07, 4.463E-09) ( 1.289E-12, 3.165E-14)  1.00E-07
  9.500E-04 3.30526E-14  0.000E+00 ( 1.817E-07, 4.463E-09) ( 1.324E-12, 3.251E-14)  1.00E-07
  9.750E-04 3.30523E-14  0.000E+00 ( 1.817E-07, 4.463E-09) ( 1.359E-12, 3.336E-14)  1.00E-07
  1.000E-03 3.30519E-14  0.000E+00 ( 1.817E-07, 4.463E-09) ( 1.394E-12, 3.422E-14)  1.00E-07
  1.250E-03 3.30479E-14  0.000E+00 ( 1.817E-07, 4.463E-09) ( 1.742E-12, 4.277E-14)  1.00E-07
  1.500E-03 3.30430E-14  0.000E+00 ( 1.817E-07, 4.463E-09) ( 2.090E-12, 5.133E-14)  1.00E-07
  1.750E-03 3.30372E-14  0.000E+00 ( 1.817E-07, 4.463E-09) ( 2.438E-12, 5.988E-14)  1.00E-07
  2.000E-03 3.30305E-14  0.000E+00 ( 1.817E-07, 4.462E-09) ( 2.786E-12, 6.843E-14)  1.00E-07
  2.250E-03 3.30229E-14  0.000E+00 ( 1.817E-07, 4.462E-09) ( 3.134E-12, 7.699E-14)  1.00E-07
  2.500E-03 3.30144E-14  0.000E+00 ( 1.816E-07, 4.462E-09) ( 3.482E-12, 8.554E-14)  1.00E-07
  2.750E-03 3.30050E-14  0.000E+00 ( 1.816E-07, 4.462E-09) ( 3.830E-12, 9.409E-14)  1.00E-07
  3.000E-03 3.29948E-14  0.000E+00 ( 1.816E-07, 4.462E-09) ( 4.177E-12, 1.026E-13)  1.00E-07
  3.250E-03 3.29836E-14  0.000E+00 ( 1.816E-07, 4.462E-09) ( 4.524E-12, 1.112E-13)  1.00E-07
  3.500E-03 3.29716E-14  0.000E+00 ( 1.815E-07, 4.462E-09) ( 4.872E-12, 1.197E-13)  1.00E-07
  3.750E-03 3.29587E-14  0.000E+00 ( 1.815E-07, 4.462E-09) ( 5.219E-12, 1.283E-13)  1.00E-07
  4.000E-03 3.29449E-14  0.000E+00 ( 1.815E-07, 4.461E-09) ( 5.565E-12, 1.368E-13)  1.00E-07
  4.250E-03 3.29302E-14  0.000E+00 ( 1.814E-07, 4.461E-09) ( 5.912E-12, 1.454E-13)  1.00E-07
  4.500E-03 3.29146E-14  0.000E+00 ( 1.814E-07, 4.461E-09) ( 6.258E-12, 1.539E-13)  1.00E-07
  4.750E-03 3.28982E-14  0.000E+00 ( 1.813E-07, 4.461E-09) ( 6.604E-12, 1.625E-13)  1.00E-07
  5.000E-03 3.28808E-14  0.000E+00 ( 1.813E-07, 4.461E-09) ( 6.950E-12, 1.710E-13)  1.00E-07
  5.250E-03 3.28626E-14  0.000E+00 ( 1.812E-07, 4.460E-09) ( 7.295E-12, 1.796E-13)  1.00E-07
  5.500E-03 3.28436E-14  0.000E+00 ( 1.812E-07, 4.460E-09) ( 7.640E-12, 1.881E-13)  1.00E-07
  5.750E-03 3.28236E-14  0.000E+00 ( 1.811E-07, 4.460E-09) ( 7.985E-12, 1.966E-13)  1.00E-07
  6.000E-03 3.28028E-14  0.000E+00 ( 1.811E-07, 4.460E-09) ( 8.330E-12, 2.052E-13)  1.00E-07
  6.250E-03 3.27812E-14  0.000E+00 ( 1.810E-07, 4.459E-09) ( 8.674E-12, 2.137E-13)  1.00E-07
  6.500E-03 3.27587E-14  0.000E+00 ( 1.809E-07, 4.459E-09) ( 9.018E-12, 2.222E-13)  1.00E-07
  6.750E-03 3.27353E-14  0.000E+00 ( 1.809E-07, 4.459E-09) ( 9.361E-12, 2.308E-13)  1.00E-07
  7.000E-03 3.27110E-14  0.000E+00 ( 1.808E-07, 4.458E-09) ( 9.705E-12, 2.393E-13)  1.00E-07
  7.250E-03 3.26859E-14  0.000E+00 ( 1.807E-07, 4.458E-09) ( 1.005E-11, 2.478E-13)  1.00E-07
  7.500E-03 3.26600E-14  0.000E+00 ( 1.807E-07, 4.458E-09) ( 1.039E-11, 2.564E-13)  1.00E-07
  7.750E-03 3.26332E-14  0.000E+00 ( 1.806E-07, 4.457E-09) ( 1.073E-11, 2.649E-13)  1.00E-07
  8.000E-03 3.26055E-14  0.000E+00 ( 1.805E-07, 4.457E-09) ( 1.107E-11, 2.734E-13)  1.00E-07
  8.250E-03 3.25770E-14  0.000E+00 ( 1.804E-07, 4.457E-09) ( 1.141E-11, 2.819E-13)  1.00E-07
  8.500E-03 3.25477E-14  0.000E+00 ( 1.804E-07, 4.456E-09) ( 1.175E-11, 2.904E-13)  1.00E-07
  8.750E-03 3.25175E-14  0.000E+00 ( 1.803E-07, 4.456E-09) ( 1.209E-11, 2.990E-13)  1.00E-07
  9.000E-03 3.24865E-14  0.000E+00 ( 1.802E-07, 4.455E-09) ( 1.243E-11, 3.075E-13)  1.00E-07
  9.250E-03 3.24547E-14  0.000E+00 ( 1.801E-07, 4.455E-09) ( 1.277E-11, 3.160E-13)  1.00E-07
  9.500E-03 3.24221E-14  0.000E+00 ( 1.800E-07, 4.454E-09) ( 1.311E-11, 3.245E-13)  1.00E-07
  9.750E-03 3.23886E-14  0.000E+00 ( 1.799E-07, 4.454E-09) ( 1.345E-11, 3.330E-13)  1.00E-07
  1.000E-02 3.23543E-14  0.000E+00 ( 1.798E-07, 4.454E-09) ( 1.379E-11, 3.415E-13)  1.00E-07
  1.250E-02 3.19673E-14  0.000E+00 ( 1.787E-07, 4.448E-09) ( 1.713E-11, 4.264E-13)  1.00E-07
  1.500E-02 3.15033E-14  0.000E+00 ( 1.774E-07, 4.442E-09) ( 2.041E-11, 5.109E-13)  1.00E-07
  1.750E-02 3.09674E-14  0.000E+00 ( 1.759E-07, 4.435E-09) ( 2.361E-11, 5.951E-13)  1.00E-07
  2.000E-02 3.03651E-14  0.000E+00 ( 1.742E-07, 4.426E-09) ( 2.671E-11, 6.788E-13)  1.00E-07
  2.250E-02 2.97028E-14  0.000E+00 ( 1.723E-07, 4.416E-09) ( 2.972E-11, 7.619E-13)  1.00E-07
  2.500E-02 2.89868E-14  0.000E+00 ( 1.702E-07, 4.406E-09) ( 3.263E-11, 8.445E-13)  1.00E-07
  2.750E-02 2.82239E-14  0.000E+00 ( 1.679E-07, 4.394E-09) ( 3.541E-11, 9.265E-13)  1.00E-07
  3.000E-02 2.74211E-14  0.000E+00 ( 1.655E-07, 4.381E-09) ( 3.808E-11, 1.008E-12)  1.00E-07
  3.250E-02 2.65852E-14  0.000E+00 ( 1.630E-07, 4.367E-09) ( 4.062E-11, 1.088E-12)  1.00E-07
  3.500E-02 2.57229E-14  0.000E+00 ( 1.603E-07, 4.352E-09) ( 4.303E-11, 1.168E-12)  1.00E-07
  3.750E-02 2.48407E-14  0.000E+00 ( 1.575E-07, 4.336E-09) ( 4.530E-11, 1.247E-12)  1.00E-07
  4.000E-02 2.39450E-14  0.000E+00 ( 1.547E-07, 4.319E-09) ( 4.744E-11, 1.325E-12)  1.00E-07
  4.250E-02 2.30414E-14  0.000E+00 ( 1.517E-07, 4.302E-09) ( 4.945E-11, 1.402E-12)  1.00E-07
  4.500E-02 2.21356E-14  0.000E+00 ( 1.487E-07, 4.283E-09) ( 5.131E-11, 1.478E-12)  1.00E-07
  4.750E-02 2.12325E-14  0.000E+00 ( 1.457E-07, 4.263E-09) ( 5.305E-11, 1.553E-12)  1.00E-07
  5.000E-02 2.03366E-14  0.000E+00 ( 1.425E-07, 4.243E-09) ( 5.465E-11, 1.627E-12)  1.00E-07
  5.250E-02 1.94519E-14  0.000E+00 ( 1.394E-07, 4.222E-09) ( 5.612E-11, 1.700E-12)  1.00E-07
  5.500E-02 1.85821E-14  0.000E+00 ( 1.363E-07, 4.200E-09) ( 5.746E-11, 1.771E-12)  1.00E-07
  5.750E-02 1.77301E-14  0.000E+00 ( 1.331E-07, 4.177E-09) ( 5.868E-11, 1.842E-12)  1.00E-07
  6.000E-02 1.68987E-14  0.000E+00 ( 1.299E-07, 4.154E-09) ( 5.978E-11, 1.911E-12)  1.00E-07
  6.250E-02 1.60899E-14  0.000E+00 ( 1.268E-07, 4.129E-09) ( 6.076E-11, 1.979E-12)  1.00E-07
  6.500E-02 1.53055E-14  0.000E+00 ( 1.236E-07, 4.104E-09) ( 6.163E-11, 2.046E-12)  1.00E-07
  6.750E-02 1.45470E-14  0.000E+00 ( 1.205E-07, 4.079E-09) ( 6.239E-11, 2.111E-12)  1.00E-07
  7.000E-02 1.38153E-14  0.000E+00 ( 1.175E-07, 4.053E-09) ( 6.305E-11, 2.175E-12)  1.00E-07
  7.250E-02 1.31111E-14  0.000E+00 ( 1.144E-07, 4.026E-09) ( 6.361E-11, 2.238E-12)  1.00E-07
  7.500E-02 1.24349E-14  0.000E+00 ( 1.114E-07, 3.999E-09) ( 6.409E-11, 2.300E-12)  1.00E-07
  7.750E-02 1.17869E-14  0.000E+00 ( 1.085E-07, 3.971E-09) ( 6.447E-11, 2.360E-12)  1.00E-07
  8.000E-02 1.11669E-14  0.000E+00 ( 1.056E-07, 3.943E-09) ( 6.478E-11, 2.419E-12)  1.00E-07
  8.250E-02 1.05749E-14  0.000E+00 ( 1.028E-07, 3.914E-09) ( 6.500E-11, 2.476E-12)  1.00E-07
  8.500E-02 1.00104E-14  0.000E+00 ( 9.998E-08, 3.885E-09) ( 6.516E-11, 2.532E-12)  1.00E-07
  8.750E-02 9.47279E-15  0.000E+00 ( 9.725E-08, 3.855E-09) ( 6.525E-11, 2.587E-12)  1.00E-07
  9.000E-02 8.96156E-15  0.000E+00 ( 9.459E-08, 3.826E-09) ( 6.527E-11, 2.640E-12)  1.00E-07
  9.250E-02 8.47594E-15  0.000E+00 ( 9.199E-08, 3.795E-09) ( 6.524E-11, 2.692E-12)  1.00E-07
  9.500E-02 8.01513E-15  0.000E+00 ( 8.945E-08, 3.765E-09) ( 6.516E-11, 2.743E-12)  1.00E-07
  9.750E-02 7.57829E-15  0.000E+00 ( 8.697E-08, 3.734E-09) ( 6.502E-11, 2.792E-12)  1.00E-07
  1.000E-01 7.16452E-15  0.000E+00 ( 8.456E-08, 3.703E-09) ( 6.484E-11, 2.840E-12)  1.00E-07
  1.250E-01 4.09398E-15  0.000E+00 ( 6.389E-08, 3.386E-09) ( 6.124E-11, 3.245E-12)  1.00E-07
  1.500E-01 2.38708E-15  0.000E+00 ( 4.876E-08, 3.070E-09) ( 5.608E-11, 3.531E-12)  1.00E-07
  1.750E-01 1.44003E-15  0.000E+00 ( 3.785E-08, 2.770E-09) ( 5.078E-11, 3.717E-12)  1.00E-07
  2.000E-01 9.03572E-16  0.000E+00 ( 2.996E-08, 2.496E-09) ( 4.594E-11, 3.828E-12)  1.00E-07
  2.250E-01 5.89986E-16  0.000E+00 ( 2.419E-08, 2.250E-09) ( 4.173E-11, 3.882E-12)  1.00E-07
  2.500E-01 4.00021E-16  0.000E+00 ( 1.990E-08, 2.033E-09) ( 3.814E-11, 3.898E-12)  1.00E-07
  2.750E-01 2.80688E-16  0.000E+00 ( 1.665E-08, 1.843E-09) ( 3.511E-11, 3.887E-12)  1.00E-07
  3.000E-01 2.03055E-16  0.000E+00 ( 1.415E-08, 1.678E-09) ( 3.255E-11, 3.859E-12)  1.00E-07
  3.250E-01 1.50876E-16  0.000E+00 ( 1.219E-08, 1.533E-09) ( 3.037E-11, 3.820E-12)  1.00E-07
  3.500E-01 1.14744E-16  0.000E+00 ( 1.062E-08, 1.406E-09) ( 2.850E-11, 3.774E-12)  1.00E-07
  3.750E-01 8.90412E-17  0.000E+00 ( 9.347E-09, 1.295E-09) ( 2.688E-11, 3.725E-12)  1.00E-07
  4.000E-01 7.03128E-17  0.000E+00 ( 8.299E-09, 1.198E-09) ( 2.546E-11, 3.673E-12)  1.00E-07
  4.250E-01 5.63717E-17  0.000E+00 ( 7.425E-09, 1.111E-09) ( 2.420E-11, 3.622E-12)  1.00E-07
  4.500E-01 4.57957E-17  0.000E+00 ( 6.688E-09, 1.035E-09) ( 2.308E-11, 3.570E-12)  1.00E-07
  4.750E-01 3.76368E-17  0.000E+00 ( 6.058E-09, 9.661E-10) ( 2.207E-11, 3.519E-12)  1.00E-07
  5.000E-01 3.12485E-17  0.000E+00 ( 5.516E-09, 9.047E-10) ( 2.115E-11, 3.469E-12)  1.00E-07
  5.250E-01 2.61800E-17  0.000E+00 ( 5.046E-09, 8.494E-10) ( 2.031E-11, 3.420E-12)  1.00E-07
  5.500E-01 2.21112E-17  0.000E+00 ( 4.634E-09, 7.994E-10) ( 1.954E-11, 3.371E-12)  1.00E-07
  5.750E-01 1.88104E-17  0.000E+00 ( 4.271E-09, 7.539E-10) ( 1.883E-11, 3.324E-12)  1.00E-07
  6.000E-01 1.61074E-17  0.000E+00 ( 3.950E-09, 7.125E-10) ( 1.817E-11, 3.278E-12)  1.00E-07
  6.250E-01 1.38751E-17  0.000E+00 ( 3.663E-09, 6.746E-10) ( 1.756E-11, 3.233E-12)  1.00E-07
  6.500E-01 1.20172E-17  0.000E+00 ( 3.407E-09, 6.398E-10) ( 1.698E-11, 3.189E-12)  1.00E-07
  6.750E-01 1.04603E-17  0.000E+00 ( 3.177E-09, 6.078E-10) ( 1.644E-11, 3.146E-12)  1.00E-07
  7.000E-01 9.14711E-18  0.000E+00 ( 2.969E-09, 5.782E-10) ( 1.593E-11, 3.104E-12)  1.00E-07
  7.250E-01 8.03307E-18  0.000E+00 ( 2.780E-09, 5.509E-10) ( 1.546E-11, 3.063E-12)  1.00E-07
  7.500E-01 7.08284E-18  0.000E+00 ( 2.609E-09, 5.255E-10) ( 1.500E-11, 3.022E-12)  1.00E-07
  7.750E-01 6.26829E-18  0.000E+00 ( 2.453E-09, 5.019E-10) ( 1.458E-11, 2.983E-12)  1.10E-07
  8.000E-01 5.56680E-18  0.000E+00 ( 2.310E-09, 4.799E-10) ( 1.417E-11, 2.944E-12)  1.00E-07
  8.250E-01 4.96006E-18  0.000E+00 ( 2.179E-09, 4.594E-10) ( 1.379E-11, 2.906E-12)  1.00E-07
  8.500E-01 4.43314E-18  0.000E+00 ( 2.059E-09, 4.402E-10) ( 1.342E-11, 2.869E-12)  1.25E-07
  8.750E-01 3.97381E-18  0.000E+00 ( 1.948E-09, 4.222E-10) ( 1.307E-11, 2.833E-12)  1.00E-07
  9.000E-01 3.57194E-18  0.000E+00 ( 1.846E-09, 4.054E-10) ( 1.274E-11, 2.798E-12)  1.00E-07
  9.250E-01 3.21918E-18  0.000E+00 ( 1.751E-09, 3.895E-10) ( 1.242E-11, 2.763E-12)  1.40E-07
  9.500E-01 2.90852E-18  0.000E+00 ( 1.664E-09, 3.746E-10) ( 1.212E-11, 2.729E-12)  1.00E-07
  9.750E-01 2.63411E-18  0.000E+00 ( 1.582E-09, 3.606E-10) ( 1.183E-11, 2.696E-12)  1.00E-07
  1.000E+00 2.39102E-18  0.000E+00 ( 1.507E-09, 3.473E-10) ( 1.155E-11, 2.663E-12)  1.00E-07
  1.100E+00 1.65738E-18  0.000E+00 ( 1.252E-09, 3.012E-10) ( 1.056E-11, 2.541E-12)  1.00E-07
  1.200E+00 1.18311E-18  0.000E+00 ( 1.055E-09, 2.638E-10) ( 9.710E-12, 2.428E-12)  1.00E-07
  1.300E+00 8.66063E-19  0.000E+00 ( 9.009E-10, 2.332E-10) ( 8.981E-12, 2.324E-12)  1.00E-07
  1.400E+00 6.47924E-19  0.000E+00 ( 7.776E-10, 2.076E-10) ( 8.349E-12, 2.229E-12)  1.00E-07
  1.500E+00 4.94034E-19  0.000E+00 ( 6.777E-10, 1.862E-10) ( 7.796E-12, 2.142E-12)  1.00E-07
  1.600E+00 3.83058E-19  0.000E+00 ( 5.956E-10, 1.680E-10) ( 7.309E-12, 2.061E-12)  1.00E-07
  1.700E+00 3.01457E-19  0.000E+00 ( 5.274E-10, 1.524E-10) ( 6.877E-12, 1.986E-12)  1.00E-07
  1.800E+00 2.40408E-19  0.000E+00 ( 4.702E-10, 1.389E-10) ( 6.491E-12, 1.917E-12)  1.00E-07
  1.900E+00 1.94019E-19  0.000E+00 ( 4.217E-10, 1.272E-10) ( 6.145E-12, 1.853E-12)  1.00E-07
  2.000E+00 1.58272E-19  0.000E+00 ( 3.802E-10, 1.169E-10) ( 5.832E-12, 1.793E-12)  1.00E-07
  2.100E+00 1.30376E-19  0.000E+00 ( 3.445E-10, 1.079E-10) ( 5.549E-12, 1.737E-12)  1.00E-07
  2.200E+00 1.08353E-19  0.000E+00 ( 3.136E-10, 9.986E-11) ( 5.292E-12, 1.685E-12)  1.00E-07
  2.300E+00 9.07834E-20  0.000E+00 ( 2.866E-10, 9.274E-11) ( 5.056E-12, 1.636E-12)  1.00E-07
  2.400E+00 7.66302E-20  0.000E+00 ( 2.630E-10, 8.638E-11) ( 4.840E-12, 1.590E-12)  1.00E-07
  2.500E+00 6.51278E-20  0.000E+00 ( 2.421E-10, 8.066E-11) ( 4.642E-12, 1.547E-12)  1.00E-07
  2.600E+00 5.57027E-20  0.000E+00 ( 2.236E-10, 7.552E-11) ( 4.458E-12, 1.506E-12)  1.00E-07
  2.700E+00 4.79212E-20  0.000E+00 ( 2.071E-10, 7.086E-11) ( 4.289E-12, 1.467E-12)  1.00E-07
  2.800E+00 4.14514E-20  0.000E+00 ( 1.923E-10, 6.663E-11) ( 4.131E-12, 1.431E-12)  1.00E-07
  2.900E+00 3.60369E-20  0.000E+00 ( 1.791E-10, 6.278E-11) ( 3.984E-12, 1.397E-12)  1.00E-07
  3.000E+00 3.14779E-20  0.000E+00 ( 1.672E-10, 5.927E-11) ( 3.847E-12, 1.364E-12)  1.00E-07
  3.100E+00 2.76172E-20  0.000E+00 ( 1.564E-10, 5.605E-11) ( 3.719E-12, 1.333E-12)  1.00E-07
  3.200E+00 2.43305E-20  0.000E+00 ( 1.466E-10, 5.309E-11) ( 3.599E-12, 1.303E-12)  1.00E-07
  3.300E+00 2.15184E-20  0.000E+00 ( 1.377E-10, 5.037E-11) ( 3.486E-12, 1.275E-12)  1.00E-07
  3.400E+00 1.91010E-20  0.000E+00 ( 1.296E-10, 4.786E-11) ( 3.380E-12, 1.248E-12)  1.00E-07
  3.500E+00 1.70137E-20  0.000E+00 ( 1.222E-10, 4.554E-11) ( 3.281E-12, 1.223E-12)  1.00E-07
  3.600E+00 1.52039E-20  0.000E+00 ( 1.154E-10, 4.338E-11) ( 3.186E-12, 1.198E-12)  1.00E-07
  3.700E+00 1.36284E-20  0.000E+00 ( 1.091E-10, 4.139E-11) ( 3.097E-12, 1.175E-12)  1.00E-07
  3.800E+00 1.22518E-20  0.000E+00 ( 1.033E-10, 3.952E-11) ( 3.013E-12, 1.152E-12)  1.00E-07
  3.900E+00 1.10447E-20  0.000E+00 ( 9.801E-11, 3.779E-11) ( 2.933E-12, 1.131E-12)  1.00E-07
  4.000E+00 9.98270E-21  0.000E+00 ( 9.309E-11, 3.617E-11) ( 2.857E-12, 1.110E-12)  1.00E-07
  4.100E+00 9.04533E-21  0.000E+00 ( 8.852E-11, 3.466E-11) ( 2.785E-12, 1.090E-12)  1.00E-07
  4.200E+00 8.21547E-21  0.000E+00 ( 8.427E-11, 3.324E-11) ( 2.716E-12, 1.071E-12)  1.00E-07
  4.300E+00 7.47864E-21  0.000E+00 ( 8.033E-11, 3.191E-11) ( 2.650E-12, 1.053E-12)  1.00E-07
  4.400E+00 6.82261E-21  0.000E+00 ( 7.665E-11, 3.066E-11) ( 2.588E-12, 1.035E-12)  1.00E-07
  4.500E+00 6.23697E-21  0.000E+00 ( 7.321E-11, 2.948E-11) ( 2.528E-12, 1.018E-12)  1.00E-07
  4.600E+00 5.71286E-21  0.000E+00 ( 7.000E-11, 2.838E-11) ( 2.471E-12, 1.002E-12)  1.00E-07
  4.700E+00 5.24267E-21  0.000E+00 ( 6.700E-11, 2.733E-11) ( 2.416E-12, 9.857E-13)  1.00E-07
  4.800E+00 4.81989E-21  0.000E+00 ( 6.418E-11, 2.635E-11) ( 2.364E-12, 9.704E-13)  1.00E-07
  4.900E+00 4.43889E-21  0.000E+00 ( 6.154E-11, 2.541E-11) ( 2.314E-12, 9.555E-13)  1.00E-07
  5.000E+00 4.09482E-21  0.000E+00 ( 5.905E-11, 2.453E-11) ( 2.266E-12, 9.412E-13)  1.00E-07
  5.100E+00 3.78345E-21  0.000E+00 ( 5.671E-11, 2.370E-11) ( 2.220E-12, 9.274E-13)  1.00E-07
  5.200E+00 3.50114E-21  0.000E+00 ( 5.451E-11, 2.290E-11) ( 2.175E-12, 9.139E-13)  1.00E-07
  5.300E+00 3.24468E-21  0.000E+00 ( 5.243E-11, 2.215E-11) ( 2.133E-12, 9.009E-13)  1.00E-07
  5.400E+00 3.01128E-21  0.000E+00 ( 5.046E-11, 2.144E-11) ( 2.092E-12, 8.883E-13)  1.00E-07
  5.500E+00 2.79851E-21  0.000E+00 ( 4.861E-11, 2.076E-11) ( 2.052E-12, 8.761E-13)  1.00E-07
  5.600E+00 2.60421E-21  0.000E+00 ( 4.685E-11, 2.011E-11) ( 2.014E-12, 8.642E-13)  1.00E-07
  5.700E+00 2.42648E-21  0.000E+00 ( 4.519E-11, 1.949E-11) ( 1.977E-12, 8.527E-13)  1.00E-07
  5.800E+00 2.26367E-21  0.000E+00 ( 4.361E-11, 1.890E-11) ( 1.942E-12, 8.416E-13)  1.00E-07
  5.900E+00 2.11429E-21  0.000E+00 ( 4.211E-11, 1.834E-11) ( 1.907E-12, 8.307E-13)  1.00E-07
  6.000E+00 1.97704E-21  0.000E+00 ( 4.069E-11, 1.781E-11) ( 1.874E-12, 8.201E-13)  1.00E-07
  6.100E+00 1.85075E-21  0.000E+00 ( 3.934E-11, 1.730E-11) ( 1.842E-12, 8.099E-13)  1.00E-07
  6.200E+00 1.73439E-21  0.000E+00 ( 3.805E-11, 1.681E-11) ( 1.811E-12, 7.999E-13)  1.00E-07
  6.300E+00 1.62704E-21  0.000E+00 ( 3.683E-11, 1.634E-11) ( 1.781E-12, 7.901E-13)  1.00E-07
  6.400E+00 1.52787E-21  0.000E+00 ( 3.566E-11, 1.589E-11) ( 1.752E-12, 7.807E-13)  1.00E-07
  6.500E+00 1.43614E-21  0.000E+00 ( 3.455E-11, 1.546E-11) ( 1.724E-12, 7.714E-13)  1.00E-07
  6.600E+00 1.35120E-21  0.000E+00 ( 3.349E-11, 1.505E-11) ( 1.697E-12, 7.624E-13)  1.00E-07
  6.700E+00 1.27244E-21  0.000E+00 ( 3.247E-11, 1.465E-11) ( 1.670E-12, 7.537E-13)  1.00E-07
  6.800E+00 1.19935E-21  0.000E+00 ( 3.150E-11, 1.427E-11) ( 1.645E-12, 7.451E-13)  1.00E-07
  6.900E+00 1.13143E-21  0.000E+00 ( 3.057E-11, 1.391E-11) ( 1.620E-12, 7.368E-13)  1.00E-07
  7.000E+00 1.06825E-21  0.000E+00 ( 2.969E-11, 1.356E-11) ( 1.596E-12, 7.286E-13)  1.00E-07
  7.100E+00 1.00943E-21  0.000E+00 ( 2.884E-11, 1.322E-11) ( 1.572E-12, 7.207E-13)  1.00E-07
  7.200E+00 9.54598E-22  0.000E+00 ( 2.802E-11, 1.290E-11) ( 1.549E-12, 7.129E-13)  1.00E-07
  7.300E+00 9.03442E-22  0.000E+00 ( 2.724E-11, 1.258E-11) ( 1.527E-12, 7.054E-13)  1.00E-07
  7.400E+00 8.55669E-22  0.000E+00 ( 2.650E-11, 1.228E-11) ( 1.506E-12, 6.980E-13)  1.00E-07
  7.500E+00 8.11014E-22  0.000E+00 ( 2.578E-11, 1.199E-11) ( 1.485E-12, 6.907E-13)  1.00E-07
  7.600E+00 7.69235E-22  0.000E+00 ( 2.509E-11, 1.171E-11) ( 1.464E-12, 6.836E-13)  1.00E-07
  7.700E+00 7.30113E-22  0.000E+00 ( 2.443E-11, 1.144E-11) ( 1.445E-12, 6.767E-13)  1.00E-07
  7.800E+00 6.93449E-22  0.000E+00 ( 2.379E-11, 1.118E-11) ( 1.425E-12, 6.699E-13)  1.00E-07
  7.900E+00 6.59058E-22  0.000E+00 ( 2.318E-11, 1.093E-11) ( 1.406E-12, 6.633E-13)  1.00E-07
  8.000E+00 6.26773E-22  0.000E+00 ( 2.259E-11, 1.069E-11) ( 1.388E-12, 6.568E-13)  1.00E-07
  8.100E+00 5.96443E-22  0.000E+00 ( 2.202E-11, 1.046E-11) ( 1.370E-12, 6.505E-13)  1.00E-07
  8.200E+00 5.67926E-22  0.000E+00 ( 2.147E-11, 1.023E-11) ( 1.353E-12, 6.443E-13)  1.00E-07
  8.300E+00 5.41093E-22  0.000E+00 ( 2.094E-11, 1.001E-11) ( 1.335E-12, 6.382E-13)  1.00E-07
  8.400E+00 5.15828E-22  0.000E+00 ( 2.044E-11, 9.799E-12) ( 1.319E-12, 6.322E-13)  1.00E-07
  8.500E+00 4.92020E-22  0.000E+00 ( 1.995E-11, 9.594E-12) ( 1.303E-12, 6.264E-13)  1.00E-07
  8.600E+00 4.69572E-22  0.000E+00 ( 1.947E-11, 9.395E-12) ( 1.287E-12, 6.207E-13)  1.00E-07
  8.700E+00 4.48389E-22  0.000E+00 ( 1.902E-11, 9.203E-12) ( 1.271E-12, 6.150E-13)  1.00E-07
  8.800E+00 4.28388E-22  0.000E+00 ( 1.858E-11, 9.017E-12) ( 1.256E-12, 6.095E-13)  1.00E-07
  8.900E+00 4.09490E-22  0.000E+00 ( 1.815E-11, 8.836E-12) ( 1.241E-12, 6.041E-13)  1.00E-07
  9.000E+00 3.91624E-22  0.000E+00 ( 1.774E-11, 8.661E-12) ( 1.227E-12, 5.988E-13)  1.00E-07
  9.100E+00 3.74721E-22  0.000E+00 ( 1.734E-11, 8.491E-12) ( 1.213E-12, 5.936E-13)  1.00E-07
  9.200E+00 3.58721E-22  0.000E+00 ( 1.696E-11, 8.326E-12) ( 1.199E-12, 5.885E-13)  1.00E-07
  9.300E+00 3.43567E-22  0.000E+00 ( 1.659E-11, 8.167E-12) ( 1.186E-12, 5.835E-13)  1.00E-07
  9.400E+00 3.29204E-22  0.000E+00 ( 1.623E-11, 8.011E-12) ( 1.172E-12, 5.786E-13)  1.00E-07
  9.500E+00 3.15585E-22  0.000E+00 ( 1.588E-11, 7.861E-12) ( 1.159E-12, 5.738E-13)  1.00E-07
  9.600E+00 3.02663E-22  0.000E+00 ( 1.554E-11, 7.714E-12) ( 1.147E-12, 5.690E-13)  1.00E-07
  9.700E+00 2.90396E-22  0.000E+00 ( 1.521E-11, 7.572E-12) ( 1.134E-12, 5.644E-13)  1.00E-07
  9.800E+00 2.78744E-22  0.000E+00 ( 1.490E-11, 7.434E-12) ( 1.122E-12, 5.598E-13)  1.00E-07
  9.900E+00 2.67671E-22  0.000E+00 ( 1.459E-11, 7.299E-12) ( 1.110E-12, 5.553E-13)  1.00E-07
  1.000E+01 2.57143E-22  0.000E+00 ( 1.429E-11, 7.168E-12) ( 1.099E-12, 5.509E-13)  1.00E-07
  1.025E+01 2.33001E-22  0.000E+00 ( 1.358E-11, 6.857E-12) ( 1.071E-12, 5.402E-13)  1.00E-07
  1.050E+01 2.11628E-22  0.000E+00 ( 1.293E-11, 6.565E-12) ( 1.044E-12, 5.299E-13)  1.00E-07
  1.075E+01 1.92651E-22  0.000E+00 ( 1.232E-11, 6.293E-12) ( 1.018E-12, 5.200E-13)  1.00E-07
  1.100E+01 1.75755E-22  0.000E+00 ( 1.175E-11, 6.037E-12) ( 9.940E-13, 5.105E-13)  1.00E-07
  1.125E+01 1.60672E-22  0.000E+00 ( 1.122E-11, 5.797E-12) ( 9.708E-13, 5.014E-13)  1.00E-07
  1.150E+01 1.47173E-22  0.000E+00 ( 1.072E-11, 5.571E-12) ( 9.486E-13, 4.927E-13)  1.00E-07
  1.175E+01 1.35063E-22  0.000E+00 ( 1.026E-11, 5.358E-12) ( 9.274E-13, 4.842E-13)  1.00E-07
  1.200E+01 1.24173E-22  0.000E+00 ( 9.824E-12, 5.158E-12) ( 9.071E-13, 4.761E-13)  1.00E-07
  1.225E+01 1.14359E-22  0.000E+00 ( 9.416E-12, 4.969E-12) ( 8.876E-13, 4.682E-13)  1.00E-07
  1.250E+01 1.05496E-22  0.000E+00 ( 9.032E-12, 4.790E-12) ( 8.689E-13, 4.606E-13)  1.00E-07
  1.275E+01 9.74757E-23  0.000E+00 ( 8.671E-12, 4.621E-12) ( 8.510E-13, 4.533E-13)  1.00E-07
  1.300E+01 9.02031E-23  0.000E+00 ( 8.331E-12, 4.461E-12) ( 8.338E-13, 4.462E-13)  1.00E-07
  1.325E+01 8.35964E-23  0.000E+00 ( 8.011E-12, 4.309E-12) ( 8.172E-13, 4.393E-13)  1.00E-07
  1.350E+01 7.75836E-23  0.000E+00 ( 7.708E-12, 4.165E-12) ( 8.012E-13, 4.327E-13)  1.00E-07
  1.375E+01 7.21019E-23  0.000E+00 ( 7.422E-12, 4.028E-12) ( 7.859E-13, 4.263E-13)  1.00E-07
  1.400E+01 6.70958E-23  0.000E+00 ( 7.151E-12, 3.898E-12) ( 7.711E-13, 4.201E-13)  1.00E-07
  1.425E+01 6.25168E-23  0.000E+00 ( 6.894E-12, 3.774E-12) ( 7.568E-13, 4.140E-13)  1.00E-07
  1.450E+01 5.83218E-23  0.000E+00 ( 6.651E-12, 3.656E-12) ( 7.430E-13, 4.082E-13)  1.00E-07
  1.475E+01 5.44728E-23  0.000E+00 ( 6.420E-12, 3.543E-12) ( 7.297E-13, 4.025E-13)  1.00E-07
  1.500E+01 5.09361E-23  0.000E+00 ( 6.201E-12, 3.436E-12) ( 7.169E-13, 3.970E-13)  1.00E-07
  1.525E+01 4.76817E-23  0.000E+00 ( 5.993E-12, 3.334E-12) ( 7.044E-13, 3.916E-13)  1.00E-07
  1.550E+01 4.46831E-23  0.000E+00 ( 5.795E-12, 3.236E-12) ( 6.924E-13, 3.864E-13)  1.00E-07
  1.575E+01 4.19166E-23  0.000E+00 ( 5.606E-12, 3.143E-12) ( 6.808E-13, 3.814E-13)  1.00E-07
  1.600E+01 3.93607E-23  0.000E+00 ( 5.427E-12, 3.053E-12) ( 6.695E-13, 3.765E-13)  1.00E-07
  1.625E+01 3.69967E-23  0.000E+00 ( 5.255E-12, 2.967E-12) ( 6.586E-13, 3.717E-13)  1.00E-07
  1.650E+01 3.48075E-23  0.000E+00 ( 5.092E-12, 2.885E-12) ( 6.481E-13, 3.670E-13)  1.00E-07
  1.675E+01 3.27777E-23  0.000E+00 ( 4.936E-12, 2.807E-12) ( 6.378E-13, 3.625E-13)  1.00E-07
  1.700E+01 3.08937E-23  0.000E+00 ( 4.787E-12, 2.731E-12) ( 6.279E-13, 3.580E-13)  1.00E-07
  1.725E+01 2.91431E-23  0.000E+00 ( 4.644E-12, 2.659E-12) ( 6.182E-13, 3.537E-13)  1.00E-07
  1.750E+01 2.75146E-23  0.000E+00 ( 4.507E-12, 2.589E-12) ( 6.088E-13, 3.495E-13)  1.00E-07
  1.775E+01 2.59982E-23  0.000E+00 ( 4.377E-12, 2.523E-12) ( 5.997E-13, 3.454E-13)  1.00E-07
  1.800E+01 2.45849E-23  0.000E+00 ( 4.252E-12, 2.458E-12) ( 5.909E-13, 3.414E-13)  1.00E-07
  1.825E+01 2.32662E-23  0.000E+00 ( 4.132E-12, 2.396E-12) ( 5.823E-13, 3.375E-13)  1.00E-07
  1.850E+01 2.20347E-23  0.000E+00 ( 4.017E-12, 2.337E-12) ( 5.739E-13, 3.337E-13)  1.00E-07
  1.875E+01 2.08835E-23  0.000E+00 ( 3.906E-12, 2.280E-12) ( 5.658E-13, 3.299E-13)  1.00E-07
  1.900E+01 1.98064E-23  0.000E+00 ( 3.800E-12, 2.225E-12) ( 5.579E-13, 3.263E-13)  1.00E-07
  1.925E+01 1.87979E-23  0.000E+00 ( 3.698E-12, 2.171E-12) ( 5.501E-13, 3.227E-13)  1.00E-07
  1.950E+01 1.78526E-23  0.000E+00 ( 3.600E-12, 2.120E-12) ( 5.426E-13, 3.193E-13)  1.00E-07
  1.975E+01 1.69660E-23  0.000E+00 ( 3.506E-12, 2.071E-12) ( 5.353E-13, 3.159E-13)  1.00E-07
  2.000E+01 1.61337E-23  0.000E+00 ( 3.415E-12, 2.023E-12) ( 5.282E-13, 3.125E-13)  1.00E-07
  2.025E+01 1.53517E-23  0.000E+00 ( 3.328E-12, 1.977E-12) ( 5.212E-13, 3.093E-13)  1.00E-07
  2.050E+01 1.46165E-23  0.000E+00 ( 3.244E-12, 1.932E-12) ( 5.144E-13, 3.061E-13)  1.00E-07
  2.075E+01 1.39247E-23  0.000E+00 ( 3.163E-12, 1.889E-12) ( 5.078E-13, 3.030E-13)  1.00E-07
  2.100E+01 1.32733E-23  0.000E+00 ( 3.085E-12, 1.847E-12) ( 5.014E-13, 2.999E-13)  1.00E-07
  2.125E+01 1.26595E-23  0.000E+00 ( 3.010E-12, 1.807E-12) ( 4.951E-13, 2.969E-13)  1.00E-07
  2.150E+01 1.20807E-23  0.000E+00 ( 2.938E-12, 1.768E-12) ( 4.889E-13, 2.940E-13)  1.00E-07
  2.175E+01 1.15345E-23  0.000E+00 ( 2.867E-12, 1.730E-12) ( 4.829E-13, 2.911E-13)  1.00E-07
  2.200E+01 1.10189E-23  0.000E+00 ( 2.800E-12, 1.694E-12) ( 4.770E-13, 2.883E-13)  1.00E-07
  2.225E+01 1.05316E-23  0.000E+00 ( 2.734E-12, 1.658E-12) ( 4.713E-13, 2.855E-13)  1.00E-07
  2.250E+01 1.00710E-23  0.000E+00 ( 2.671E-12, 1.624E-12) ( 4.657E-13, 2.828E-13)  1.00E-07
  2.275E+01 9.63522E-24  0.000E+00 ( 2.610E-12, 1.591E-12) ( 4.602E-13, 2.802E-13)  1.00E-07
  2.300E+01 9.22271E-24  0.000E+00 ( 2.551E-12, 1.559E-12) ( 4.548E-13, 2.776E-13)  1.00E-07
  2.325E+01 8.83200E-24  0.000E+00 ( 2.494E-12, 1.527E-12) ( 4.496E-13, 2.750E-13)  1.00E-07
  2.350E+01 8.46171E-24  0.000E+00 ( 2.439E-12, 1.497E-12) ( 4.444E-13, 2.725E-13)  1.00E-07
  2.375E+01 8.11058E-24  0.000E+00 ( 2.385E-12, 1.468E-12) ( 4.394E-13, 2.700E-13)  1.00E-07
  2.400E+01 7.77743E-24 -1.825E-04 ( 2.334E-12, 1.439E-12) ( 4.345E-13, 2.676E-13)  1.00E-07
  2.425E+01 7.46117E-24 -1.874E-04 ( 2.283E-12, 1.411E-12) ( 4.296E-13, 2.652E-13)  1.00E-07
  2.450E+01 7.16079E-24 -1.924E-04 ( 2.235E-12, 1.384E-12) ( 4.249E-13, 2.629E-13)  1.00E-07
  2.475E+01 6.87533E-24 -1.974E-04 ( 2.188E-12, 1.358E-12) ( 4.203E-13, 2.606E-13)  1.00E-07
  2.500E+01 6.60392E-24 -2.025E-04 ( 2.142E-12, 1.333E-12) ( 4.158E-13, 2.584E-13)  1.00E-07
  2.550E+01 6.10001E-24 -2.129E-04 ( 2.055E-12, 1.284E-12) ( 4.070E-13, 2.540E-13)  1.00E-07
  2.600E+01 5.64312E-24 -2.235E-04 ( 1.972E-12, 1.238E-12) ( 3.985E-13, 2.497E-13)  1.00E-07
  2.650E+01 5.22809E-24 -2.344E-04 ( 1.895E-12, 1.194E-12) ( 3.904E-13, 2.456E-13)  1.00E-07
  2.700E+01 4.85040E-24 -2.457E-04 ( 1.822E-12, 1.152E-12) ( 3.826E-13, 2.417E-13)  1.00E-07
  2.750E+01 4.50609E-24 -2.573E-04 ( 1.752E-12, 1.113E-12) ( 3.750E-13, 2.378E-13)  1.00E-07
  2.800E+01 4.19169E-24 -2.692E-04 ( 1.687E-12, 1.075E-12) ( 3.678E-13, 2.341E-13)  1.00E-07
  2.850E+01 3.90413E-24 -2.815E-04 ( 1.625E-12, 1.040E-12) ( 3.608E-13, 2.305E-13)  1.00E-07
  2.900E+01 3.64072E-24 -2.938E-04 ( 1.566E-12, 1.006E-12) ( 3.540E-13, 2.270E-13)  1.00E-07
  2.950E+01 3.39906E-24 -3.065E-04 ( 1.510E-12, 9.734E-13) ( 3.474E-13, 2.236E-13)  1.00E-07
  3.000E+01 3.17703E-24 -3.195E-04 ( 1.457E-12, 9.425E-13) ( 3.411E-13, 2.203E-13)  1.00E-07
  3.050E+01 2.97276E-24 -3.328E-04 ( 1.407E-12, 9.131E-13) ( 3.350E-13, 2.171E-13)  1.00E-07
  3.100E+01 2.78455E-24 -3.466E-04 ( 1.359E-12, 8.850E-13) ( 3.291E-13, 2.139E-13)  1.00E-07
  3.150E+01 2.61093E-24 -3.606E-04 ( 1.314E-12, 8.582E-13) ( 3.234E-13, 2.109E-13)  1.00E-07
  3.200E+01 2.45056E-24 -3.750E-04 ( 1.270E-12, 8.325E-13) ( 3.178E-13, 2.080E-13)  1.00E-07
  3.250E+01 2.30225E-24 -3.894E-04 ( 1.229E-12, 8.080E-13) ( 3.125E-13, 2.051E-13)  1.00E-07
  3.300E+01 2.16493E-24 -4.042E-04 ( 1.189E-12, 7.844E-13) ( 3.072E-13, 2.023E-13)  1.00E-07
  3.350E+01 2.03763E-24 -4.193E-04 ( 1.152E-12, 7.619E-13) ( 3.022E-13, 1.996E-13)  1.00E-07
  3.400E+01 1.91949E-24 -4.346E-04 ( 1.115E-12, 7.403E-13) ( 2.973E-13, 1.969E-13)  1.00E-07
  3.450E+01 1.80972E-24 -4.507E-04 ( 1.081E-12, 7.196E-13) ( 2.925E-13, 1.943E-13)  1.00E-07
  3.500E+01 1.70764E-24 -4.667E-04 ( 1.048E-12, 6.996E-13) ( 2.879E-13, 1.918E-13)  1.00E-07
  3.550E+01 1.61260E-24 -4.834E-04 ( 1.017E-12, 6.805E-13) ( 2.834E-13, 1.893E-13)  1.00E-07
  3.600E+01 1.52404E-24 -4.996E-04 ( 9.863E-13, 6.622E-13) ( 2.790E-13, 1.869E-13)  1.00E-07
  3.650E+01 1.44142E-24 -5.169E-04 ( 9.573E-13, 6.445E-13) ( 2.747E-13, 1.846E-13)  1.00E-07
  3.700E+01 1.36428E-24 -5.338E-04 ( 9.296E-13, 6.275E-13) ( 2.706E-13, 1.823E-13)  1.00E-07
  3.750E+01 1.29218E-24 -5.516E-04 ( 9.029E-13, 6.111E-13) ( 2.666E-13, 1.800E-13)  1.00E-07
  3.800E+01 1.22475E-24 -5.696E-04 ( 8.773E-13, 5.954E-13) ( 2.626E-13, 1.778E-13)  1.00E-07
  3.850E+01 1.16161E-24 -5.880E-04 ( 8.527E-13, 5.802E-13) ( 2.588E-13, 1.757E-13)  1.00E-07
  3.900E+01 1.10245E-24 -6.067E-04 ( 8.291E-13, 5.655E-13) ( 2.551E-13, 1.736E-13)  1.00E-07
  3.950E+01 1.04698E-24 -6.254E-04 ( 8.064E-13, 5.514E-13) ( 2.514E-13, 1.715E-13)  1.00E-07
  4.000E+01 9.94910E-25 -6.445E-04 ( 7.845E-13, 5.378E-13) ( 2.479E-13, 1.695E-13)  1.00E-07
  4.050E+01 9.46006E-25 -6.638E-04 ( 7.635E-13, 5.246E-13) ( 2.444E-13, 1.676E-13)  1.00E-07
  4.100E+01 9.00036E-25 -6.836E-04 ( 7.432E-13, 5.119E-13) ( 2.411E-13, 1.656E-13)  1.00E-07
  4.150E+01 8.56792E-25 -7.039E-04 ( 7.237E-13, 4.997E-13) ( 2.378E-13, 1.637E-13)  1.00E-07
  4.200E+01 8.16083E-25 -7.245E-04 ( 7.049E-13, 4.878E-13) ( 2.345E-13, 1.619E-13)  1.00E-07
  4.250E+01 7.77735E-25 -7.454E-04 ( 6.868E-13, 4.764E-13) ( 2.314E-13, 1.601E-13)  1.00E-07
  4.300E+01 7.41585E-25 -7.663E-04 ( 6.693E-13, 4.653E-13) ( 2.283E-13, 1.583E-13)  1.00E-07
  4.350E+01 7.07485E-25 -7.875E-04 ( 6.524E-13, 4.545E-13) ( 2.253E-13, 1.566E-13)  1.00E-07
  4.400E+01 6.75295E-25 -8.090E-04 ( 6.361E-13, 4.441E-13) ( 2.224E-13, 1.549E-13)  1.00E-07
  4.450E+01 6.44890E-25 -8.311E-04 ( 6.203E-13, 4.341E-13) ( 2.195E-13, 1.532E-13)  1.00E-07
  4.500E+01 6.16151E-25 -8.537E-04 ( 6.051E-13, 4.243E-13) ( 2.167E-13, 1.515E-13)  1.00E-07
  4.550E+01 5.88972E-25 -8.765E-04 ( 5.904E-13, 4.149E-13) ( 2.140E-13, 1.499E-13)  1.00E-07
  4.600E+01 5.63253E-25 -8.996E-04 ( 5.762E-13, 4.057E-13) ( 2.113E-13, 1.483E-13)  1.00E-07
  4.650E+01 5.38901E-25 -9.227E-04 ( 5.624E-13, 3.969E-13) ( 2.086E-13, 1.468E-13)  1.00E-07
  4.700E+01 5.15830E-25 -9.461E-04 ( 5.491E-13, 3.882E-13) ( 2.061E-13, 1.452E-13)  1.00E-07
  4.750E+01 4.93960E-25 -9.699E-04 ( 5.362E-13, 3.799E-13) ( 2.035E-13, 1.437E-13)  1.00E-07
  4.800E+01 4.73216E-25 -9.942E-04 ( 5.238E-13, 3.718E-13) ( 2.011E-13, 1.423E-13)  1.00E-07
  4.850E+01 4.53531E-25 -1.019E-03 ( 5.117E-13, 3.639E-13) ( 1.986E-13, 1.408E-13)  1.00E-07
  4.900E+01 4.34840E-25 -1.044E-03 ( 5.000E-13, 3.563E-13) ( 1.962E-13, 1.394E-13)  1.00E-07
  4.950E+01 4.17084E-25 -1.070E-03 ( 4.886E-13, 3.488E-13) ( 1.939E-13, 1.380E-13)  1.00E-07
  5.000E+01 4.00208E-25 -1.095E-03 ( 4.776E-13, 3.416E-13) ( 1.916E-13, 1.366E-13)  1.00E-07
  5.050E+01 3.84161E-25 -1.121E-03 ( 4.670E-13, 3.346E-13) ( 1.894E-13, 1.352E-13)  1.00E-07
  5.100E+01 3.68894E-25 -1.147E-03 ( 4.566E-13, 3.278E-13) ( 1.872E-13, 1.339E-13)  1.00E-07
  5.150E+01 3.54362E-25 -1.173E-03 ( 4.466E-13, 3.211E-13) ( 1.850E-13, 1.326E-13)  1.00E-07
  5.200E+01 3.40523E-25 -1.200E-03 ( 4.368E-13, 3.147E-13) ( 1.829E-13, 1.313E-13)  1.00E-07
  5.250E+01 3.27338E-25 -1.228E-03 ( 4.274E-13, 3.084E-13) ( 1.808E-13, 1.300E-13)  1.00E-07
  5.300E+01 3.14771E-25 -1.255E-03 ( 4.182E-13, 3.023E-13) ( 1.788E-13, 1.288E-13)  1.00E-07
  5.350E+01 3.02787E-25 -1.283E-03 ( 4.092E-13, 2.963E-13) ( 1.768E-13, 1.275E-13)  1.00E-07
  5.400E+01 2.91356E-25 -1.311E-03 ( 4.005E-13, 2.905E-13) ( 1.748E-13, 1.263E-13)  1.00E-07
  5.450E+01 2.80445E-25 -1.339E-03 ( 3.921E-13, 2.849E-13) ( 1.729E-13, 1.251E-13)  1.00E-07
  5.500E+01 2.70028E-25 -1.368E-03 ( 3.839E-13, 2.794E-13) ( 1.710E-13, 1.239E-13)  1.00E-07
  5.550E+01 2.60077E-25 -1.398E-03 ( 3.759E-13, 2.740E-13) ( 1.691E-13, 1.228E-13)  1.00E-07
  5.600E+01 2.50569E-25 -1.428E-03 ( 3.682E-13, 2.688E-13) ( 1.673E-13, 1.216E-13)  1.00E-07
  5.650E+01 2.41479E-25 -1.458E-03 ( 3.606E-13, 2.637E-13) ( 1.655E-13, 1.205E-13)  1.00E-07
  5.700E+01 2.32787E-25 -1.488E-03 ( 3.533E-13, 2.587E-13) ( 1.637E-13, 1.194E-13)  1.00E-07
  5.750E+01 2.24472E-25 -1.518E-03 ( 3.461E-13, 2.539E-13) ( 1.619E-13, 1.183E-13)  1.00E-07
  5.800E+01 2.16515E-25 -1.549E-03 ( 3.392E-13, 2.492E-13) ( 1.602E-13, 1.172E-13)  1.00E-07
  5.850E+01 2.08896E-25 -1.580E-03 ( 3.324E-13, 2.445E-13) ( 1.585E-13, 1.161E-13)  1.00E-07
  5.900E+01 2.01599E-25 -1.612E-03 ( 3.258E-13, 2.400E-13) ( 1.569E-13, 1.151E-13)  1.00E-07
  5.950E+01 1.94608E-25 -1.644E-03 ( 3.193E-13, 2.356E-13) ( 1.552E-13, 1.140E-13)  1.00E-07
  6.000E+01 1.87908E-25 -1.677E-03 ( 3.131E-13, 2.314E-13) ( 1.536E-13, 1.130E-13)  1.00E-07
  6.050E+01 1.81484E-25 -1.709E-03 ( 3.070E-13, 2.272E-13) ( 1.520E-13, 1.120E-13)  1.00E-07
  6.100E+01 1.75324E-25 -1.742E-03 ( 3.010E-13, 2.231E-13) ( 1.505E-13, 1.110E-13)  1.00E-07
  6.150E+01 1.69415E-25 -1.775E-03 ( 2.952E-13, 2.191E-13) ( 1.489E-13, 1.100E-13)  1.00E-07
  6.200E+01 1.63743E-25 -1.809E-03 ( 2.895E-13, 2.152E-13) ( 1.474E-13, 1.090E-13)  1.00E-07
  6.250E+01 1.58298E-25 -1.843E-03 ( 2.840E-13, 2.114E-13) ( 1.459E-13, 1.081E-13)  1.00E-07
  6.300E+01 1.53070E-25 -1.878E-03 ( 2.786E-13, 2.076E-13) ( 1.444E-13, 1.071E-13)  1.00E-07
  6.350E+01 1.48048E-25 -1.913E-03 ( 2.733E-13, 2.040E-13) ( 1.430E-13, 1.062E-13)  1.00E-07
  6.400E+01 1.43222E-25 -1.948E-03 ( 2.682E-13, 2.004E-13) ( 1.416E-13, 1.053E-13)  1.00E-07
  6.450E+01 1.38584E-25 -1.983E-03 ( 2.632E-13, 1.969E-13) ( 1.402E-13, 1.043E-13)  1.00E-07
  6.500E+01 1.34125E-25 -2.018E-03 ( 2.583E-13, 1.935E-13) ( 1.388E-13, 1.034E-13)  1.00E-07
  6.550E+01 1.29836E-25 -2.054E-03 ( 2.535E-13, 1.902E-13) ( 1.374E-13, 1.026E-13)  1.00E-07
  6.600E+01 1.25711E-25 -2.091E-03 ( 2.488E-13, 1.869E-13) ( 1.360E-13, 1.017E-13)  1.00E-07
  6.650E+01 1.21741E-25 -2.129E-03 ( 2.443E-13, 1.837E-13) ( 1.347E-13, 1.008E-13)  1.00E-07
  6.700E+01 1.17919E-25 -2.167E-03 ( 2.398E-13, 1.806E-13) ( 1.334E-13, 9.993E-14)  1.00E-07
  6.750E+01 1.14240E-25 -2.205E-03 ( 2.355E-13, 1.776E-13) ( 1.321E-13, 9.908E-14)  1.00E-07
  6.800E+01 1.10698E-25 -2.242E-03 ( 2.312E-13, 1.746E-13) ( 1.308E-13, 9.824E-14)  1.00E-07
  6.850E+01 1.07285E-25 -2.280E-03 ( 2.271E-13, 1.716E-13) ( 1.296E-13, 9.740E-14)  1.00E-07
  6.900E+01 1.03997E-25 -2.318E-03 ( 2.230E-13, 1.688E-13) ( 1.283E-13, 9.658E-14)  1.00E-07
  6.950E+01 1.00827E-25 -2.358E-03 ( 2.190E-13, 1.659E-13) ( 1.271E-13, 9.576E-14)  1.00E-07
  7.000E+01 9.77714E-26 -2.399E-03 ( 2.151E-13, 1.632E-13) ( 1.259E-13, 9.496E-14)  1.00E-07
  7.050E+01 9.48247E-26 -2.440E-03 ( 2.113E-13, 1.605E-13) ( 1.247E-13, 9.416E-14)  1.00E-07
  7.100E+01 9.19830E-26 -2.480E-03 ( 2.076E-13, 1.579E-13) ( 1.235E-13, 9.337E-14)  1.00E-07
  7.150E+01 8.92421E-26 -2.519E-03 ( 2.039E-13, 1.553E-13) ( 1.223E-13, 9.259E-14)  1.00E-07
  7.200E+01 8.65972E-26 -2.558E-03 ( 2.004E-13, 1.527E-13) ( 1.212E-13, 9.182E-14)  1.00E-07
  7.250E+01 8.40433E-26 -2.601E-03 ( 1.969E-13, 1.502E-13) ( 1.201E-13, 9.105E-14)  1.00E-07
  7.300E+01 8.15776E-26 -2.645E-03 ( 1.935E-13, 1.478E-13) ( 1.189E-13, 9.029E-14)  1.00E-07
  7.350E+01 7.91970E-26 -2.688E-03 ( 1.901E-13, 1.454E-13) ( 1.178E-13, 8.955E-14)  1.00E-07
  7.400E+01 7.68981E-26 -2.730E-03 ( 1.869E-13, 1.431E-13) ( 1.167E-13, 8.880E-14)  1.00E-07
  7.450E+01 7.46772E-26 -2.772E-03 ( 1.837E-13, 1.408E-13) ( 1.156E-13, 8.807E-14)  1.00E-07
  7.500E+01 7.25311E-26 -2.815E-03 ( 1.805E-13, 1.385E-13) ( 1.146E-13, 8.734E-14)  1.00E-07
  7.550E+01 7.04568E-26 -2.859E-03 ( 1.775E-13, 1.363E-13) ( 1.135E-13, 8.662E-14)  1.00E-07
  7.600E+01 6.84514E-26 -2.905E-03 ( 1.744E-13, 1.341E-13) ( 1.125E-13, 8.591E-14)  1.00E-07
  7.650E+01 6.65125E-26 -2.950E-03 ( 1.715E-13, 1.320E-13) ( 1.114E-13, 8.520E-14)  1.00E-07
  7.700E+01 6.46374E-26 -2.996E-03 ( 1.686E-13, 1.299E-13) ( 1.104E-13, 8.451E-14)  1.00E-07
  7.750E+01 6.28238E-26 -3.041E-03 ( 1.658E-13, 1.279E-13) ( 1.094E-13, 8.381E-14)  1.00E-07
  7.800E+01 6.10692E-26 -3.087E-03 ( 1.630E-13, 1.258E-13) ( 1.084E-13, 8.313E-14)  1.00E-07
  7.850E+01 5.93713E-26 -3.133E-03 ( 1.603E-13, 1.239E-13) ( 1.074E-13, 8.245E-14)  1.00E-07
  7.900E+01 5.77279E-26 -3.180E-03 ( 1.576E-13, 1.219E-13) ( 1.064E-13, 8.177E-14)  1.00E-07
  7.950E+01 5.61370E-26 -3.228E-03 ( 1.550E-13, 1.200E-13) ( 1.055E-13, 8.111E-14)  1.00E-07
  8.000E+01 5.45966E-26 -3.276E-03 ( 1.524E-13, 1.182E-13) ( 1.045E-13, 8.044E-14)  1.00E-07
  8.050E+01 5.31049E-26 -3.325E-03 ( 1.499E-13, 1.163E-13) ( 1.036E-13, 7.979E-14)  1.00E-07
  8.100E+01 5.16601E-26 -3.373E-03 ( 1.475E-13, 1.145E-13) ( 1.026E-13, 7.914E-14)  1.00E-07
  8.150E+01 5.02604E-26 -3.422E-03 ( 1.450E-13, 1.128E-13) ( 1.017E-13, 7.850E-14)  1.00E-07
  8.200E+01 4.89043E-26 -3.471E-03 ( 1.427E-13, 1.110E-13) ( 1.008E-13, 7.786E-14)  1.00E-07
  8.250E+01 4.75900E-26 -3.522E-03 ( 1.403E-13, 1.093E-13) ( 9.990E-14, 7.722E-14)  1.00E-07
  8.300E+01 4.63160E-26 -3.572E-03 ( 1.381E-13, 1.076E-13) ( 9.901E-14, 7.660E-14)  1.00E-07
  8.350E+01 4.50810E-26 -3.624E-03 ( 1.358E-13, 1.060E-13) ( 9.812E-14, 7.597E-14)  1.00E-07
  8.400E+01 4.38835E-26 -3.676E-03 ( 1.336E-13, 1.044E-13) ( 9.724E-14, 7.536E-14)  1.00E-07
  8.450E+01 4.27222E-26 -3.728E-03 ( 1.315E-13, 1.028E-13) ( 9.637E-14, 7.475E-14)  1.00E-07
  8.500E+01 4.15958E-26 -3.780E-03 ( 1.293E-13, 1.012E-13) ( 9.551E-14, 7.414E-14)  1.00E-07
  8.550E+01 4.05032E-26 -3.833E-03 ( 1.273E-13, 9.969E-14) ( 9.466E-14, 7.354E-14)  1.00E-07
  8.600E+01 3.94431E-26 -3.886E-03 ( 1.252E-13, 9.818E-14) ( 9.382E-14, 7.294E-14)  1.00E-07
  8.650E+01 3.84142E-26 -3.940E-03 ( 1.232E-13, 9.670E-14) ( 9.298E-14, 7.235E-14)  1.00E-07
  8.700E+01 3.74157E-26 -3.995E-03 ( 1.213E-13, 9.524E-14) ( 9.215E-14, 7.176E-14)  1.00E-07
  8.750E+01 3.64464E-26 -4.050E-03 ( 1.193E-13, 9.380E-14) ( 9.133E-14, 7.118E-14)  1.00E-07
  8.800E+01 3.55054E-26 -4.106E-03 ( 1.174E-13, 9.240E-14) ( 9.052E-14, 7.060E-14)  1.00E-07
  8.850E+01 3.45917E-26 -4.162E-03 ( 1.156E-13, 9.101E-14) ( 8.972E-14, 7.003E-14)  1.00E-07
  8.900E+01 3.37044E-26 -4.218E-03 ( 1.137E-13, 8.965E-14) ( 8.892E-14, 6.946E-14)  1.00E-07
  8.950E+01 3.28425E-26 -4.275E-03 ( 1.119E-13, 8.831E-14) ( 8.813E-14, 6.889E-14)  1.00E-07
  9.000E+01 3.20053E-26 -4.333E-03 ( 1.102E-13, 8.699E-14) ( 8.735E-14, 6.833E-14)  1.00E-07
  9.050E+01 3.11918E-26 -4.391E-03 ( 1.084E-13, 8.569E-14) ( 8.657E-14, 6.778E-14)  1.00E-07
  9.100E+01 3.04013E-26 -4.451E-03 ( 1.067E-13, 8.442E-14) ( 8.580E-14, 6.722E-14)  1.00E-07
  9.150E+01 2.96331E-26 -4.510E-03 ( 1.051E-13, 8.316E-14) ( 8.504E-14, 6.667E-14)  1.00E-07
  9.200E+01 2.88864E-26 -4.570E-03 ( 1.034E-13, 8.193E-14) ( 8.429E-14, 6.613E-14)  1.00E-07
  9.250E+01 2.81606E-26 -4.630E-03 ( 1.018E-13, 8.071E-14) ( 8.354E-14, 6.559E-14)  1.00E-07
  9.300E+01 2.74549E-26 -4.691E-03 ( 1.002E-13, 7.952E-14) ( 8.280E-14, 6.505E-14)  1.00E-07
  9.350E+01 2.67687E-26 -4.752E-03 ( 9.866E-14, 7.834E-14) ( 8.206E-14, 6.452E-14)  1.00E-07
  9.400E+01 2.61013E-26 -4.815E-03 ( 9.713E-14, 7.719E-14) ( 8.133E-14, 6.399E-14)  1.00E-07
  9.450E+01 2.54522E-26 -4.878E-03 ( 9.562E-14, 7.605E-14) ( 8.061E-14, 6.347E-14)  1.00E-07
  9.500E+01 2.48208E-26 -4.942E-03 ( 9.413E-14, 7.493E-14) ( 7.989E-14, 6.294E-14)  1.00E-07
  9.550E+01 2.42065E-26 -5.006E-03 ( 9.268E-14, 7.383E-14) ( 7.918E-14, 6.243E-14)  1.00E-07
  9.600E+01 2.36088E-26 -5.070E-03 ( 9.124E-14, 7.274E-14) ( 7.848E-14, 6.191E-14)  1.00E-07
  9.650E+01 2.30272E-26 -5.135E-03 ( 8.983E-14, 7.168E-14) ( 7.778E-14, 6.140E-14)  1.00E-07
  9.700E+01 2.24612E-26 -5.201E-03 ( 8.845E-14, 7.063E-14) ( 7.709E-14, 6.089E-14)  1.00E-07
  9.750E+01 2.19102E-26 -5.267E-03 ( 8.709E-14, 6.959E-14) ( 7.640E-14, 6.039E-14)  1.00E-07
  9.800E+01 2.13738E-26 -5.335E-03 ( 8.575E-14, 6.857E-14) ( 7.572E-14, 5.989E-14)  1.00E-07
  9.850E+01 2.08516E-26 -5.403E-03 ( 8.443E-14, 6.757E-14) ( 7.504E-14, 5.939E-14)  1.00E-07
  9.900E+01 2.03431E-26 -5.472E-03 ( 8.313E-14, 6.658E-14) ( 7.437E-14, 5.889E-14)  1.00E-07
  9.950E+01 1.98480E-26 -5.541E-03 ( 8.186E-14, 6.561E-14) ( 7.370E-14, 5.840E-14)  1.00E-07
  1.000E+02 1.93658E-26 -5.610E-03 ( 8.060E-14, 6.465E-14) ( 7.304E-14, 5.791E-14)  1.00E-07
  1.005E+02 1.88961E-26 -5.680E-03 ( 7.937E-14, 6.371E-14) ( 7.238E-14, 5.743E-14)  1.00E-07
  1.010E+02 1.84385E-26 -5.752E-03 ( 7.816E-14, 6.278E-14) ( 7.173E-14, 5.694E-14)  1.00E-07
  1.015E+02 1.79927E-26 -5.824E-03 ( 7.696E-14, 6.187E-14) ( 7.109E-14, 5.646E-14)  1.00E-07
  1.020E+02 1.75583E-26 -5.897E-03 ( 7.579E-14, 6.097E-14) ( 7.044E-14, 5.599E-14)  1.00E-07
  1.025E+02 1.71351E-26 -5.971E-03 ( 7.463E-14, 6.009E-14) ( 6.981E-14, 5.551E-14)  1.00E-07
  1.030E+02 1.67226E-26 -6.045E-03 ( 7.350E-14, 5.921E-14) ( 6.917E-14, 5.504E-14)  1.00E-07
  1.035E+02 1.63206E-26 -6.119E-03 ( 7.238E-14, 5.835E-14) ( 6.855E-14, 5.458E-14)  1.00E-07
  1.040E+02 1.59288E-26 -6.195E-03 ( 7.128E-14, 5.751E-14) ( 6.792E-14, 5.411E-14)  1.00E-07
  1.045E+02 1.55467E-26 -6.271E-03 ( 7.019E-14, 5.667E-14) ( 6.731E-14, 5.365E-14)  1.00E-07
  1.050E+02 1.51743E-26 -6.349E-03 ( 6.913E-14, 5.585E-14) ( 6.669E-14, 5.319E-14)  1.00E-07
  1.055E+02 1.48111E-26 -6.427E-03 ( 6.808E-14, 5.504E-14) ( 6.608E-14, 5.273E-14)  1.00E-07
  1.060E+02 1.44570E-26 -6.506E-03 ( 6.704E-14, 5.425E-14) ( 6.547E-14, 5.227E-14)  1.00E-07
  1.065E+02 1.41117E-26 -6.586E-03 ( 6.603E-14, 5.346E-14) ( 6.487E-14, 5.182E-14)  1.00E-07
  1.070E+02 1.37748E-26 -6.666E-03 ( 6.503E-14, 5.269E-14) ( 6.428E-14, 5.137E-14)  1.00E-07
  1.075E+02 1.34463E-26 -6.747E-03 ( 6.404E-14, 5.192E-14) ( 6.368E-14, 5.092E-14)  1.00E-07
  1.080E+02 1.31258E-26 -6.829E-03 ( 6.307E-14, 5.117E-14) ( 6.309E-14, 5.048E-14)  1.00E-07
  1.085E+02 1.28132E-26 -6.913E-03 ( 6.212E-14, 5.043E-14) ( 6.251E-14, 5.004E-14)  1.00E-07
  1.090E+02 1.25081E-26 -6.997E-03 ( 6.118E-14, 4.971E-14) ( 6.193E-14, 4.960E-14)  1.00E-07
  1.095E+02 1.22104E-26 -7.082E-03 ( 6.025E-14, 4.899E-14) ( 6.135E-14, 4.916E-14)  1.00E-07
  1.100E+02 1.19200E-26 -7.168E-03 ( 5.934E-14, 4.828E-14) ( 6.077E-14, 4.872E-14)  1.00E-07
  1.105E+02 1.16365E-26 -7.255E-03 ( 5.845E-14, 4.758E-14) ( 6.020E-14, 4.829E-14)  1.00E-07
  1.110E+02 1.13598E-26 -7.342E-03 ( 5.757E-14, 4.690E-14) ( 5.964E-14, 4.786E-14)  1.00E-07
  1.115E+02 1.10898E-26 -7.431E-03 ( 5.670E-14, 4.622E-14) ( 5.907E-14, 4.743E-14)  1.00E-07
  1.120E+02 1.08262E-26 -7.521E-03 ( 5.584E-14, 4.555E-14) ( 5.851E-14, 4.700E-14)  1.00E-07
  1.125E+02 1.05688E-26 -7.612E-03 ( 5.500E-14, 4.490E-14) ( 5.796E-14, 4.658E-14)  1.00E-07
  1.130E+02 1.03175E-26 -7.704E-03 ( 5.417E-14, 4.425E-14) ( 5.740E-14, 4.615E-14)  1.00E-07
  1.135E+02 1.00722E-26 -7.796E-03 ( 5.335E-14, 4.361E-14) ( 5.685E-14, 4.573E-14)  1.00E-07
  1.140E+02 9.83268E-27 -7.890E-03 ( 5.255E-14, 4.298E-14) ( 5.631E-14, 4.532E-14)  1.00E-07
  1.145E+02 9.59876E-27 -7.984E-03 ( 5.176E-14, 4.236E-14) ( 5.576E-14, 4.490E-14)  1.00E-07
  1.150E+02 9.37032E-27 -8.080E-03 ( 5.098E-14, 4.175E-14) ( 5.522E-14, 4.448E-14)  1.00E-07
  1.155E+02 9.14720E-27 -8.177E-03 ( 5.021E-14, 4.115E-14) ( 5.469E-14, 4.407E-14)  1.00E-07
  1.160E+02 8.92926E-27 -8.276E-03 ( 4.945E-14, 4.055E-14) ( 5.415E-14, 4.366E-14)  1.00E-07
  1.165E+02 8.71638E-27 -8.375E-03 ( 4.871E-14, 3.997E-14) ( 5.362E-14, 4.325E-14)  1.00E-07
  1.170E+02 8.50843E-27 -8.476E-03 ( 4.798E-14, 3.939E-14) ( 5.309E-14, 4.284E-14)  1.00E-07
  1.175E+02 8.30528E-27 -8.577E-03 ( 4.725E-14, 3.883E-14) ( 5.257E-14, 4.244E-14)  1.00E-07
  1.180E+02 8.10681E-27 -8.680E-03 ( 4.654E-14, 3.827E-14) ( 5.205E-14, 4.204E-14)  1.00E-07
  1.185E+02 7.91289E-27 -8.784E-03 ( 4.584E-14, 3.772E-14) ( 5.153E-14, 4.163E-14)  1.00E-07
  1.190E+02 7.72340E-27 -8.889E-03 ( 4.515E-14, 3.717E-14) ( 5.101E-14, 4.124E-14)  1.00E-07
  1.195E+02 7.53824E-27 -8.996E-03 ( 4.448E-14, 3.664E-14) ( 5.050E-14, 4.084E-14)  1.00E-07
  1.200E+02 7.35728E-27 -9.104E-03 ( 4.381E-14, 3.611E-14) ( 4.999E-14, 4.044E-14)  1.00E-07
  1.205E+02 7.18045E-27 -9.214E-03 ( 4.315E-14, 3.559E-14) ( 4.948E-14, 4.005E-14)  1.00E-07
  1.210E+02 7.00762E-27 -9.324E-03 ( 4.250E-14, 3.508E-14) ( 4.898E-14, 3.965E-14)  1.00E-07
  1.215E+02 6.83870E-27 -9.436E-03 ( 4.186E-14, 3.457E-14) ( 4.847E-14, 3.926E-14)  1.00E-07
  1.220E+02 6.67360E-27 -9.548E-03 ( 4.123E-14, 3.407E-14) ( 4.797E-14, 3.887E-14)  1.00E-07
  1.225E+02 6.51220E-27 -9.663E-03 ( 4.061E-14, 3.358E-14) ( 4.748E-14, 3.848E-14)  1.00E-07
  1.230E+02 6.35443E-27 -9.780E-03 ( 4.000E-14, 3.310E-14) ( 4.698E-14, 3.810E-14)  1.00E-07
  1.235E+02 6.20019E-27 -9.898E-03 ( 3.940E-14, 3.262E-14) ( 4.649E-14, 3.771E-14)  1.00E-07
  1.240E+02 6.04940E-27 -1.002E-02 ( 3.881E-14, 3.215E-14) ( 4.600E-14, 3.733E-14)  1.00E-07
  1.245E+02 5.90198E-27 -1.014E-02 ( 3.823E-14, 3.169E-14) ( 4.551E-14, 3.695E-14)  1.00E-07
  1.250E+02 5.75786E-27 -1.026E-02 ( 3.765E-14, 3.123E-14) ( 4.503E-14, 3.657E-14)  1.00E-07
  1.255E+02 5.61693E-27 -1.038E-02 ( 3.709E-14, 3.079E-14) ( 4.454E-14, 3.619E-14)  1.00E-07
  1.260E+02 5.47914E-27 -1.051E-02 ( 3.653E-14, 3.034E-14) ( 4.406E-14, 3.581E-14)  1.00E-07
  1.265E+02 5.34439E-27 -1.064E-02 ( 3.598E-14, 2.991E-14) ( 4.358E-14, 3.543E-14)  1.00E-07
  1.270E+02 5.21263E-27 -1.077E-02 ( 3.545E-14, 2.948E-14) ( 4.311E-14, 3.506E-14)  1.00E-07
  1.275E+02 5.08378E-27 -1.090E-02 ( 3.491E-14, 2.905E-14) ( 4.263E-14, 3.468E-14)  1.00E-07
  1.280E+02 4.95777E-27 -1.103E-02 ( 3.439E-14, 2.864E-14) ( 4.216E-14, 3.431E-14)  1.00E-07
  1.285E+02 4.83455E-27 -1.116E-02 ( 3.388E-14, 2.823E-14) ( 4.169E-14, 3.394E-14)  1.00E-07
  1.290E+02 4.71404E-27 -1.130E-02 ( 3.337E-14, 2.782E-14) ( 4.122E-14, 3.357E-14)  1.00E-07
  1.295E+02 4.59617E-27 -1.143E-02 ( 3.287E-14, 2.742E-14) ( 4.076E-14, 3.320E-14)  1.00E-07
  1.300E+02 4.48089E-27 -1.157E-02 ( 3.238E-14, 2.703E-14) ( 4.030E-14, 3.284E-14)  1.00E-07
  1.305E+02 4.36814E-27 -1.172E-02 ( 3.189E-14, 2.664E-14) ( 3.983E-14, 3.247E-14)  1.00E-07
  1.310E+02 4.25786E-27 -1.186E-02 ( 3.142E-14, 2.626E-14) ( 3.937E-14, 3.211E-14)  1.00E-07
  1.315E+02 4.15000E-27 -1.201E-02 ( 3.095E-14, 2.588E-14) ( 3.892E-14, 3.174E-14)  1.00E-07
  1.320E+02 4.04451E-27 -1.215E-02 ( 3.049E-14, 2.551E-14) ( 3.846E-14, 3.138E-14)  1.00E-07
  1.325E+02 3.94132E-27 -1.230E-02 ( 3.003E-14, 2.515E-14) ( 3.801E-14, 3.102E-14)  1.00E-07
  1.330E+02 3.84039E-27 -1.245E-02 ( 2.959E-14, 2.479E-14) ( 3.755E-14, 3.066E-14)  1.00E-07
  1.335E+02 3.74166E-27 -1.261E-02 ( 2.915E-14, 2.444E-14) ( 3.710E-14, 3.030E-14)  1.00E-07
  1.340E+02 3.64509E-27 -1.277E-02 ( 2.871E-14, 2.409E-14) ( 3.666E-14, 2.994E-14)  1.00E-07
  1.345E+02 3.55062E-27 -1.292E-02 ( 2.829E-14, 2.375E-14) ( 3.621E-14, 2.959E-14)  1.00E-07
  1.350E+02 3.45823E-27 -1.309E-02 ( 2.787E-14, 2.341E-14) ( 3.576E-14, 2.923E-14)  1.00E-07
  1.355E+02 3.36785E-27 -1.325E-02 ( 2.745E-14, 2.308E-14) ( 3.532E-14, 2.888E-14)  1.00E-07
  1.360E+02 3.27945E-27 -1.341E-02 ( 2.705E-14, 2.275E-14) ( 3.488E-14, 2.853E-14)  1.00E-07
  1.365E+02 3.19299E-27 -1.358E-02 ( 2.665E-14, 2.243E-14) ( 3.444E-14, 2.817E-14)  1.00E-07
  1.370E+02 3.10841E-27 -1.375E-02 ( 2.625E-14, 2.211E-14) ( 3.400E-14, 2.782E-14)  1.00E-07
  1.375E+02 3.02568E-27 -1.392E-02 ( 2.587E-14, 2.180E-14) ( 3.356E-14, 2.747E-14)  1.00E-07
  1.380E+02 2.94476E-27 -1.410E-02 ( 2.549E-14, 2.149E-14) ( 3.313E-14, 2.712E-14)  1.00E-07
  1.385E+02 2.86562E-27 -1.428E-02 ( 2.511E-14, 2.119E-14) ( 3.269E-14, 2.678E-14)  1.00E-07
  1.390E+02 2.78822E-27 -1.446E-02 ( 2.474E-14, 2.089E-14) ( 3.226E-14, 2.643E-14)  1.00E-07
  1.395E+02 2.71252E-27 -1.464E-02 ( 2.438E-14, 2.060E-14) ( 3.183E-14, 2.608E-14)  1.00E-07
  1.400E+02 2.63849E-27 -1.483E-02 ( 2.403E-14, 2.031E-14) ( 3.140E-14, 2.574E-14)  1.00E-07
  1.405E+02 2.56609E-27 -1.502E-02 ( 2.368E-14, 2.003E-14) ( 3.097E-14, 2.539E-14)  1.00E-07
  1.410E+02 2.49528E-27 -1.521E-02 ( 2.333E-14, 1.975E-14) ( 3.055E-14, 2.505E-14)  1.00E-07
  1.415E+02 2.42603E-27 -1.541E-02 ( 2.299E-14, 1.948E-14) ( 3.012E-14, 2.471E-14)  1.00E-07
  1.420E+02 2.35832E-27 -1.561E-02 ( 2.266E-14, 1.921E-14) ( 2.970E-14, 2.437E-14)  1.00E-07
  1.425E+02 2.29212E-27 -1.581E-02 ( 2.233E-14, 1.895E-14) ( 2.928E-14, 2.402E-14)  1.00E-07
  1.430E+02 2.22740E-27 -1.601E-02 ( 2.201E-14, 1.869E-14) ( 2.886E-14, 2.368E-14)  1.00E-07
  1.435E+02 2.16412E-27 -1.621E-02 ( 2.170E-14, 1.843E-14) ( 2.844E-14, 2.335E-14)  1.00E-07
  1.440E+02 2.10226E-27 -1.642E-02 ( 2.139E-14, 1.818E-14) ( 2.802E-14, 2.301E-14)  1.00E-07
  1.445E+02 2.04178E-27 -1.664E-02 ( 2.108E-14, 1.793E-14) ( 2.760E-14, 2.267E-14)  1.00E-07
  1.450E+02 1.98266E-27 -1.686E-02 ( 2.078E-14, 1.769E-14) ( 2.719E-14, 2.233E-14)  1.00E-07
  1.455E+02 1.92488E-27 -1.708E-02 ( 2.049E-14, 1.745E-14) ( 2.677E-14, 2.200E-14)  1.00E-07
  1.460E+02 1.86842E-27 -1.730E-02 ( 2.020E-14, 1.722E-14) ( 2.636E-14, 2.166E-14)  1.00E-07
  1.465E+02 1.81325E-27 -1.753E-02 ( 1.992E-14, 1.699E-14) ( 2.595E-14, 2.133E-14)  1.00E-07
  1.470E+02 1.75933E-27 -1.775E-02 ( 1.964E-14, 1.676E-14) ( 2.553E-14, 2.099E-14)  1.00E-07
  1.475E+02 1.70666E-27 -1.799E-02 ( 1.937E-14, 1.654E-14) ( 2.512E-14, 2.066E-14)  1.00E-07
  1.480E+02 1.65519E-27 -1.823E-02 ( 1.910E-14, 1.632E-14) ( 2.472E-14, 2.033E-14)  1.00E-07
  1.485E+02 1.60493E-27 -1.847E-02 ( 1.884E-14, 1.611E-14) ( 2.431E-14, 2.000E-14)  1.00E-07
  1.490E+02 1.55583E-27 -1.871E-02 ( 1.858E-14, 1.590E-14) ( 2.390E-14, 1.967E-14)  1.00E-07
  1.495E+02 1.50790E-27 -1.896E-02 ( 1.833E-14, 1.569E-14) ( 2.350E-14, 1.934E-14)  1.00E-07
  1.500E+02 1.46109E-27 -1.920E-02 ( 1.808E-14, 1.549E-14) ( 2.309E-14, 1.901E-14)  1.00E-07
  1.505E+02 1.41540E-27 -1.946E-02 ( 1.783E-14, 1.529E-14) ( 2.269E-14, 1.868E-14)  1.00E-07
  1.510E+02 1.37080E-27 -1.971E-02 ( 1.760E-14, 1.510E-14) ( 2.228E-14, 1.835E-14)  1.00E-07
  1.515E+02 1.32727E-27 -1.997E-02 ( 1.736E-14, 1.491E-14) ( 2.188E-14, 1.802E-14)  1.00E-07
  1.520E+02 1.28480E-27 -2.024E-02 ( 1.713E-14, 1.472E-14) ( 2.148E-14, 1.770E-14)  1.00E-07
  1.525E+02 1.24337E-27 -2.050E-02 ( 1.691E-14, 1.454E-14) ( 2.108E-14, 1.737E-14)  1.00E-07
  1.530E+02 1.20296E-27 -2.077E-02 ( 1.669E-14, 1.436E-14) ( 2.068E-14, 1.704E-14)  1.00E-07
  1.535E+02 1.16355E-27 -2.104E-02 ( 1.648E-14, 1.418E-14) ( 2.028E-14, 1.672E-14)  1.00E-07
  1.540E+02 1.12514E-27 -2.131E-02 ( 1.627E-14, 1.401E-14) ( 1.989E-14, 1.639E-14)  1.00E-07
  1.545E+02 1.08769E-27 -2.158E-02 ( 1.606E-14, 1.384E-14) ( 1.949E-14, 1.607E-14)  1.00E-07
  1.550E+02 1.05121E-27 -2.186E-02 ( 1.586E-14, 1.368E-14) ( 1.910E-14, 1.574E-14)  1.00E-07
  1.555E+02 1.01566E-27 -2.214E-02 ( 1.566E-14, 1.352E-14) ( 1.870E-14, 1.542E-14)  1.00E-07
  1.560E+02 9.81041E-28 -2.242E-02 ( 1.547E-14, 1.336E-14) ( 1.831E-14, 1.510E-14)  1.00E-07
  1.565E+02 9.47340E-28 -2.270E-02 ( 1.528E-14, 1.321E-14) ( 1.791E-14, 1.478E-14)  1.00E-07
  1.570E+02 9.14540E-28 -2.298E-02 ( 1.510E-14, 1.306E-14) ( 1.752E-14, 1.446E-14)  1.00E-07
  1.575E+02 8.82629E-28 -2.326E-02 ( 1.492E-14, 1.291E-14) ( 1.713E-14, 1.413E-14)  1.00E-07
  1.580E+02 8.51591E-28 -2.353E-02 ( 1.475E-14, 1.277E-14) ( 1.674E-14, 1.381E-14)  1.00E-07
  1.585E+02 8.21412E-28 -2.381E-02 ( 1.458E-14, 1.263E-14) ( 1.635E-14, 1.349E-14)  1.00E-07
  1.590E+02 7.92083E-28 -2.409E-02 ( 1.441E-14, 1.249E-14) ( 1.596E-14, 1.317E-14)  1.00E-07
  1.595E+02 7.63593E-28 -2.436E-02 ( 1.425E-14, 1.236E-14) ( 1.557E-14, 1.285E-14)  1.00E-07
  1.600E+02 7.35932E-28 -2.463E-02 ( 1.409E-14, 1.223E-14) ( 1.518E-14, 1.254E-14)  1.00E-07
  1.605E+02 7.09089E-28 -2.489E-02 ( 1.394E-14, 1.211E-14) ( 1.479E-14, 1.222E-14)  1.00E-07
  1.610E+02 6.83052E-28 -2.515E-02 ( 1.379E-14, 1.199E-14) ( 1.441E-14, 1.190E-14)  1.00E-07
  1.615E+02 6.57810E-28 -2.539E-02 ( 1.365E-14, 1.187E-14) ( 1.402E-14, 1.158E-14)  1.00E-07
  1.620E+02 6.33351E-28 -2.563E-02 ( 1.351E-14, 1.175E-14) ( 1.364E-14, 1.126E-14)  1.00E-07
  1.625E+02 6.09667E-28 -2.586E-02 ( 1.337E-14, 1.164E-14) ( 1.325E-14, 1.095E-14)  1.00E-07
  1.630E+02 5.86749E-28 -2.608E-02 ( 1.324E-14, 1.153E-14) ( 1.287E-14, 1.063E-14)  1.00E-07
  1.635E+02 5.64592E-28 -2.628E-02 ( 1.311E-14, 1.143E-14) ( 1.248E-14, 1.031E-14)  1.00E-07
  1.640E+02 5.43185E-28 -2.646E-02 ( 1.299E-14, 1.132E-14) ( 1.210E-14, 9.997E-15)  1.00E-07
  1.645E+02 5.22520E-28 -2.661E-02 ( 1.287E-14, 1.123E-14) ( 1.171E-14, 9.682E-15)  1.00E-07
  1.650E+02 5.02588E-28 -2.675E-02 ( 1.275E-14, 1.113E-14) ( 1.133E-14, 9.366E-15)  1.00E-07
  1.655E+02 4.83379E-28 -2.686E-02 ( 1.264E-14, 1.104E-14) ( 1.095E-14, 9.051E-15)  1.00E-07
  1.660E+02 4.64886E-28 -2.694E-02 ( 1.253E-14, 1.095E-14) ( 1.057E-14, 8.736E-15)  1.00E-07
  1.665E+02 4.47103E-28 -2.699E-02 ( 1.242E-14, 1.086E-14) ( 1.019E-14, 8.422E-15)  1.00E-07
  1.670E+02 4.30026E-28 -2.701E-02 ( 1.232E-14, 1.078E-14) ( 9.806E-15, 8.108E-15)  1.00E-07
  1.675E+02 4.13648E-28 -2.697E-02 ( 1.223E-14, 1.070E-14) ( 9.426E-15, 7.794E-15)  1.00E-07
  1.680E+02 3.97963E-28 -2.689E-02 ( 1.214E-14, 1.063E-14) ( 9.046E-15, 7.480E-15)  1.00E-07
  1.685E+02 3.82962E-28 -2.676E-02 ( 1.205E-14, 1.055E-14) ( 8.666E-15, 7.167E-15)  1.00E-07
  1.690E+02 3.68639E-28 -2.657E-02 ( 1.196E-14, 1.048E-14) ( 8.287E-15, 6.853E-15)  1.00E-07
  1.695E+02 3.54988E-28 -2.632E-02 ( 1.188E-14, 1.042E-14) ( 7.908E-15, 6.540E-15)  1.00E-07
  1.700E+02 3.42005E-28 -2.601E-02 ( 1.180E-14, 1.035E-14) ( 7.529E-15, 6.228E-15)  1.00E-07
  1.705E+02 3.29687E-28 -2.561E-02 ( 1.173E-14, 1.029E-14) ( 7.151E-15, 5.915E-15)  1.00E-07
  1.710E+02 3.18031E-28 -2.514E-02 ( 1.166E-14, 1.024E-14) ( 6.773E-15, 5.603E-15)  1.00E-07
  1.715E+02 3.07031E-28 -2.458E-02 ( 1.160E-14, 1.018E-14) ( 6.395E-15, 5.290E-15)  1.00E-07
  1.720E+02 2.96682E-28 -2.392E-02 ( 1.153E-14, 1.013E-14) ( 6.017E-15, 4.978E-15)  1.00E-07
  1.725E+02 2.86977E-28 -2.318E-02 ( 1.148E-14, 1.008E-14) ( 5.640E-15, 4.666E-15)  1.00E-07
  1.730E+02 2.77913E-28 -2.233E-02 ( 1.142E-14, 1.004E-14) ( 5.263E-15, 4.355E-15)  1.00E-07
  1.735E+02 2.69488E-28 -2.138E-02 ( 1.137E-14, 9.998E-15) ( 4.886E-15, 4.043E-15)  1.00E-07
  1.740E+02 2.61700E-28 -2.031E-02 ( 1.132E-14, 9.960E-15) ( 4.510E-15, 3.731E-15)  1.00E-07
  1.745E+02 2.54548E-28 -1.914E-02 ( 1.128E-14, 9.924E-15) ( 4.133E-15, 3.420E-15)  1.00E-07
  1.750E+02 2.48029E-28 -1.784E-02 ( 1.124E-14, 9.892E-15) ( 3.757E-15, 3.109E-15)  1.00E-07
  1.755E+02 2.42140E-28 -1.644E-02 ( 1.121E-14, 9.863E-15) ( 3.381E-15, 2.798E-15)  1.00E-07
  1.760E+02 2.36875E-28 -1.494E-02 ( 1.118E-14, 9.837E-15) ( 3.005E-15, 2.487E-15)  1.00E-07
  1.765E+02 2.32231E-28 -1.333E-02 ( 1.115E-14, 9.814E-15) ( 2.629E-15, 2.176E-15)  1.00E-07
  1.770E+02 2.28206E-28 -1.163E-02 ( 1.112E-14, 9.794E-15) ( 2.253E-15, 1.865E-15)  1.00E-07
  1.775E+02 2.24803E-28 -9.835E-03 ( 1.110E-14, 9.777E-15) ( 1.878E-15, 1.554E-15)  1.00E-07
  1.780E+02 2.22023E-28 -7.966E-03 ( 1.109E-14, 9.763E-15) ( 1.502E-15, 1.243E-15)  1.00E-07
  1.785E+02 2.19867E-28 -6.031E-03 ( 1.107E-14, 9.753E-15) ( 1.126E-15, 9.322E-16)  1.00E-07
  1.790E+02 2.18332E-28 -4.047E-03 ( 1.106E-14, 9.745E-15) ( 7.509E-16, 6.214E-16)  1.00E-07
  1.795E+02 2.17413E-28 -2.031E-03 ( 1.106E-14, 9.741E-15) ( 3.754E-16, 3.107E-16)  1.00E-07
  1.800E+02 2.17110E-28 -2.854E-17 ( 1.106E-14, 9.739E-15) ( 5.269E-30, 4.360E-30)  1.00E-07

  TOTAL ELASTIC CROSS SECTION = 2.647555E-19 cm**2
               FROM DCS TABLE = 2.642413E-19  (REL. DIF. = 1.94E-03)

  1ST TRANSPORT CROSS SECTION = 4.401216E-24 cm**2
               FROM DCS TABLE = 4.399905E-24  (REL. DIF. = 2.98E-04)

  2ND TRANSPORT CROSS SECTION = 1.260408E-23 cm**2

  **** DPWA0 ENDED ************************************************************

