 #  Scattering field.
 #  All quantities in atomic units (a.u.), unless otherwise indicated.
 #  Z =   7, NELEC =   7,   projectile: electron
 #  Kinetic energy = 1.35973E+05 a.u. = 3.70000E+06 eV
 #
 #   i       r           r*V         r*Vst        r*Vex       r*Vpol       r*Wabs        rho_e
 #------------------------------------------------------------------------------------------------
     1  0.00000E+00 -0.00000E+00 -0.00000E+00  0.00000E+00  0.00000E+00  0.00000E+00  2.10991E+02
     2  1.21442E-07 -2.07893E-02 -2.07893E-02 -1.00694E-10  0.00000E+00  0.00000E+00  2.10991E+02
     3  2.45912E-07 -4.20967E-02 -4.20967E-02 -2.03889E-10  0.00000E+00  0.00000E+00  2.10981E+02
     4  3.73483E-07 -6.39344E-02 -6.39344E-02 -3.09646E-10  0.00000E+00  0.00000E+00  2.10972E+02
     5  5.04232E-07 -8.63155E-02 -8.63155E-02 -4.18030E-10  0.00000E+00  0.00000E+00  2.10962E+02
     6  6.38240E-07 -1.09253E-01 -1.09253E-01 -5.29105E-10  0.00000E+00  0.00000E+00  2.10952E+02
     7  7.75586E-07 -1.32761E-01 -1.32761E-01 -6.42938E-10  0.00000E+00  0.00000E+00  2.10942E+02
     8  9.16354E-07 -1.56852E-01 -1.56852E-01 -7.59599E-10  0.00000E+00  0.00000E+00  2.10931E+02
     9  1.06063E-06 -1.81542E-01 -1.81542E-01 -8.79157E-10  0.00000E+00  0.00000E+00  2.10921E+02
    10  1.20850E-06 -2.06843E-01 -2.06843E-01 -1.00169E-09  0.00000E+00  0.00000E+00  2.10911E+02
    11  1.36006E-06 -2.32772E-01 -2.32772E-01 -1.12726E-09  0.00000E+00  0.00000E+00  2.10900E+02
    12  1.51539E-06 -2.59343E-01 -2.59343E-01 -1.25595E-09  0.00000E+00  0.00000E+00  2.10889E+02
    13  1.67459E-06 -2.86571E-01 -2.86571E-01 -1.38785E-09  0.00000E+00  0.00000E+00  2.10878E+02
    14  1.83776E-06 -3.14472E-01 -3.14472E-01 -1.52302E-09  0.00000E+00  0.00000E+00  2.10867E+02
    15  2.00499E-06 -3.43062E-01 -3.43062E-01 -1.66155E-09  0.00000E+00  0.00000E+00  2.10856E+02
    16  2.17639E-06 -3.72357E-01 -3.72357E-01 -1.80353E-09  0.00000E+00  0.00000E+00  2.10845E+02
    17  2.35206E-06 -4.02373E-01 -4.02373E-01 -1.94904E-09  0.00000E+00  0.00000E+00  2.10834E+02
    18  2.53211E-06 -4.33128E-01 -4.33128E-01 -2.09818E-09  0.00000E+00  0.00000E+00  2.10823E+02
    19  2.71664E-06 -4.64639E-01 -4.64639E-01 -2.25102E-09  0.00000E+00  0.00000E+00  2.10811E+02
    20  2.90578E-06 -4.96923E-01 -4.96923E-01 -2.40767E-09  0.00000E+00  0.00000E+00  2.10800E+02
    21  3.09962E-06 -5.29998E-01 -5.29998E-01 -2.56822E-09  0.00000E+00  0.00000E+00  2.10788E+02
    22  3.29830E-06 -5.63882E-01 -5.63882E-01 -2.73277E-09  0.00000E+00  0.00000E+00  2.10776E+02
    23  3.50192E-06 -5.98594E-01 -5.98594E-01 -2.90143E-09  0.00000E+00  0.00000E+00  2.10765E+02
    24  3.71062E-06 -6.34152E-01 -6.34152E-01 -3.07429E-09  0.00000E+00  0.00000E+00  2.10753E+02
    25  3.92452E-06 -6.70575E-01 -6.70575E-01 -3.25146E-09  0.00000E+00  0.00000E+00  2.10741E+02
    26  4.14374E-06 -7.07882E-01 -7.07882E-01 -3.43305E-09  0.00000E+00  0.00000E+00  2.10729E+02
    27  4.36843E-06 -7.46093E-01 -7.46093E-01 -3.61918E-09  0.00000E+00  0.00000E+00  2.10717E+02
    28  4.59872E-06 -7.85228E-01 -7.85228E-01 -3.80996E-09  0.00000E+00  0.00000E+00  2.10705E+02
    29  4.83475E-06 -8.25306E-01 -8.25306E-01 -4.00551E-09  0.00000E+00  0.00000E+00  2.10693E+02
    30  5.07666E-06 -8.66349E-01 -8.66349E-01 -4.20594E-09  0.00000E+00  0.00000E+00  2.10681E+02
    31  5.32459E-06 -9.08376E-01 -9.08376E-01 -4.41140E-09  0.00000E+00  0.00000E+00  2.10669E+02
    32  5.57870E-06 -9.51408E-01 -9.51408E-01 -4.62200E-09  0.00000E+00  0.00000E+00  2.10657E+02
    33  5.83915E-06 -9.95466E-01 -9.95466E-01 -4.83788E-09  0.00000E+00  0.00000E+00  2.10645E+02
    34  6.10608E-06 -1.04057E+00 -1.04057E+00 -5.05917E-09  0.00000E+00  0.00000E+00  2.10633E+02
    35  6.37966E-06 -1.08674E+00 -1.08674E+00 -5.28602E-09  0.00000E+00  0.00000E+00  2.10622E+02
    36  6.66006E-06 -1.13400E+00 -1.13400E+00 -5.51856E-09  0.00000E+00  0.00000E+00  2.10610E+02
    37  6.94745E-06 -1.18238E+00 -1.18238E+00 -5.75696E-09  0.00000E+00  0.00000E+00  2.10598E+02
    38  7.24200E-06 -1.23188E+00 -1.23188E+00 -6.00135E-09  0.00000E+00  0.00000E+00  2.10587E+02
    39  7.54388E-06 -1.28254E+00 -1.28254E+00 -6.25190E-09  0.00000E+00  0.00000E+00  2.10575E+02
    40  7.85329E-06 -1.33437E+00 -1.33437E+00 -6.50877E-09  0.00000E+00  0.00000E+00  2.10564E+02
    41  8.17041E-06 -1.38739E+00 -1.38739E+00 -6.77212E-09  0.00000E+00  0.00000E+00  2.10553E+02
    42  8.49543E-06 -1.44164E+00 -1.44164E+00 -7.04213E-09  0.00000E+00  0.00000E+00  2.10542E+02
    43  8.82854E-06 -1.49712E+00 -1.49712E+00 -7.31898E-09  0.00000E+00  0.00000E+00  2.10531E+02
    44  9.16996E-06 -1.55385E+00 -1.55385E+00 -7.60284E-09  0.00000E+00  0.00000E+00  2.10520E+02
    45  9.51989E-06 -1.61186E+00 -1.61186E+00 -7.89390E-09  0.00000E+00  0.00000E+00  2.10510E+02
    46  9.87853E-06 -1.67117E+00 -1.67117E+00 -8.19235E-09  0.00000E+00  0.00000E+00  2.10499E+02
    47  1.02461E-05 -1.73180E+00 -1.73180E+00 -8.49841E-09  0.00000E+00  0.00000E+00  2.10489E+02
    48  1.06228E-05 -1.79376E+00 -1.79376E+00 -8.81226E-09  0.00000E+00  0.00000E+00  2.10479E+02
    49  1.10090E-05 -1.85707E+00 -1.85707E+00 -9.13412E-09  0.00000E+00  0.00000E+00  2.10470E+02
    50  1.14047E-05 -1.92175E+00 -1.92175E+00 -9.46422E-09  0.00000E+00  0.00000E+00  2.10461E+02
    51  1.18103E-05 -1.98782E+00 -1.98782E+00 -9.80277E-09  0.00000E+00  0.00000E+00  2.10452E+02
    52  1.22260E-05 -2.05528E+00 -2.05528E+00 -1.01500E-08  0.00000E+00  0.00000E+00  2.10443E+02
    53  1.26521E-05 -2.12416E+00 -2.12416E+00 -1.05062E-08  0.00000E+00  0.00000E+00  2.10435E+02
    54  1.30888E-05 -2.19446E+00 -2.19446E+00 -1.08715E-08  0.00000E+00  0.00000E+00  2.10427E+02
    55  1.35363E-05 -2.26620E+00 -2.26620E+00 -1.12463E-08  0.00000E+00  0.00000E+00  2.10419E+02
    56  1.39951E-05 -2.33938E+00 -2.33938E+00 -1.16308E-08  0.00000E+00  0.00000E+00  2.10412E+02
    57  1.44652E-05 -2.41402E+00 -2.41402E+00 -1.20253E-08  0.00000E+00  0.00000E+00  2.10405E+02
    58  1.49471E-05 -2.49011E+00 -2.49011E+00 -1.24300E-08  0.00000E+00  0.00000E+00  2.10398E+02
    59  1.54409E-05 -2.56766E+00 -2.56766E+00 -1.28452E-08  0.00000E+00  0.00000E+00  2.10392E+02
    60  1.59471E-05 -2.64668E+00 -2.64668E+00 -1.32714E-08  0.00000E+00  0.00000E+00  2.10387E+02
    61  1.64659E-05 -2.72714E+00 -2.72714E+00 -1.37087E-08  0.00000E+00  0.00000E+00  2.10381E+02
    62  1.69976E-05 -2.80906E+00 -2.80906E+00 -1.41574E-08  0.00000E+00  0.00000E+00  2.10376E+02
    63  1.75426E-05 -2.89243E+00 -2.89243E+00 -1.46180E-08  0.00000E+00  0.00000E+00  2.10371E+02
    64  1.81011E-05 -2.97722E+00 -2.97722E+00 -1.50908E-08  0.00000E+00  0.00000E+00  2.10367E+02
    65  1.86736E-05 -3.06342E+00 -3.06342E+00 -1.55762E-08  0.00000E+00  0.00000E+00  2.10363E+02
    66  1.92603E-05 -3.15101E+00 -3.15101E+00 -1.60744E-08  0.00000E+00  0.00000E+00  2.10359E+02
    67  1.98616E-05 -3.23997E+00 -3.23997E+00 -1.65859E-08  0.00000E+00  0.00000E+00  2.10356E+02
    68  2.04779E-05 -3.33026E+00 -3.33026E+00 -1.71112E-08  0.00000E+00  0.00000E+00  2.10353E+02
    69  2.11096E-05 -3.42185E+00 -3.42185E+00 -1.76505E-08  0.00000E+00  0.00000E+00  2.10350E+02
    70  2.17570E-05 -3.51469E+00 -3.51469E+00 -1.82044E-08  0.00000E+00  0.00000E+00  2.10347E+02
    71  2.24205E-05 -3.60873E+00 -3.60873E+00 -1.87733E-08  0.00000E+00  0.00000E+00  2.10344E+02
    72  2.31006E-05 -3.70393E+00 -3.70393E+00 -1.93576E-08  0.00000E+00  0.00000E+00  2.10341E+02
    73  2.37976E-05 -3.80021E+00 -3.80021E+00 -1.99579E-08  0.00000E+00  0.00000E+00  2.10338E+02
    74  2.45120E-05 -3.89750E+00 -3.89750E+00 -2.05746E-08  0.00000E+00  0.00000E+00  2.10335E+02
    75  2.52442E-05 -3.99573E+00 -3.99573E+00 -2.12082E-08  0.00000E+00  0.00000E+00  2.10332E+02
    76  2.59947E-05 -4.09480E+00 -4.09480E+00 -2.18594E-08  0.00000E+00  0.00000E+00  2.10328E+02
    77  2.67638E-05 -4.19463E+00 -4.19463E+00 -2.25286E-08  0.00000E+00  0.00000E+00  2.10325E+02
    78  2.75521E-05 -4.29509E+00 -4.29509E+00 -2.32166E-08  0.00000E+00  0.00000E+00  2.10321E+02
    79  2.83600E-05 -4.39608E+00 -4.39608E+00 -2.39238E-08  0.00000E+00  0.00000E+00  2.10317E+02
    80  2.91881E-05 -4.49746E+00 -4.49746E+00 -2.46509E-08  0.00000E+00  0.00000E+00  2.10313E+02
    81  3.00368E-05 -4.59910E+00 -4.59910E+00 -2.53986E-08  0.00000E+00  0.00000E+00  2.10308E+02
    82  3.09066E-05 -4.70085E+00 -4.70085E+00 -2.61676E-08  0.00000E+00  0.00000E+00  2.10304E+02
    83  3.17981E-05 -4.80254E+00 -4.80254E+00 -2.69587E-08  0.00000E+00  0.00000E+00  2.10299E+02
    84  3.27119E-05 -4.90400E+00 -4.90400E+00 -2.77725E-08  0.00000E+00  0.00000E+00  2.10294E+02
    85  3.36484E-05 -5.00505E+00 -5.00505E+00 -2.86098E-08  0.00000E+00  0.00000E+00  2.10289E+02
    86  3.46082E-05 -5.10550E+00 -5.10550E+00 -2.94715E-08  0.00000E+00  0.00000E+00  2.10283E+02
    87  3.55919E-05 -5.20513E+00 -5.20513E+00 -3.03585E-08  0.00000E+00  0.00000E+00  2.10277E+02
    88  3.66002E-05 -5.30373E+00 -5.30373E+00 -3.12715E-08  0.00000E+00  0.00000E+00  2.10271E+02
    89  3.76336E-05 -5.40108E+00 -5.40108E+00 -3.22114E-08  0.00000E+00  0.00000E+00  2.10265E+02
    90  3.86927E-05 -5.49695E+00 -5.49695E+00 -3.31793E-08  0.00000E+00  0.00000E+00  2.10258E+02
    91  3.97782E-05 -5.59109E+00 -5.59109E+00 -3.41760E-08  0.00000E+00  0.00000E+00  2.10251E+02
    92  4.08908E-05 -5.68328E+00 -5.68328E+00 -3.52025E-08  0.00000E+00  0.00000E+00  2.10244E+02
    93  4.20310E-05 -5.77327E+00 -5.77327E+00 -3.62599E-08  0.00000E+00  0.00000E+00  2.10236E+02
    94  4.31997E-05 -5.86081E+00 -5.86081E+00 -3.73491E-08  0.00000E+00  0.00000E+00  2.10228E+02
    95  4.43975E-05 -5.94568E+00 -5.94568E+00 -3.84712E-08  0.00000E+00  0.00000E+00  2.10220E+02
    96  4.56252E-05 -6.02766E+00 -6.02766E+00 -3.96273E-08  0.00000E+00  0.00000E+00  2.10211E+02
    97  4.68834E-05 -6.10652E+00 -6.10652E+00 -4.08185E-08  0.00000E+00  0.00000E+00  2.10202E+02
    98  4.81730E-05 -6.18207E+00 -6.18207E+00 -4.20457E-08  0.00000E+00  0.00000E+00  2.10193E+02
    99  4.94948E-05 -6.25414E+00 -6.25414E+00 -4.33102E-08  0.00000E+00  0.00000E+00  2.10183E+02
   100  5.08494E-05 -6.32258E+00 -6.32258E+00 -4.46129E-08  0.00000E+00  0.00000E+00  2.10173E+02
   101  5.22378E-05 -6.38726E+00 -6.38726E+00 -4.59549E-08  0.00000E+00  0.00000E+00  2.10163E+02
   102  5.36608E-05 -6.44808E+00 -6.44808E+00 -4.73373E-08  0.00000E+00  0.00000E+00  2.10152E+02
   103  5.51193E-05 -6.50500E+00 -6.50500E+00 -4.87612E-08  0.00000E+00  0.00000E+00  2.10141E+02
   104  5.66141E-05 -6.55799E+00 -6.55799E+00 -5.02275E-08  0.00000E+00  0.00000E+00  2.10129E+02
   105  5.81461E-05 -6.60705E+00 -6.60705E+00 -5.17373E-08  0.00000E+00  0.00000E+00  2.10117E+02
   106  5.97163E-05 -6.65223E+00 -6.65223E+00 -5.32916E-08  0.00000E+00  0.00000E+00  2.10105E+02
   107  6.13257E-05 -6.69362E+00 -6.69362E+00 -5.48913E-08  0.00000E+00  0.00000E+00  2.10092E+02
   108  6.29751E-05 -6.73131E+00 -6.73131E+00 -5.65375E-08  0.00000E+00  0.00000E+00  2.10079E+02
   109  6.46656E-05 -6.76545E+00 -6.76545E+00 -5.82310E-08  0.00000E+00  0.00000E+00  2.10065E+02
   110  6.63983E-05 -6.79620E+00 -6.79620E+00 -5.99728E-08  0.00000E+00  0.00000E+00  2.10051E+02
   111  6.81741E-05 -6.82374E+00 -6.82374E+00 -6.17638E-08  0.00000E+00  0.00000E+00  2.10037E+02
   112  6.99942E-05 -6.84826E+00 -6.84826E+00 -6.36050E-08  0.00000E+00  0.00000E+00  2.10022E+02
   113  7.18596E-05 -6.86997E+00 -6.86997E+00 -6.54974E-08  0.00000E+00  0.00000E+00  2.10007E+02
   114  7.37715E-05 -6.88909E+00 -6.88909E+00 -6.74418E-08  0.00000E+00  0.00000E+00  2.09992E+02
   115  7.57310E-05 -6.90583E+00 -6.90583E+00 -6.94393E-08  0.00000E+00  0.00000E+00  2.09976E+02
   116  7.77394E-05 -6.92040E+00 -6.92040E+00 -7.14909E-08  0.00000E+00  0.00000E+00  2.09960E+02
   117  7.97978E-05 -6.93301E+00 -6.93301E+00 -7.35975E-08  0.00000E+00  0.00000E+00  2.09944E+02
   118  8.19075E-05 -6.94386E+00 -6.94386E+00 -7.57604E-08  0.00000E+00  0.00000E+00  2.09928E+02
   119  8.40697E-05 -6.95314E+00 -6.95314E+00 -7.79805E-08  0.00000E+00  0.00000E+00  2.09911E+02
   120  8.62859E-05 -6.96103E+00 -6.96103E+00 -8.02590E-08  0.00000E+00  0.00000E+00  2.09894E+02
   121  8.85572E-05 -6.96771E+00 -6.96771E+00 -8.25972E-08  0.00000E+00  0.00000E+00  2.09876E+02
   122  9.08851E-05 -6.97331E+00 -6.97331E+00 -8.49961E-08  0.00000E+00  0.00000E+00  2.09858E+02
   123  9.32711E-05 -6.97799E+00 -6.97799E+00 -8.74572E-08  0.00000E+00  0.00000E+00  2.09840E+02
   124  9.57164E-05 -6.98188E+00 -6.98188E+00 -8.99817E-08  0.00000E+00  0.00000E+00  2.09822E+02
   125  9.82228E-05 -6.98508E+00 -6.98508E+00 -9.25711E-08  0.00000E+00  0.00000E+00  2.09803E+02
   126  1.00792E-04 -6.98770E+00 -6.98770E+00 -9.52267E-08  0.00000E+00  0.00000E+00  2.09784E+02
   127  1.03424E-04 -6.98983E+00 -6.98983E+00 -9.79500E-08  0.00000E+00  0.00000E+00  2.09765E+02
   128  1.06123E-04 -6.99154E+00 -6.99154E+00 -1.00743E-07  0.00000E+00  0.00000E+00  2.09745E+02
   129  1.08888E-04 -6.99291E+00 -6.99291E+00 -1.03606E-07  0.00000E+00  0.00000E+00  2.09726E+02
   130  1.11723E-04 -6.99400E+00 -6.99400E+00 -1.06542E-07  0.00000E+00  0.00000E+00  2.09705E+02
   131  1.14628E-04 -6.99485E+00 -6.99485E+00 -1.09552E-07  0.00000E+00  0.00000E+00  2.09685E+02
   132  1.17605E-04 -6.99551E+00 -6.99551E+00 -1.12638E-07  0.00000E+00  0.00000E+00  2.09664E+02
   133  1.20657E-04 -6.99601E+00 -6.99601E+00 -1.15802E-07  0.00000E+00  0.00000E+00  2.09643E+02
   134  1.23785E-04 -6.99639E+00 -6.99639E+00 -1.19046E-07  0.00000E+00  0.00000E+00  2.09622E+02
   135  1.26990E-04 -6.99667E+00 -6.99667E+00 -1.22371E-07  0.00000E+00  0.00000E+00  2.09600E+02
   136  1.30276E-04 -6.99687E+00 -6.99687E+00 -1.25779E-07  0.00000E+00  0.00000E+00  2.09579E+02
   137  1.33643E-04 -6.99700E+00 -6.99700E+00 -1.29273E-07  0.00000E+00  0.00000E+00  2.09556E+02
   138  1.37095E-04 -6.99709E+00 -6.99709E+00 -1.32854E-07  0.00000E+00  0.00000E+00  2.09534E+02
   139  1.40632E-04 -6.99713E+00 -6.99713E+00 -1.36525E-07  0.00000E+00  0.00000E+00  2.09511E+02
   140  1.44257E-04 -6.99715E+00 -6.99715E+00 -1.40288E-07  0.00000E+00  0.00000E+00  2.09488E+02
   141  1.47973E-04 -6.99714E+00 -6.99714E+00 -1.44145E-07  0.00000E+00  0.00000E+00  2.09465E+02
   142  1.51781E-04 -6.99711E+00 -6.99711E+00 -1.48098E-07  0.00000E+00  0.00000E+00  2.09441E+02
   143  1.55685E-04 -6.99707E+00 -6.99707E+00 -1.52150E-07  0.00000E+00  0.00000E+00  2.09417E+02
   144  1.59685E-04 -6.99702E+00 -6.99702E+00 -1.56303E-07  0.00000E+00  0.00000E+00  2.09392E+02
   145  1.63785E-04 -6.99696E+00 -6.99696E+00 -1.60559E-07  0.00000E+00  0.00000E+00  2.09368E+02
   146  1.67987E-04 -6.99690E+00 -6.99690E+00 -1.64922E-07  0.00000E+00  0.00000E+00  2.09343E+02
   147  1.72294E-04 -6.99683E+00 -6.99683E+00 -1.69393E-07  0.00000E+00  0.00000E+00  2.09317E+02
   148  1.76709E-04 -6.99675E+00 -6.99675E+00 -1.73976E-07  0.00000E+00  0.00000E+00  2.09292E+02
   149  1.81233E-04 -6.99667E+00 -6.99667E+00 -1.78673E-07  0.00000E+00  0.00000E+00  2.09265E+02
   150  1.85870E-04 -6.99659E+00 -6.99659E+00 -1.83486E-07  0.00000E+00  0.00000E+00  2.09239E+02
   151  1.90623E-04 -6.99651E+00 -6.99650E+00 -1.88419E-07  0.00000E+00  0.00000E+00  2.09212E+02
   152  1.95493E-04 -6.99642E+00 -6.99642E+00 -1.93475E-07  0.00000E+00  0.00000E+00  2.09185E+02
   153  2.00486E-04 -6.99633E+00 -6.99633E+00 -1.98656E-07  0.00000E+00  0.00000E+00  2.09157E+02
   154  2.05602E-04 -6.99623E+00 -6.99623E+00 -2.03966E-07  0.00000E+00  0.00000E+00  2.09130E+02
   155  2.10847E-04 -6.99614E+00 -6.99614E+00 -2.09408E-07  0.00000E+00  0.00000E+00  2.09101E+02
   156  2.16221E-04 -6.99604E+00 -6.99604E+00 -2.14985E-07  0.00000E+00  0.00000E+00  2.09072E+02
   157  2.21730E-04 -6.99594E+00 -6.99594E+00 -2.20700E-07  0.00000E+00  0.00000E+00  2.09043E+02
   158  2.27376E-04 -6.99583E+00 -6.99583E+00 -2.26557E-07  0.00000E+00  0.00000E+00  2.09014E+02
   159  2.33163E-04 -6.99573E+00 -6.99573E+00 -2.32559E-07  0.00000E+00  0.00000E+00  2.08984E+02
   160  2.39094E-04 -6.99562E+00 -6.99562E+00 -2.38710E-07  0.00000E+00  0.00000E+00  2.08953E+02
   161  2.45172E-04 -6.99551E+00 -6.99551E+00 -2.45013E-07  0.00000E+00  0.00000E+00  2.08922E+02
   162  2.51402E-04 -6.99539E+00 -6.99539E+00 -2.51473E-07  0.00000E+00  0.00000E+00  2.08891E+02
   163  2.57788E-04 -6.99528E+00 -6.99528E+00 -2.58092E-07  0.00000E+00  0.00000E+00  2.08859E+02
   164  2.64332E-04 -6.99516E+00 -6.99516E+00 -2.64875E-07  0.00000E+00  0.00000E+00  2.08827E+02
   165  2.71040E-04 -6.99503E+00 -6.99503E+00 -2.71826E-07  0.00000E+00  0.00000E+00  2.08794E+02
   166  2.77914E-04 -6.99491E+00 -6.99491E+00 -2.78948E-07  0.00000E+00  0.00000E+00  2.08761E+02
   167  2.84960E-04 -6.99478E+00 -6.99478E+00 -2.86247E-07  0.00000E+00  0.00000E+00  2.08727E+02
   168  2.92181E-04 -6.99465E+00 -6.99465E+00 -2.93726E-07  0.00000E+00  0.00000E+00  2.08693E+02
   169  2.99583E-04 -6.99451E+00 -6.99451E+00 -3.01389E-07  0.00000E+00  0.00000E+00  2.08658E+02
   170  3.07168E-04 -6.99437E+00 -6.99437E+00 -3.09242E-07  0.00000E+00  0.00000E+00  2.08623E+02
   171  3.14943E-04 -6.99423E+00 -6.99423E+00 -3.17289E-07  0.00000E+00  0.00000E+00  2.08587E+02
   172  3.22912E-04 -6.99408E+00 -6.99408E+00 -3.25535E-07  0.00000E+00  0.00000E+00  2.08550E+02
   173  3.31079E-04 -6.99394E+00 -6.99393E+00 -3.33983E-07  0.00000E+00  0.00000E+00  2.08513E+02
   174  3.39449E-04 -6.99378E+00 -6.99378E+00 -3.42640E-07  0.00000E+00  0.00000E+00  2.08476E+02
   175  3.48028E-04 -6.99362E+00 -6.99362E+00 -3.51511E-07  0.00000E+00  0.00000E+00  2.08437E+02
   176  3.56821E-04 -6.99346E+00 -6.99346E+00 -3.60600E-07  0.00000E+00  0.00000E+00  2.08398E+02
   177  3.65832E-04 -6.99330E+00 -6.99330E+00 -3.69913E-07  0.00000E+00  0.00000E+00  2.08359E+02
   178  3.75069E-04 -6.99313E+00 -6.99313E+00 -3.79455E-07  0.00000E+00  0.00000E+00  2.08319E+02
   179  3.84535E-04 -6.99296E+00 -6.99296E+00 -3.89233E-07  0.00000E+00  0.00000E+00  2.08278E+02
   180  3.94237E-04 -6.99278E+00 -6.99278E+00 -3.99251E-07  0.00000E+00  0.00000E+00  2.08236E+02
   181  4.04182E-04 -6.99260E+00 -6.99260E+00 -4.09515E-07  0.00000E+00  0.00000E+00  2.08194E+02
   182  4.14373E-04 -6.99241E+00 -6.99241E+00 -4.20032E-07  0.00000E+00  0.00000E+00  2.08151E+02
   183  4.24819E-04 -6.99222E+00 -6.99222E+00 -4.30807E-07  0.00000E+00  0.00000E+00  2.08107E+02
   184  4.35525E-04 -6.99202E+00 -6.99202E+00 -4.41847E-07  0.00000E+00  0.00000E+00  2.08063E+02
   185  4.46498E-04 -6.99182E+00 -6.99182E+00 -4.53158E-07  0.00000E+00  0.00000E+00  2.08018E+02
   186  4.57744E-04 -6.99161E+00 -6.99161E+00 -4.64748E-07  0.00000E+00  0.00000E+00  2.07972E+02
   187  4.69270E-04 -6.99140E+00 -6.99140E+00 -4.76621E-07  0.00000E+00  0.00000E+00  2.07925E+02
   188  4.81083E-04 -6.99119E+00 -6.99119E+00 -4.88786E-07  0.00000E+00  0.00000E+00  2.07877E+02
   189  4.93191E-04 -6.99097E+00 -6.99096E+00 -5.01249E-07  0.00000E+00  0.00000E+00  2.07829E+02
   190  5.05600E-04 -6.99074E+00 -6.99074E+00 -5.14018E-07  0.00000E+00  0.00000E+00  2.07779E+02
   191  5.18319E-04 -6.99051E+00 -6.99050E+00 -5.27100E-07  0.00000E+00  0.00000E+00  2.07729E+02
   192  5.31354E-04 -6.99027E+00 -6.99027E+00 -5.40502E-07  0.00000E+00  0.00000E+00  2.07678E+02
   193  5.44715E-04 -6.99002E+00 -6.99002E+00 -5.54232E-07  0.00000E+00  0.00000E+00  2.07626E+02
   194  5.58408E-04 -6.98977E+00 -6.98977E+00 -5.68298E-07  0.00000E+00  0.00000E+00  2.07573E+02
   195  5.72442E-04 -6.98951E+00 -6.98951E+00 -5.82709E-07  0.00000E+00  0.00000E+00  2.07519E+02
   196  5.86826E-04 -6.98925E+00 -6.98925E+00 -5.97472E-07  0.00000E+00  0.00000E+00  2.07464E+02
   197  6.01568E-04 -6.98898E+00 -6.98898E+00 -6.12596E-07  0.00000E+00  0.00000E+00  2.07407E+02
   198  6.16677E-04 -6.98870E+00 -6.98870E+00 -6.28089E-07  0.00000E+00  0.00000E+00  2.07350E+02
   199  6.32163E-04 -6.98842E+00 -6.98842E+00 -6.43961E-07  0.00000E+00  0.00000E+00  2.07292E+02
   200  6.48035E-04 -6.98813E+00 -6.98813E+00 -6.60220E-07  0.00000E+00  0.00000E+00  2.07233E+02
   201  6.64302E-04 -6.98783E+00 -6.98783E+00 -6.76876E-07  0.00000E+00  0.00000E+00  2.07172E+02
   202  6.80975E-04 -6.98753E+00 -6.98752E+00 -6.93938E-07  0.00000E+00  0.00000E+00  2.07111E+02
   203  6.98062E-04 -6.98721E+00 -6.98721E+00 -7.11415E-07  0.00000E+00  0.00000E+00  2.07048E+02
   204  7.15576E-04 -6.98689E+00 -6.98689E+00 -7.29319E-07  0.00000E+00  0.00000E+00  2.06984E+02
   205  7.33526E-04 -6.98656E+00 -6.98656E+00 -7.47658E-07  0.00000E+00  0.00000E+00  2.06919E+02
   206  7.51923E-04 -6.98623E+00 -6.98623E+00 -7.66444E-07  0.00000E+00  0.00000E+00  2.06852E+02
   207  7.70778E-04 -6.98588E+00 -6.98588E+00 -7.85686E-07  0.00000E+00  0.00000E+00  2.06784E+02
   208  7.90103E-04 -6.98553E+00 -6.98553E+00 -8.05396E-07  0.00000E+00  0.00000E+00  2.06715E+02
   209  8.09910E-04 -6.98516E+00 -6.98516E+00 -8.25585E-07  0.00000E+00  0.00000E+00  2.06644E+02
   210  8.30210E-04 -6.98479E+00 -6.98479E+00 -8.46264E-07  0.00000E+00  0.00000E+00  2.06573E+02
   211  8.51015E-04 -6.98441E+00 -6.98441E+00 -8.67445E-07  0.00000E+00  0.00000E+00  2.06499E+02
   212  8.72340E-04 -6.98402E+00 -6.98402E+00 -8.89139E-07  0.00000E+00  0.00000E+00  2.06424E+02
   213  8.94195E-04 -6.98362E+00 -6.98362E+00 -9.11359E-07  0.00000E+00  0.00000E+00  2.06348E+02
   214  9.16595E-04 -6.98321E+00 -6.98321E+00 -9.34117E-07  0.00000E+00  0.00000E+00  2.06270E+02
   215  9.39552E-04 -6.98279E+00 -6.98279E+00 -9.57426E-07  0.00000E+00  0.00000E+00  2.06190E+02
   216  9.63082E-04 -6.98236E+00 -6.98236E+00 -9.81298E-07  0.00000E+00  0.00000E+00  2.06109E+02
   217  9.87198E-04 -6.98192E+00 -6.98192E+00 -1.00575E-06  0.00000E+00  0.00000E+00  2.06027E+02
   218  1.01191E-03 -6.98146E+00 -6.98146E+00 -1.03079E-06  0.00000E+00  0.00000E+00  2.05942E+02
   219  1.03725E-03 -6.98100E+00 -6.98100E+00 -1.05643E-06  0.00000E+00  0.00000E+00  2.05856E+02
   220  1.06321E-03 -6.98052E+00 -6.98052E+00 -1.08269E-06  0.00000E+00  0.00000E+00  2.05768E+02
   221  1.08982E-03 -6.98004E+00 -6.98004E+00 -1.10959E-06  0.00000E+00  0.00000E+00  2.05678E+02
   222  1.11709E-03 -6.97954E+00 -6.97954E+00 -1.13713E-06  0.00000E+00  0.00000E+00  2.05586E+02
   223  1.14505E-03 -6.97902E+00 -6.97902E+00 -1.16533E-06  0.00000E+00  0.00000E+00  2.05493E+02
   224  1.17370E-03 -6.97850E+00 -6.97850E+00 -1.19421E-06  0.00000E+00  0.00000E+00  2.05397E+02
   225  1.20306E-03 -6.97796E+00 -6.97796E+00 -1.22379E-06  0.00000E+00  0.00000E+00  2.05300E+02
   226  1.23315E-03 -6.97741E+00 -6.97741E+00 -1.25407E-06  0.00000E+00  0.00000E+00  2.05200E+02
   227  1.26400E-03 -6.97685E+00 -6.97684E+00 -1.28509E-06  0.00000E+00  0.00000E+00  2.05098E+02
   228  1.29561E-03 -6.97627E+00 -6.97627E+00 -1.31684E-06  0.00000E+00  0.00000E+00  2.04994E+02
   229  1.32801E-03 -6.97567E+00 -6.97567E+00 -1.34935E-06  0.00000E+00  0.00000E+00  2.04888E+02
   230  1.36122E-03 -6.97507E+00 -6.97506E+00 -1.38264E-06  0.00000E+00  0.00000E+00  2.04780E+02
   231  1.39525E-03 -6.97444E+00 -6.97444E+00 -1.41673E-06  0.00000E+00  0.00000E+00  2.04669E+02
   232  1.43013E-03 -6.97380E+00 -6.97380E+00 -1.45162E-06  0.00000E+00  0.00000E+00  2.04556E+02
   233  1.46588E-03 -6.97315E+00 -6.97315E+00 -1.48735E-06  0.00000E+00  0.00000E+00  2.04441E+02
   234  1.50252E-03 -6.97248E+00 -6.97248E+00 -1.52393E-06  0.00000E+00  0.00000E+00  2.04323E+02
   235  1.54008E-03 -6.97179E+00 -6.97179E+00 -1.56138E-06  0.00000E+00  0.00000E+00  2.04202E+02
   236  1.57857E-03 -6.97108E+00 -6.97108E+00 -1.59972E-06  0.00000E+00  0.00000E+00  2.04079E+02
   237  1.61802E-03 -6.97036E+00 -6.97036E+00 -1.63896E-06  0.00000E+00  0.00000E+00  2.03954E+02
   238  1.65845E-03 -6.96962E+00 -6.96962E+00 -1.67914E-06  0.00000E+00  0.00000E+00  2.03825E+02
   239  1.69989E-03 -6.96886E+00 -6.96886E+00 -1.72027E-06  0.00000E+00  0.00000E+00  2.03694E+02
   240  1.74236E-03 -6.96808E+00 -6.96808E+00 -1.76236E-06  0.00000E+00  0.00000E+00  2.03560E+02
   241  1.78588E-03 -6.96729E+00 -6.96729E+00 -1.80546E-06  0.00000E+00  0.00000E+00  2.03423E+02
   242  1.83050E-03 -6.96647E+00 -6.96647E+00 -1.84956E-06  0.00000E+00  0.00000E+00  2.03283E+02
   243  1.87622E-03 -6.96563E+00 -6.96563E+00 -1.89471E-06  0.00000E+00  0.00000E+00  2.03140E+02
   244  1.92308E-03 -6.96477E+00 -6.96477E+00 -1.94092E-06  0.00000E+00  0.00000E+00  2.02993E+02
   245  1.97111E-03 -6.96389E+00 -6.96389E+00 -1.98821E-06  0.00000E+00  0.00000E+00  2.02844E+02
   246  2.02034E-03 -6.96299E+00 -6.96299E+00 -2.03660E-06  0.00000E+00  0.00000E+00  2.02691E+02
   247  2.07079E-03 -6.96207E+00 -6.96207E+00 -2.08613E-06  0.00000E+00  0.00000E+00  2.02535E+02
   248  2.12250E-03 -6.96112E+00 -6.96112E+00 -2.13682E-06  0.00000E+00  0.00000E+00  2.02376E+02
   249  2.17550E-03 -6.96015E+00 -6.96015E+00 -2.18869E-06  0.00000E+00  0.00000E+00  2.02213E+02
   250  2.22982E-03 -6.95916E+00 -6.95915E+00 -2.24177E-06  0.00000E+00  0.00000E+00  2.02046E+02
   251  2.28549E-03 -6.95814E+00 -6.95814E+00 -2.29608E-06  0.00000E+00  0.00000E+00  2.01876E+02
   252  2.34254E-03 -6.95709E+00 -6.95709E+00 -2.35165E-06  0.00000E+00  0.00000E+00  2.01702E+02
   253  2.40102E-03 -6.95602E+00 -6.95602E+00 -2.40850E-06  0.00000E+00  0.00000E+00  2.01524E+02
   254  2.46095E-03 -6.95492E+00 -6.95492E+00 -2.46667E-06  0.00000E+00  0.00000E+00  2.01342E+02
   255  2.52238E-03 -6.95380E+00 -6.95380E+00 -2.52619E-06  0.00000E+00  0.00000E+00  2.01156E+02
   256  2.58534E-03 -6.95265E+00 -6.95264E+00 -2.58707E-06  0.00000E+00  0.00000E+00  2.00966E+02
   257  2.64986E-03 -6.95147E+00 -6.95146E+00 -2.64935E-06  0.00000E+00  0.00000E+00  2.00772E+02
   258  2.71600E-03 -6.95025E+00 -6.95025E+00 -2.71306E-06  0.00000E+00  0.00000E+00  2.00573E+02
   259  2.78378E-03 -6.94901E+00 -6.94901E+00 -2.77823E-06  0.00000E+00  0.00000E+00  2.00370E+02
   260  2.85324E-03 -6.94774E+00 -6.94774E+00 -2.84489E-06  0.00000E+00  0.00000E+00  2.00163E+02
   261  2.92444E-03 -6.94644E+00 -6.94644E+00 -2.91306E-06  0.00000E+00  0.00000E+00  1.99951E+02
   262  2.99741E-03 -6.94510E+00 -6.94510E+00 -2.98278E-06  0.00000E+00  0.00000E+00  1.99734E+02
   263  3.07220E-03 -6.94373E+00 -6.94373E+00 -3.05409E-06  0.00000E+00  0.00000E+00  1.99512E+02
   264  3.14885E-03 -6.94233E+00 -6.94233E+00 -3.12701E-06  0.00000E+00  0.00000E+00  1.99285E+02
   265  3.22741E-03 -6.94089E+00 -6.94089E+00 -3.20157E-06  0.00000E+00  0.00000E+00  1.99054E+02
   266  3.30792E-03 -6.93942E+00 -6.93941E+00 -3.27781E-06  0.00000E+00  0.00000E+00  1.98817E+02
   267  3.39044E-03 -6.93791E+00 -6.93790E+00 -3.35576E-06  0.00000E+00  0.00000E+00  1.98575E+02
   268  3.47502E-03 -6.93636E+00 -6.93636E+00 -3.43546E-06  0.00000E+00  0.00000E+00  1.98327E+02
   269  3.56170E-03 -6.93477E+00 -6.93477E+00 -3.51694E-06  0.00000E+00  0.00000E+00  1.98074E+02
   270  3.65054E-03 -6.93315E+00 -6.93314E+00 -3.60023E-06  0.00000E+00  0.00000E+00  1.97815E+02
   271  3.74159E-03 -6.93148E+00 -6.93148E+00 -3.68536E-06  0.00000E+00  0.00000E+00  1.97551E+02
   272  3.83492E-03 -6.92977E+00 -6.92977E+00 -3.77238E-06  0.00000E+00  0.00000E+00  1.97281E+02
   273  3.93056E-03 -6.92802E+00 -6.92802E+00 -3.86132E-06  0.00000E+00  0.00000E+00  1.97004E+02
   274  4.02858E-03 -6.92623E+00 -6.92622E+00 -3.95222E-06  0.00000E+00  0.00000E+00  1.96722E+02
   275  4.12905E-03 -6.92439E+00 -6.92439E+00 -4.04510E-06  0.00000E+00  0.00000E+00  1.96433E+02
   276  4.23202E-03 -6.92251E+00 -6.92250E+00 -4.14002E-06  0.00000E+00  0.00000E+00  1.96138E+02
   277  4.33755E-03 -6.92058E+00 -6.92057E+00 -4.23699E-06  0.00000E+00  0.00000E+00  1.95836E+02
   278  4.44571E-03 -6.91860E+00 -6.91859E+00 -4.33607E-06  0.00000E+00  0.00000E+00  1.95527E+02
   279  4.55656E-03 -6.91657E+00 -6.91656E+00 -4.43729E-06  0.00000E+00  0.00000E+00  1.95212E+02
   280  4.67018E-03 -6.91449E+00 -6.91449E+00 -4.54069E-06  0.00000E+00  0.00000E+00  1.94889E+02
   281  4.78662E-03 -6.91236E+00 -6.91236E+00 -4.64630E-06  0.00000E+00  0.00000E+00  1.94560E+02
   282  4.90596E-03 -6.91018E+00 -6.91017E+00 -4.75416E-06  0.00000E+00  0.00000E+00  1.94223E+02
   283  5.02827E-03 -6.90794E+00 -6.90794E+00 -4.86432E-06  0.00000E+00  0.00000E+00  1.93878E+02
   284  5.15363E-03 -6.90565E+00 -6.90564E+00 -4.97681E-06  0.00000E+00  0.00000E+00  1.93526E+02
   285  5.28211E-03 -6.90330E+00 -6.90329E+00 -5.09166E-06  0.00000E+00  0.00000E+00  1.93166E+02
   286  5.41378E-03 -6.90089E+00 -6.90089E+00 -5.20892E-06  0.00000E+00  0.00000E+00  1.92799E+02
   287  5.54874E-03 -6.89843E+00 -6.89842E+00 -5.32863E-06  0.00000E+00  0.00000E+00  1.92423E+02
   288  5.68705E-03 -6.89590E+00 -6.89589E+00 -5.45082E-06  0.00000E+00  0.00000E+00  1.92039E+02
   289  5.82881E-03 -6.89331E+00 -6.89330E+00 -5.57553E-06  0.00000E+00  0.00000E+00  1.91646E+02
   290  5.97410E-03 -6.89065E+00 -6.89064E+00 -5.70281E-06  0.00000E+00  0.00000E+00  1.91245E+02
   291  6.12300E-03 -6.88793E+00 -6.88792E+00 -5.83268E-06  0.00000E+00  0.00000E+00  1.90835E+02
   292  6.27561E-03 -6.88514E+00 -6.88514E+00 -5.96520E-06  0.00000E+00  0.00000E+00  1.90416E+02
   293  6.43202E-03 -6.88228E+00 -6.88228E+00 -6.10039E-06  0.00000E+00  0.00000E+00  1.89988E+02
   294  6.59232E-03 -6.87936E+00 -6.87935E+00 -6.23829E-06  0.00000E+00  0.00000E+00  1.89551E+02
   295  6.75661E-03 -6.87635E+00 -6.87635E+00 -6.37894E-06  0.00000E+00  0.00000E+00  1.89104E+02
   296  6.92499E-03 -6.87328E+00 -6.87327E+00 -6.52238E-06  0.00000E+00  0.00000E+00  1.88647E+02
   297  7.09756E-03 -6.87013E+00 -6.87012E+00 -6.66865E-06  0.00000E+00  0.00000E+00  1.88180E+02
   298  7.27443E-03 -6.86690E+00 -6.86689E+00 -6.81777E-06  0.00000E+00  0.00000E+00  1.87704E+02
   299  7.45570E-03 -6.86359E+00 -6.86358E+00 -6.96979E-06  0.00000E+00  0.00000E+00  1.87217E+02
   300  7.64148E-03 -6.86020E+00 -6.86019E+00 -7.12474E-06  0.00000E+00  0.00000E+00  1.86719E+02
   301  7.83188E-03 -6.85673E+00 -6.85672E+00 -7.28265E-06  0.00000E+00  0.00000E+00  1.86211E+02
   302  8.02703E-03 -6.85317E+00 -6.85316E+00 -7.44356E-06  0.00000E+00  0.00000E+00  1.85692E+02
   303  8.22702E-03 -6.84952E+00 -6.84951E+00 -7.60750E-06  0.00000E+00  0.00000E+00  1.85162E+02
   304  8.43200E-03 -6.84578E+00 -6.84577E+00 -7.77449E-06  0.00000E+00  0.00000E+00  1.84620E+02
   305  8.64207E-03 -6.84195E+00 -6.84194E+00 -7.94457E-06  0.00000E+00  0.00000E+00  1.84067E+02
   306  8.85738E-03 -6.83803E+00 -6.83802E+00 -8.11777E-06  0.00000E+00  0.00000E+00  1.83503E+02
   307  9.07804E-03 -6.83401E+00 -6.83400E+00 -8.29412E-06  0.00000E+00  0.00000E+00  1.82926E+02
   308  9.30419E-03 -6.82989E+00 -6.82988E+00 -8.47363E-06  0.00000E+00  0.00000E+00  1.82337E+02
   309  9.53596E-03 -6.82567E+00 -6.82566E+00 -8.65633E-06  0.00000E+00  0.00000E+00  1.81736E+02
   310  9.77351E-03 -6.82134E+00 -6.82133E+00 -8.84226E-06  0.00000E+00  0.00000E+00  1.81122E+02
   311  1.00170E-02 -6.81691E+00 -6.81690E+00 -9.03141E-06  0.00000E+00  0.00000E+00  1.80496E+02
   312  1.02665E-02 -6.81237E+00 -6.81236E+00 -9.22383E-06  0.00000E+00  0.00000E+00  1.79856E+02
   313  1.05222E-02 -6.80772E+00 -6.80771E+00 -9.41951E-06  0.00000E+00  0.00000E+00  1.79203E+02
   314  1.07843E-02 -6.80295E+00 -6.80294E+00 -9.61848E-06  0.00000E+00  0.00000E+00  1.78537E+02
   315  1.10529E-02 -6.79807E+00 -6.79806E+00 -9.82074E-06  0.00000E+00  0.00000E+00  1.77857E+02
   316  1.13281E-02 -6.79307E+00 -6.79306E+00 -1.00263E-05  0.00000E+00  0.00000E+00  1.77163E+02
   317  1.16103E-02 -6.78794E+00 -6.78793E+00 -1.02352E-05  0.00000E+00  0.00000E+00  1.76456E+02
   318  1.18994E-02 -6.78269E+00 -6.78268E+00 -1.04474E-05  0.00000E+00  0.00000E+00  1.75733E+02
   319  1.21957E-02 -6.77731E+00 -6.77730E+00 -1.06629E-05  0.00000E+00  0.00000E+00  1.74996E+02
   320  1.24994E-02 -6.77180E+00 -6.77179E+00 -1.08818E-05  0.00000E+00  0.00000E+00  1.74245E+02
   321  1.28107E-02 -6.76616E+00 -6.76615E+00 -1.11039E-05  0.00000E+00  0.00000E+00  1.73478E+02
   322  1.31297E-02 -6.76038E+00 -6.76037E+00 -1.13293E-05  0.00000E+00  0.00000E+00  1.72696E+02
   323  1.34566E-02 -6.75446E+00 -6.75444E+00 -1.15581E-05  0.00000E+00  0.00000E+00  1.71899E+02
   324  1.37917E-02 -6.74839E+00 -6.74838E+00 -1.17901E-05  0.00000E+00  0.00000E+00  1.71086E+02
   325  1.41351E-02 -6.74218E+00 -6.74216E+00 -1.20253E-05  0.00000E+00  0.00000E+00  1.70257E+02
   326  1.44870E-02 -6.73581E+00 -6.73580E+00 -1.22638E-05  0.00000E+00  0.00000E+00  1.69412E+02
   327  1.48476E-02 -6.72929E+00 -6.72928E+00 -1.25054E-05  0.00000E+00  0.00000E+00  1.68551E+02
   328  1.52173E-02 -6.72262E+00 -6.72260E+00 -1.27502E-05  0.00000E+00  0.00000E+00  1.67673E+02
   329  1.55961E-02 -6.71578E+00 -6.71576E+00 -1.29981E-05  0.00000E+00  0.00000E+00  1.66778E+02
   330  1.59844E-02 -6.70877E+00 -6.70876E+00 -1.32491E-05  0.00000E+00  0.00000E+00  1.65867E+02
   331  1.63822E-02 -6.70160E+00 -6.70159E+00 -1.35031E-05  0.00000E+00  0.00000E+00  1.64938E+02
   332  1.67900E-02 -6.69426E+00 -6.69424E+00 -1.37601E-05  0.00000E+00  0.00000E+00  1.63992E+02
   333  1.72079E-02 -6.68674E+00 -6.68672E+00 -1.40200E-05  0.00000E+00  0.00000E+00  1.63029E+02
   334  1.76362E-02 -6.67904E+00 -6.67902E+00 -1.42827E-05  0.00000E+00  0.00000E+00  1.62047E+02
   335  1.80752E-02 -6.67115E+00 -6.67113E+00 -1.45481E-05  0.00000E+00  0.00000E+00  1.61048E+02
   336  1.85250E-02 -6.66307E+00 -6.66306E+00 -1.48162E-05  0.00000E+00  0.00000E+00  1.60031E+02
   337  1.89860E-02 -6.65481E+00 -6.65479E+00 -1.50869E-05  0.00000E+00  0.00000E+00  1.58995E+02
   338  1.94585E-02 -6.64634E+00 -6.64633E+00 -1.53601E-05  0.00000E+00  0.00000E+00  1.57942E+02
   339  1.99427E-02 -6.63768E+00 -6.63766E+00 -1.56356E-05  0.00000E+00  0.00000E+00  1.56869E+02
   340  2.04390E-02 -6.62880E+00 -6.62879E+00 -1.59134E-05  0.00000E+00  0.00000E+00  1.55778E+02
   341  2.09476E-02 -6.61972E+00 -6.61971E+00 -1.61934E-05  0.00000E+00  0.00000E+00  1.54668E+02
   342  2.14687E-02 -6.61043E+00 -6.61041E+00 -1.64754E-05  0.00000E+00  0.00000E+00  1.53539E+02
   343  2.20029E-02 -6.60091E+00 -6.60089E+00 -1.67592E-05  0.00000E+00  0.00000E+00  1.52391E+02
   344  2.25503E-02 -6.59117E+00 -6.59115E+00 -1.70448E-05  0.00000E+00  0.00000E+00  1.51223E+02
   345  2.31113E-02 -6.58120E+00 -6.58119E+00 -1.73320E-05  0.00000E+00  0.00000E+00  1.50037E+02
   346  2.36862E-02 -6.57100E+00 -6.57098E+00 -1.76206E-05  0.00000E+00  0.00000E+00  1.48831E+02
   347  2.42754E-02 -6.56056E+00 -6.56054E+00 -1.79104E-05  0.00000E+00  0.00000E+00  1.47605E+02
   348  2.48792E-02 -6.54988E+00 -6.54986E+00 -1.82012E-05  0.00000E+00  0.00000E+00  1.46360E+02
   349  2.54980E-02 -6.53895E+00 -6.53893E+00 -1.84930E-05  0.00000E+00  0.00000E+00  1.45095E+02
   350  2.61322E-02 -6.52777E+00 -6.52775E+00 -1.87853E-05  0.00000E+00  0.00000E+00  1.43811E+02
   351  2.67821E-02 -6.51633E+00 -6.51631E+00 -1.90782E-05  0.00000E+00  0.00000E+00  1.42507E+02
   352  2.74481E-02 -6.50462E+00 -6.50460E+00 -1.93712E-05  0.00000E+00  0.00000E+00  1.41184E+02
   353  2.81307E-02 -6.49265E+00 -6.49263E+00 -1.96642E-05  0.00000E+00  0.00000E+00  1.39840E+02
   354  2.88302E-02 -6.48041E+00 -6.48039E+00 -1.99569E-05  0.00000E+00  0.00000E+00  1.38477E+02
   355  2.95470E-02 -6.46788E+00 -6.46786E+00 -2.02492E-05  0.00000E+00  0.00000E+00  1.37095E+02
   356  3.02816E-02 -6.45508E+00 -6.45506E+00 -2.05406E-05  0.00000E+00  0.00000E+00  1.35693E+02
   357  3.10345E-02 -6.44198E+00 -6.44196E+00 -2.08309E-05  0.00000E+00  0.00000E+00  1.34272E+02
   358  3.18060E-02 -6.42859E+00 -6.42857E+00 -2.11199E-05  0.00000E+00  0.00000E+00  1.32831E+02
   359  3.25966E-02 -6.41491E+00 -6.41488E+00 -2.14071E-05  0.00000E+00  0.00000E+00  1.31371E+02
   360  3.34068E-02 -6.40091E+00 -6.40089E+00 -2.16924E-05  0.00000E+00  0.00000E+00  1.29892E+02
   361  3.42372E-02 -6.38661E+00 -6.38659E+00 -2.19754E-05  0.00000E+00  0.00000E+00  1.28394E+02
   362  3.50881E-02 -6.37199E+00 -6.37197E+00 -2.22557E-05  0.00000E+00  0.00000E+00  1.26877E+02
   363  3.59600E-02 -6.35706E+00 -6.35703E+00 -2.25330E-05  0.00000E+00  0.00000E+00  1.25342E+02
   364  3.68536E-02 -6.34179E+00 -6.34177E+00 -2.28069E-05  0.00000E+00  0.00000E+00  1.23789E+02
   365  3.77693E-02 -6.32620E+00 -6.32618E+00 -2.30771E-05  0.00000E+00  0.00000E+00  1.22218E+02
   366  3.87078E-02 -6.31027E+00 -6.31025E+00 -2.33431E-05  0.00000E+00  0.00000E+00  1.20629E+02
   367  3.96694E-02 -6.29400E+00 -6.29398E+00 -2.36046E-05  0.00000E+00  0.00000E+00  1.19022E+02
   368  4.06549E-02 -6.27738E+00 -6.27736E+00 -2.38612E-05  0.00000E+00  0.00000E+00  1.17399E+02
   369  4.16647E-02 -6.26042E+00 -6.26039E+00 -2.41125E-05  0.00000E+00  0.00000E+00  1.15759E+02
   370  4.26996E-02 -6.24309E+00 -6.24307E+00 -2.43579E-05  0.00000E+00  0.00000E+00  1.14102E+02
   371  4.37601E-02 -6.22541E+00 -6.22538E+00 -2.45972E-05  0.00000E+00  0.00000E+00  1.12430E+02
   372  4.48468E-02 -6.20736E+00 -6.20733E+00 -2.48299E-05  0.00000E+00  0.00000E+00  1.10743E+02
   373  4.59604E-02 -6.18894E+00 -6.18891E+00 -2.50554E-05  0.00000E+00  0.00000E+00  1.09041E+02
   374  4.71016E-02 -6.17015E+00 -6.17012E+00 -2.52734E-05  0.00000E+00  0.00000E+00  1.07324E+02
   375  4.82710E-02 -6.15097E+00 -6.15095E+00 -2.54834E-05  0.00000E+00  0.00000E+00  1.05593E+02
   376  4.94693E-02 -6.13142E+00 -6.13139E+00 -2.56849E-05  0.00000E+00  0.00000E+00  1.03850E+02
   377  5.06972E-02 -6.11147E+00 -6.11145E+00 -2.58775E-05  0.00000E+00  0.00000E+00  1.02094E+02
   378  5.19555E-02 -6.09114E+00 -6.09111E+00 -2.60606E-05  0.00000E+00  0.00000E+00  1.00325E+02
   379  5.32449E-02 -6.07041E+00 -6.07038E+00 -2.62338E-05  0.00000E+00  0.00000E+00  9.85460E+01
   380  5.45662E-02 -6.04928E+00 -6.04925E+00 -2.63966E-05  0.00000E+00  0.00000E+00  9.67561E+01
   381  5.59201E-02 -6.02775E+00 -6.02772E+00 -2.65486E-05  0.00000E+00  0.00000E+00  9.49565E+01
   382  5.73075E-02 -6.00581E+00 -6.00578E+00 -2.66891E-05  0.00000E+00  0.00000E+00  9.31478E+01
   383  5.87291E-02 -5.98347E+00 -5.98344E+00 -2.68178E-05  0.00000E+00  0.00000E+00  9.13310E+01
   384  6.01858E-02 -5.96071E+00 -5.96068E+00 -2.69342E-05  0.00000E+00  0.00000E+00  8.95068E+01
   385  6.16785E-02 -5.93754E+00 -5.93752E+00 -2.70378E-05  0.00000E+00  0.00000E+00  8.76762E+01
   386  6.32080E-02 -5.91396E+00 -5.91394E+00 -2.71282E-05  0.00000E+00  0.00000E+00  8.58401E+01
   387  6.47752E-02 -5.88996E+00 -5.88994E+00 -2.72048E-05  0.00000E+00  0.00000E+00  8.39993E+01
   388  6.63811E-02 -5.86555E+00 -5.86552E+00 -2.72672E-05  0.00000E+00  0.00000E+00  8.21550E+01
   389  6.80267E-02 -5.84071E+00 -5.84069E+00 -2.73150E-05  0.00000E+00  0.00000E+00  8.03080E+01
   390  6.97128E-02 -5.81546E+00 -5.81543E+00 -2.73478E-05  0.00000E+00  0.00000E+00  7.84594E+01
   391  7.14404E-02 -5.78979E+00 -5.78976E+00 -2.73651E-05  0.00000E+00  0.00000E+00  7.66102E+01
   392  7.32106E-02 -5.76369E+00 -5.76366E+00 -2.73666E-05  0.00000E+00  0.00000E+00  7.47616E+01
   393  7.50245E-02 -5.73718E+00 -5.73715E+00 -2.73519E-05  0.00000E+00  0.00000E+00  7.29146E+01
   394  7.68830E-02 -5.71025E+00 -5.71022E+00 -2.73206E-05  0.00000E+00  0.00000E+00  7.10704E+01
   395  7.87872E-02 -5.68290E+00 -5.68287E+00 -2.72724E-05  0.00000E+00  0.00000E+00  6.92301E+01
   396  8.07384E-02 -5.65513E+00 -5.65511E+00 -2.72070E-05  0.00000E+00  0.00000E+00  6.73948E+01
   397  8.27375E-02 -5.62696E+00 -5.62693E+00 -2.71242E-05  0.00000E+00  0.00000E+00  6.55659E+01
   398  8.47859E-02 -5.59837E+00 -5.59834E+00 -2.70236E-05  0.00000E+00  0.00000E+00  6.37444E+01
   399  8.68846E-02 -5.56937E+00 -5.56935E+00 -2.69051E-05  0.00000E+00  0.00000E+00  6.19316E+01
   400  8.90349E-02 -5.53997E+00 -5.53995E+00 -2.67684E-05  0.00000E+00  0.00000E+00  6.01288E+01
   401  9.12380E-02 -5.51017E+00 -5.51015E+00 -2.66135E-05  0.00000E+00  0.00000E+00  5.83371E+01
   402  9.34953E-02 -5.47998E+00 -5.47995E+00 -2.64402E-05  0.00000E+00  0.00000E+00  5.65578E+01
   403  9.58080E-02 -5.44939E+00 -5.44937E+00 -2.62484E-05  0.00000E+00  0.00000E+00  5.47921E+01
   404  9.81775E-02 -5.41842E+00 -5.41840E+00 -2.60382E-05  0.00000E+00  0.00000E+00  5.30414E+01
   405  1.00605E-01 -5.38707E+00 -5.38705E+00 -2.58096E-05  0.00000E+00  0.00000E+00  5.13068E+01
   406  1.03092E-01 -5.35535E+00 -5.35533E+00 -2.55625E-05  0.00000E+00  0.00000E+00  4.95895E+01
   407  1.05641E-01 -5.32327E+00 -5.32324E+00 -2.52972E-05  0.00000E+00  0.00000E+00  4.78909E+01
   408  1.08251E-01 -5.29082E+00 -5.29079E+00 -2.50137E-05  0.00000E+00  0.00000E+00  4.62122E+01
   409  1.10926E-01 -5.25802E+00 -5.25800E+00 -2.47123E-05  0.00000E+00  0.00000E+00  4.45544E+01
   410  1.13666E-01 -5.22488E+00 -5.22486E+00 -2.43933E-05  0.00000E+00  0.00000E+00  4.29190E+01
   411  1.16473E-01 -5.19141E+00 -5.19138E+00 -2.40569E-05  0.00000E+00  0.00000E+00  4.13069E+01
   412  1.19349E-01 -5.15761E+00 -5.15759E+00 -2.37036E-05  0.00000E+00  0.00000E+00  3.97193E+01
   413  1.22295E-01 -5.12349E+00 -5.12347E+00 -2.33337E-05  0.00000E+00  0.00000E+00  3.81574E+01
   414  1.25314E-01 -5.08907E+00 -5.08905E+00 -2.29477E-05  0.00000E+00  0.00000E+00  3.66223E+01
   415  1.28406E-01 -5.05435E+00 -5.05433E+00 -2.25461E-05  0.00000E+00  0.00000E+00  3.51149E+01
   416  1.31573E-01 -5.01935E+00 -5.01933E+00 -2.21295E-05  0.00000E+00  0.00000E+00  3.36363E+01
   417  1.34818E-01 -4.98407E+00 -4.98405E+00 -2.16986E-05  0.00000E+00  0.00000E+00  3.21874E+01
   418  1.38142E-01 -4.94852E+00 -4.94850E+00 -2.12541E-05  0.00000E+00  0.00000E+00  3.07692E+01
   419  1.41548E-01 -4.91272E+00 -4.91270E+00 -2.07966E-05  0.00000E+00  0.00000E+00  2.93826E+01
   420  1.45036E-01 -4.87668E+00 -4.87666E+00 -2.03269E-05  0.00000E+00  0.00000E+00  2.80282E+01
   421  1.48609E-01 -4.84040E+00 -4.84038E+00 -1.98459E-05  0.00000E+00  0.00000E+00  2.67070E+01
   422  1.52269E-01 -4.80389E+00 -4.80387E+00 -1.93545E-05  0.00000E+00  0.00000E+00  2.54196E+01
   423  1.56019E-01 -4.76718E+00 -4.76716E+00 -1.88536E-05  0.00000E+00  0.00000E+00  2.41666E+01
   424  1.59859E-01 -4.73026E+00 -4.73024E+00 -1.83441E-05  0.00000E+00  0.00000E+00  2.29487E+01
   425  1.63793E-01 -4.69315E+00 -4.69313E+00 -1.78272E-05  0.00000E+00  0.00000E+00  2.17662E+01
   426  1.67823E-01 -4.65585E+00 -4.65583E+00 -1.73037E-05  0.00000E+00  0.00000E+00  2.06198E+01
   427  1.71950E-01 -4.61838E+00 -4.61837E+00 -1.67747E-05  0.00000E+00  0.00000E+00  1.95096E+01
   428  1.76177E-01 -4.58075E+00 -4.58073E+00 -1.62414E-05  0.00000E+00  0.00000E+00  1.84361E+01
   429  1.80507E-01 -4.54296E+00 -4.54295E+00 -1.57050E-05  0.00000E+00  0.00000E+00  1.73995E+01
   430  1.84942E-01 -4.50502E+00 -4.50501E+00 -1.51664E-05  0.00000E+00  0.00000E+00  1.63998E+01
   431  1.89484E-01 -4.46694E+00 -4.46693E+00 -1.46269E-05  0.00000E+00  0.00000E+00  1.54373E+01
   432  1.94137E-01 -4.42873E+00 -4.42871E+00 -1.40876E-05  0.00000E+00  0.00000E+00  1.45118E+01
   433  1.98901E-01 -4.39038E+00 -4.39037E+00 -1.35497E-05  0.00000E+00  0.00000E+00  1.36234E+01
   434  2.03781E-01 -4.35191E+00 -4.35190E+00 -1.30144E-05  0.00000E+00  0.00000E+00  1.27718E+01
   435  2.08779E-01 -4.31331E+00 -4.31330E+00 -1.24828E-05  0.00000E+00  0.00000E+00  1.19568E+01
   436  2.13897E-01 -4.27460E+00 -4.27459E+00 -1.19560E-05  0.00000E+00  0.00000E+00  1.11782E+01
   437  2.19139E-01 -4.23577E+00 -4.23576E+00 -1.14352E-05  0.00000E+00  0.00000E+00  1.04355E+01
   438  2.24507E-01 -4.19682E+00 -4.19681E+00 -1.09214E-05  0.00000E+00  0.00000E+00  9.72837E+00
   439  2.30004E-01 -4.15776E+00 -4.15775E+00 -1.04158E-05  0.00000E+00  0.00000E+00  9.05623E+00
   440  2.35634E-01 -4.11857E+00 -4.11856E+00 -9.91937E-06  0.00000E+00  0.00000E+00  8.41852E+00
   441  2.41398E-01 -4.07926E+00 -4.07925E+00 -9.43305E-06  0.00000E+00  0.00000E+00  7.81459E+00
   442  2.47302E-01 -4.03983E+00 -4.03982E+00 -8.95782E-06  0.00000E+00  0.00000E+00  7.24376E+00
   443  2.53346E-01 -4.00026E+00 -4.00025E+00 -8.49457E-06  0.00000E+00  0.00000E+00  6.70525E+00
   444  2.59536E-01 -3.96055E+00 -3.96054E+00 -8.04413E-06  0.00000E+00  0.00000E+00  6.19825E+00
   445  2.65874E-01 -3.92069E+00 -3.92068E+00 -7.60727E-06  0.00000E+00  0.00000E+00  5.72191E+00
   446  2.72363E-01 -3.88067E+00 -3.88067E+00 -7.18470E-06  0.00000E+00  0.00000E+00  5.27530E+00
   447  2.79008E-01 -3.84049E+00 -3.84048E+00 -6.77707E-06  0.00000E+00  0.00000E+00  4.85750E+00
   448  2.85811E-01 -3.80012E+00 -3.80012E+00 -6.38493E-06  0.00000E+00  0.00000E+00  4.46749E+00
   449  2.92776E-01 -3.75956E+00 -3.75956E+00 -6.00877E-06  0.00000E+00  0.00000E+00  4.10427E+00
   450  2.99907E-01 -3.71880E+00 -3.71879E+00 -5.64902E-06  0.00000E+00  0.00000E+00  3.76679E+00
   451  3.07208E-01 -3.67781E+00 -3.67780E+00 -5.30600E-06  0.00000E+00  0.00000E+00  3.45398E+00
   452  3.14683E-01 -3.63658E+00 -3.63658E+00 -4.97996E-06  0.00000E+00  0.00000E+00  3.16474E+00
   453  3.22335E-01 -3.59510E+00 -3.59510E+00 -4.67110E-06  0.00000E+00  0.00000E+00  2.89798E+00
   454  3.30168E-01 -3.55335E+00 -3.55335E+00 -4.37948E-06  0.00000E+00  0.00000E+00  2.65260E+00
   455  3.38188E-01 -3.51131E+00 -3.51130E+00 -4.10513E-06  0.00000E+00  0.00000E+00  2.42747E+00
   456  3.46396E-01 -3.46896E+00 -3.46895E+00 -3.84798E-06  0.00000E+00  0.00000E+00  2.22149E+00
   457  3.54799E-01 -3.42628E+00 -3.42628E+00 -3.60789E-06  0.00000E+00  0.00000E+00  2.03355E+00
   458  3.63400E-01 -3.38326E+00 -3.38326E+00 -3.38463E-06  0.00000E+00  0.00000E+00  1.86256E+00
   459  3.72204E-01 -3.33988E+00 -3.33988E+00 -3.17791E-06  0.00000E+00  0.00000E+00  1.70743E+00
   460  3.81215E-01 -3.29612E+00 -3.29611E+00 -2.98738E-06  0.00000E+00  0.00000E+00  1.56712E+00
   461  3.90438E-01 -3.25196E+00 -3.25195E+00 -2.81260E-06  0.00000E+00  0.00000E+00  1.44058E+00
   462  3.99878E-01 -3.20738E+00 -3.20738E+00 -2.65308E-06  0.00000E+00  0.00000E+00  1.32680E+00
   463  4.09538E-01 -3.16238E+00 -3.16238E+00 -2.50830E-06  0.00000E+00  0.00000E+00  1.22481E+00
   464  4.19425E-01 -3.11693E+00 -3.11693E+00 -2.37765E-06  0.00000E+00  0.00000E+00  1.13364E+00
   465  4.29543E-01 -3.07103E+00 -3.07103E+00 -2.26049E-06  0.00000E+00  0.00000E+00  1.05239E+00
   466  4.39897E-01 -3.02465E+00 -3.02465E+00 -2.15615E-06  0.00000E+00  0.00000E+00  9.80189E-01
   467  4.50493E-01 -2.97780E+00 -2.97780E+00 -2.06392E-06  0.00000E+00  0.00000E+00  9.16193E-01
   468  4.61334E-01 -2.93046E+00 -2.93046E+00 -1.98306E-06  0.00000E+00  0.00000E+00  8.59608E-01
   469  4.72428E-01 -2.88263E+00 -2.88262E+00 -1.91280E-06  0.00000E+00  0.00000E+00  8.09682E-01
   470  4.83779E-01 -2.83430E+00 -2.83429E+00 -1.85237E-06  0.00000E+00  0.00000E+00  7.65705E-01
   471  4.95393E-01 -2.78547E+00 -2.78547E+00 -1.80099E-06  0.00000E+00  0.00000E+00  7.27012E-01
   472  5.07275E-01 -2.73614E+00 -2.73614E+00 -1.75786E-06  0.00000E+00  0.00000E+00  6.92981E-01
   473  5.19431E-01 -2.68633E+00 -2.68632E+00 -1.72219E-06  0.00000E+00  0.00000E+00  6.63033E-01
   474  5.31867E-01 -2.63602E+00 -2.63602E+00 -1.69322E-06  0.00000E+00  0.00000E+00  6.36636E-01
   475  5.44589E-01 -2.58525E+00 -2.58524E+00 -1.67016E-06  0.00000E+00  0.00000E+00  6.13297E-01
   476  5.57602E-01 -2.53401E+00 -2.53401E+00 -1.65228E-06  0.00000E+00  0.00000E+00  5.92569E-01
   477  5.70914E-01 -2.48232E+00 -2.48232E+00 -1.63883E-06  0.00000E+00  0.00000E+00  5.74042E-01
   478  5.84530E-01 -2.43021E+00 -2.43021E+00 -1.62913E-06  0.00000E+00  0.00000E+00  5.57350E-01
   479  5.98456E-01 -2.37770E+00 -2.37770E+00 -1.62249E-06  0.00000E+00  0.00000E+00  5.42161E-01
   480  6.12699E-01 -2.32481E+00 -2.32481E+00 -1.61827E-06  0.00000E+00  0.00000E+00  5.28183E-01
   481  6.27266E-01 -2.27157E+00 -2.27157E+00 -1.61589E-06  0.00000E+00  0.00000E+00  5.15155E-01
   482  6.42163E-01 -2.21802E+00 -2.21802E+00 -1.61476E-06  0.00000E+00  0.00000E+00  5.02853E-01
   483  6.57397E-01 -2.16418E+00 -2.16418E+00 -1.61436E-06  0.00000E+00  0.00000E+00  4.91080E-01
   484  6.72974E-01 -2.11011E+00 -2.11011E+00 -1.61421E-06  0.00000E+00  0.00000E+00  4.79669E-01
   485  6.88902E-01 -2.05584E+00 -2.05583E+00 -1.61388E-06  0.00000E+00  0.00000E+00  4.68481E-01
   486  7.05188E-01 -2.00141E+00 -2.00141E+00 -1.61295E-06  0.00000E+00  0.00000E+00  4.57400E-01
   487  7.21838E-01 -1.94687E+00 -1.94687E+00 -1.61108E-06  0.00000E+00  0.00000E+00  4.46331E-01
   488  7.38861E-01 -1.89228E+00 -1.89227E+00 -1.60796E-06  0.00000E+00  0.00000E+00  4.35203E-01
   489  7.56263E-01 -1.83767E+00 -1.83767E+00 -1.60332E-06  0.00000E+00  0.00000E+00  4.23961E-01
   490  7.74052E-01 -1.78312E+00 -1.78312E+00 -1.59693E-06  0.00000E+00  0.00000E+00  4.12566E-01
   491  7.92236E-01 -1.72867E+00 -1.72867E+00 -1.58860E-06  0.00000E+00  0.00000E+00  4.00994E-01
   492  8.10822E-01 -1.67437E+00 -1.67437E+00 -1.57818E-06  0.00000E+00  0.00000E+00  3.89234E-01
   493  8.29817E-01 -1.62030E+00 -1.62030E+00 -1.56558E-06  0.00000E+00  0.00000E+00  3.77287E-01
   494  8.49231E-01 -1.56650E+00 -1.56650E+00 -1.55071E-06  0.00000E+00  0.00000E+00  3.65160E-01
   495  8.69070E-01 -1.51304E+00 -1.51304E+00 -1.53353E-06  0.00000E+00  0.00000E+00  3.52871E-01
   496  8.89344E-01 -1.45998E+00 -1.45997E+00 -1.51403E-06  0.00000E+00  0.00000E+00  3.40443E-01
   497  9.10059E-01 -1.40737E+00 -1.40737E+00 -1.49224E-06  0.00000E+00  0.00000E+00  3.27904E-01
   498  9.31226E-01 -1.35528E+00 -1.35528E+00 -1.46819E-06  0.00000E+00  0.00000E+00  3.15287E-01
   499  9.52850E-01 -1.30377E+00 -1.30377E+00 -1.44196E-06  0.00000E+00  0.00000E+00  3.02627E-01
   500  9.74943E-01 -1.25290E+00 -1.25289E+00 -1.41364E-06  0.00000E+00  0.00000E+00  2.89960E-01
   501  9.97511E-01 -1.20272E+00 -1.20271E+00 -1.38334E-06  0.00000E+00  0.00000E+00  2.77326E-01
   502  1.02056E+00 -1.15328E+00 -1.15328E+00 -1.35119E-06  0.00000E+00  0.00000E+00  2.64761E-01
   503  1.04411E+00 -1.10466E+00 -1.10466E+00 -1.31732E-06  0.00000E+00  0.00000E+00  2.52303E-01
   504  1.06816E+00 -1.05689E+00 -1.05689E+00 -1.28189E-06  0.00000E+00  0.00000E+00  2.39990E-01
   505  1.09272E+00 -1.01003E+00 -1.01003E+00 -1.24506E-06  0.00000E+00  0.00000E+00  2.27856E-01
   506  1.11780E+00 -9.64120E-01 -9.64119E-01 -1.20700E-06  0.00000E+00  0.00000E+00  2.15934E-01
   507  1.14340E+00 -9.19212E-01 -9.19211E-01 -1.16788E-06  0.00000E+00  0.00000E+00  2.04256E-01
   508  1.16955E+00 -8.75345E-01 -8.75344E-01 -1.12788E-06  0.00000E+00  0.00000E+00  1.92851E-01
   509  1.19625E+00 -8.32557E-01 -8.32556E-01 -1.08718E-06  0.00000E+00  0.00000E+00  1.81743E-01
   510  1.22350E+00 -7.90884E-01 -7.90883E-01 -1.04595E-06  0.00000E+00  0.00000E+00  1.70956E-01
   511  1.25132E+00 -7.50358E-01 -7.50357E-01 -1.00436E-06  0.00000E+00  0.00000E+00  1.60509E-01
   512  1.27971E+00 -7.11006E-01 -7.11005E-01 -9.62593E-07  0.00000E+00  0.00000E+00  1.50421E-01
   513  1.30869E+00 -6.72853E-01 -6.72852E-01 -9.20805E-07  0.00000E+00  0.00000E+00  1.40704E-01
   514  1.33827E+00 -6.35920E-01 -6.35919E-01 -8.79154E-07  0.00000E+00  0.00000E+00  1.31371E-01
   515  1.36845E+00 -6.00223E-01 -6.00222E-01 -8.37791E-07  0.00000E+00  0.00000E+00  1.22429E-01
   516  1.39925E+00 -5.65775E-01 -5.65774E-01 -7.96858E-07  0.00000E+00  0.00000E+00  1.13884E-01
   517  1.43067E+00 -5.32586E-01 -5.32585E-01 -7.56487E-07  0.00000E+00  0.00000E+00  1.05740E-01
   518  1.46272E+00 -5.00659E-01 -5.00659E-01 -7.16800E-07  0.00000E+00  0.00000E+00  9.79971E-02
   519  1.49542E+00 -4.69998E-01 -4.69997E-01 -6.77909E-07  0.00000E+00  0.00000E+00  9.06536E-02
   520  1.52878E+00 -4.40599E-01 -4.40599E-01 -6.39916E-07  0.00000E+00  0.00000E+00  8.37060E-02
   521  1.56279E+00 -4.12457E-01 -4.12457E-01 -6.02912E-07  0.00000E+00  0.00000E+00  7.71488E-02
   522  1.59749E+00 -3.85563E-01 -3.85562E-01 -5.66977E-07  0.00000E+00  0.00000E+00  7.09749E-02
   523  1.63287E+00 -3.59904E-01 -3.59903E-01 -5.32179E-07  0.00000E+00  0.00000E+00  6.51755E-02
   524  1.66894E+00 -3.35464E-01 -3.35463E-01 -4.98576E-07  0.00000E+00  0.00000E+00  5.97405E-02
   525  1.70571E+00 -3.12224E-01 -3.12224E-01 -4.66218E-07  0.00000E+00  0.00000E+00  5.46588E-02
   526  1.74321E+00 -2.90164E-01 -2.90163E-01 -4.35141E-07  0.00000E+00  0.00000E+00  4.99181E-02
   527  1.78142E+00 -2.69259E-01 -2.69258E-01 -4.05374E-07  0.00000E+00  0.00000E+00  4.55056E-02
   528  1.82038E+00 -2.49482E-01 -2.49482E-01 -3.76935E-07  0.00000E+00  0.00000E+00  4.14078E-02
   529  1.86008E+00 -2.30806E-01 -2.30806E-01 -3.49835E-07  0.00000E+00  0.00000E+00  3.76105E-02
   530  1.90053E+00 -2.13200E-01 -2.13199E-01 -3.24075E-07  0.00000E+00  0.00000E+00  3.40995E-02
   531  1.94175E+00 -1.96630E-01 -1.96630E-01 -2.99651E-07  0.00000E+00  0.00000E+00  3.08603E-02
   532  1.98375E+00 -1.81065E-01 -1.81065E-01 -2.76550E-07  0.00000E+00  0.00000E+00  2.78782E-02
   533  2.02653E+00 -1.66469E-01 -1.66469E-01 -2.54753E-07  0.00000E+00  0.00000E+00  2.51387E-02
   534  2.07011E+00 -1.52806E-01 -1.52805E-01 -2.34235E-07  0.00000E+00  0.00000E+00  2.26275E-02
   535  2.11450E+00 -1.40038E-01 -1.40038E-01 -2.14968E-07  0.00000E+00  0.00000E+00  2.03303E-02
   536  2.15970E+00 -1.28130E-01 -1.28130E-01 -1.96917E-07  0.00000E+00  0.00000E+00  1.82334E-02
   537  2.20573E+00 -1.17044E-01 -1.17044E-01 -1.80045E-07  0.00000E+00  0.00000E+00  1.63233E-02
   538  2.25260E+00 -1.06741E-01 -1.06740E-01 -1.64312E-07  0.00000E+00  0.00000E+00  1.45869E-02
   539  2.30031E+00 -9.71830E-02 -9.71829E-02 -1.49673E-07  0.00000E+00  0.00000E+00  1.30117E-02
   540  2.34888E+00 -8.83335E-02 -8.83333E-02 -1.36084E-07  0.00000E+00  0.00000E+00  1.15857E-02
   541  2.39832E+00 -8.01547E-02 -8.01545E-02 -1.23497E-07  0.00000E+00  0.00000E+00  1.02974E-02
   542  2.44863E+00 -7.26098E-02 -7.26097E-02 -1.11865E-07  0.00000E+00  0.00000E+00  9.13584E-03
   543  2.49983E+00 -6.56628E-02 -6.56627E-02 -1.01139E-07  0.00000E+00  0.00000E+00  8.09070E-03
   544  2.55192E+00 -5.92782E-02 -5.92781E-02 -9.12704E-08  0.00000E+00  0.00000E+00  7.15220E-03
   545  2.60492E+00 -5.34217E-02 -5.34216E-02 -8.22104E-08  0.00000E+00  0.00000E+00  6.31115E-03
   546  2.65884E+00 -4.80597E-02 -4.80596E-02 -7.39108E-08  0.00000E+00  0.00000E+00  5.55896E-03
   547  2.71368E+00 -4.31598E-02 -4.31598E-02 -6.63244E-08  0.00000E+00  0.00000E+00  4.88756E-03
   548  2.76945E+00 -3.86909E-02 -3.86908E-02 -5.94048E-08  0.00000E+00  0.00000E+00  4.28949E-03
   549  2.82616E+00 -3.46228E-02 -3.46227E-02 -5.31071E-08  0.00000E+00  0.00000E+00  3.75779E-03
   550  2.88383E+00 -3.09267E-02 -3.09267E-02 -4.73875E-08  0.00000E+00  0.00000E+00  3.28603E-03
   551  2.94245E+00 -2.75752E-02 -2.75752E-02 -4.22041E-08  0.00000E+00  0.00000E+00  2.86828E-03
   552  3.00205E+00 -2.45422E-02 -2.45421E-02 -3.75166E-08  0.00000E+00  0.00000E+00  2.49910E-03
   553  3.06262E+00 -2.18026E-02 -2.18026E-02 -3.32866E-08  0.00000E+00  0.00000E+00  2.17347E-03
   554  3.12418E+00 -1.93331E-02 -1.93331E-02 -2.94775E-08  0.00000E+00  0.00000E+00  1.88682E-03
   555  3.18674E+00 -1.71114E-02 -1.71114E-02 -2.60546E-08  0.00000E+00  0.00000E+00  1.63499E-03
   556  3.25029E+00 -1.51167E-02 -1.51166E-02 -2.29853E-08  0.00000E+00  0.00000E+00  1.41418E-03
   557  3.31486E+00 -1.33293E-02 -1.33292E-02 -2.02387E-08  0.00000E+00  0.00000E+00  1.22094E-03
   558  3.38045E+00 -1.17309E-02 -1.17309E-02 -1.77863E-08  0.00000E+00  0.00000E+00  1.05217E-03
   559  3.44706E+00 -1.03044E-02 -1.03044E-02 -1.56009E-08  0.00000E+00  0.00000E+00  9.05063E-04
   560  3.51471E+00 -9.03402E-03 -9.03400E-03 -1.36577E-08  0.00000E+00  0.00000E+00  7.77081E-04
   561  3.58340E+00 -7.90488E-03 -7.90487E-03 -1.19335E-08  0.00000E+00  0.00000E+00  6.65960E-04
   562  3.65314E+00 -6.90339E-03 -6.90338E-03 -1.04066E-08  0.00000E+00  0.00000E+00  5.69667E-04
   563  3.72394E+00 -6.01693E-03 -6.01693E-03 -9.05750E-09  0.00000E+00  0.00000E+00  4.86388E-04
   564  3.79580E+00 -5.23395E-03 -5.23394E-03 -7.86786E-09  0.00000E+00  0.00000E+00  4.14506E-04
   565  3.86873E+00 -4.54379E-03 -4.54378E-03 -6.82106E-09  0.00000E+00  0.00000E+00  3.52583E-04
   566  3.94273E+00 -3.93674E-03 -3.93674E-03 -5.90189E-09  0.00000E+00  0.00000E+00  2.99344E-04
   567  4.01782E+00 -3.40392E-03 -3.40392E-03 -5.09648E-09  0.00000E+00  0.00000E+00  2.53663E-04
   568  4.09400E+00 -2.93725E-03 -2.93724E-03 -4.39224E-09  0.00000E+00  0.00000E+00  2.14544E-04
   569  4.17127E+00 -2.52938E-03 -2.52938E-03 -3.77776E-09  0.00000E+00  0.00000E+00  1.81110E-04
   570  4.24965E+00 -2.17368E-03 -2.17368E-03 -3.24274E-09  0.00000E+00  0.00000E+00  1.52593E-04
   571  4.32913E+00 -1.86414E-03 -1.86414E-03 -2.77788E-09  0.00000E+00  0.00000E+00  1.28319E-04
   572  4.40972E+00 -1.59536E-03 -1.59535E-03 -2.37484E-09  0.00000E+00  0.00000E+00  1.07696E-04
   573  4.49142E+00 -1.36247E-03 -1.36247E-03 -2.02615E-09  0.00000E+00  0.00000E+00  9.02121E-05
   574  4.57425E+00 -1.16114E-03 -1.16114E-03 -1.72512E-09  0.00000E+00  0.00000E+00  7.54184E-05
   575  4.65821E+00 -9.87463E-04 -9.87462E-04 -1.46580E-09  0.00000E+00  0.00000E+00  6.29266E-05
   576  4.74329E+00 -8.37979E-04 -8.37977E-04 -1.24289E-09  0.00000E+00  0.00000E+00  5.24000E-05
   577  4.82951E+00 -7.09603E-04 -7.09602E-04 -1.05169E-09  0.00000E+00  0.00000E+00  4.35475E-05
   578  4.91687E+00 -5.99602E-04 -5.99601E-04 -8.88051E-10  0.00000E+00  0.00000E+00  3.61182E-05
   579  5.00538E+00 -5.05558E-04 -5.05557E-04 -7.48299E-10  0.00000E+00  0.00000E+00  2.98962E-05
   580  5.09502E+00 -4.25339E-04 -4.25338E-04 -6.29210E-10  0.00000E+00  0.00000E+00  2.46960E-05
   581  5.18582E+00 -3.57067E-04 -3.57067E-04 -5.27952E-10  0.00000E+00  0.00000E+00  2.03589E-05
   582  5.27777E+00 -2.99097E-04 -2.99097E-04 -4.42047E-10  0.00000E+00  0.00000E+00  1.67492E-05
   583  5.37088E+00 -2.49986E-04 -2.49986E-04 -3.69327E-10  0.00000E+00  0.00000E+00  1.37513E-05
   584  5.46514E+00 -2.08477E-04 -2.08477E-04 -3.07907E-10  0.00000E+00  0.00000E+00  1.12667E-05
   585  5.56057E+00 -1.73475E-04 -1.73474E-04 -2.56146E-10  0.00000E+00  0.00000E+00  9.21184E-06
   586  5.65715E+00 -1.44027E-04 -1.44026E-04 -2.12624E-10  0.00000E+00  0.00000E+00  7.51609E-06
   587  5.75491E+00 -1.19310E-04 -1.19310E-04 -1.76112E-10  0.00000E+00  0.00000E+00  6.11967E-06
   588  5.85382E+00 -9.86129E-05 -9.86127E-05 -1.45550E-10  0.00000E+00  0.00000E+00  4.97223E-06
   589  5.95391E+00 -8.13225E-05 -8.13224E-05 -1.20028E-10  0.00000E+00  0.00000E+00  4.03140E-06
   590  6.05517E+00 -6.69120E-05 -6.69119E-05 -9.87616E-11  0.00000E+00  0.00000E+00  3.26166E-06
   591  6.15759E+00 -5.49303E-05 -5.49302E-05 -8.10832E-11  0.00000E+00  0.00000E+00  2.63328E-06
   592  6.26119E+00 -4.49915E-05 -4.49914E-05 -6.64211E-11  0.00000E+00  0.00000E+00  2.12142E-06
   593  6.36596E+00 -3.67670E-05 -3.67669E-05 -5.42887E-11  0.00000E+00  0.00000E+00  1.70539E-06
   594  6.47191E+00 -2.99772E-05 -2.99772E-05 -4.42730E-11  0.00000E+00  0.00000E+00  1.36799E-06
   595  6.57902E+00 -2.43853E-05 -2.43853E-05 -3.60239E-11  0.00000E+00  0.00000E+00  1.09498E-06
   596  6.68731E+00 -1.97910E-05 -1.97910E-05 -2.92457E-11  0.00000E+00  0.00000E+00  8.74556E-07
   597  6.79677E+00 -1.60254E-05 -1.60254E-05 -2.36892E-11  0.00000E+00  0.00000E+00  6.96987E-07
   598  6.90740E+00 -1.29464E-05 -1.29464E-05 -1.91449E-11  0.00000E+00  0.00000E+00  5.54262E-07
   599  7.01921E+00 -1.04348E-05 -1.04348E-05 -1.54372E-11  0.00000E+00  0.00000E+00  4.39802E-07
   600  7.13218E+00 -8.39112E-06 -8.39111E-06 -1.24192E-11  0.00000E+00  0.00000E+00  3.48216E-07
   601  7.24633E+00 -6.73209E-06 -6.73208E-06 -9.96846E-12  0.00000E+00  0.00000E+00  2.75098E-07
   602  7.36164E+00 -5.38859E-06 -5.38858E-06 -7.98306E-12  0.00000E+00  0.00000E+00  2.16856E-07
   603  7.47812E+00 -4.30324E-06 -4.30323E-06 -6.37847E-12  0.00000E+00  0.00000E+00  1.70569E-07
   604  7.59577E+00 -3.42855E-06 -3.42854E-06 -5.08474E-12  0.00000E+00  0.00000E+00  1.33867E-07
   605  7.71458E+00 -2.72534E-06 -2.72533E-06 -4.04412E-12  0.00000E+00  0.00000E+00  1.04831E-07
   606  7.83455E+00 -2.16135E-06 -2.16135E-06 -3.20911E-12  0.00000E+00  0.00000E+00  8.19118E-08
   607  7.95569E+00 -1.71011E-06 -1.71011E-06 -2.54066E-12  0.00000E+00  0.00000E+00  6.38625E-08
   608  8.07798E+00 -1.34996E-06 -1.34996E-06 -2.00684E-12  0.00000E+00  0.00000E+00  4.96806E-08
   609  8.20142E+00 -1.06320E-06 -1.06320E-06 -1.58154E-12  0.00000E+00  0.00000E+00  3.85628E-08
   610  8.32602E+00 -8.35420E-07 -8.35419E-07 -1.24352E-12  0.00000E+00  0.00000E+00  2.98671E-08
   611  8.45176E+00 -6.54931E-07 -6.54930E-07 -9.75505E-13  0.00000E+00  0.00000E+00  2.30812E-08
   612  8.57866E+00 -5.12255E-07 -5.12254E-07 -7.63503E-13  0.00000E+00  0.00000E+00  1.77979E-08
   613  8.70669E+00 -3.99741E-07 -3.99741E-07 -5.96209E-13  0.00000E+00  0.00000E+00  1.36937E-08
   614  8.83587E+00 -3.11226E-07 -3.11225E-07 -4.64507E-13  0.00000E+00  0.00000E+00  1.05128E-08
   615  8.96618E+00 -2.41757E-07 -2.41756E-07 -3.61074E-13  0.00000E+00  0.00000E+00  8.05314E-09
   616  9.09763E+00 -1.87365E-07 -1.87365E-07 -2.80033E-13  0.00000E+00  0.00000E+00  6.15542E-09
   617  9.23021E+00 -1.44881E-07 -1.44880E-07 -2.16688E-13  0.00000E+00  0.00000E+00  4.69461E-09
   618  9.36391E+00 -1.11775E-07 -1.11775E-07 -1.67291E-13  0.00000E+00  0.00000E+00  3.57268E-09
   619  9.49873E+00 -8.60386E-08 -8.60385E-08 -1.28863E-13  0.00000E+00  0.00000E+00  2.71295E-09
   620  9.63467E+00 -6.60786E-08 -6.60785E-08 -9.90386E-14  0.00000E+00  0.00000E+00  2.05563E-09
   621  9.77173E+00 -5.06349E-08 -5.06348E-08 -7.59452E-14  0.00000E+00  0.00000E+00  1.55420E-09
   622  9.90989E+00 -3.87135E-08 -3.87135E-08 -5.81059E-14  0.00000E+00  0.00000E+00  1.17254E-09
   623  1.00492E+01 -2.95327E-08 -2.95326E-08 -4.43575E-14  0.00000E+00  0.00000E+00  8.82704E-10
   624  1.01895E+01 -2.24788E-08 -2.24788E-08 -3.37866E-14  0.00000E+00  0.00000E+00  6.63082E-10
   625  1.03310E+01 -1.70718E-08 -1.70718E-08 -2.56776E-14  0.00000E+00  0.00000E+00  4.97038E-10
   626  1.04735E+01 -1.29367E-08 -1.29366E-08 -1.94716E-14  0.00000E+00  0.00000E+00  3.71779E-10
   627  1.06172E+01 -9.78153E-09 -9.78152E-09 -1.47329E-14  0.00000E+00  0.00000E+00  2.77496E-10
   628  1.07619E+01 -7.37967E-09 -7.37966E-09 -1.11229E-14  0.00000E+00  0.00000E+00  2.06684E-10
   629  1.09077E+01 -5.55541E-09 -5.55540E-09 -8.37909E-15  0.00000E+00  0.00000E+00  1.53618E-10
   630  1.10545E+01 -4.17300E-09 -4.17300E-09 -6.29835E-15  0.00000E+00  0.00000E+00  1.13937E-10
   631  1.12025E+01 -3.12780E-09 -3.12779E-09 -4.72403E-15  0.00000E+00  0.00000E+00  8.43288E-11
   632  1.13515E+01 -2.33933E-09 -2.33932E-09 -3.53555E-15  0.00000E+00  0.00000E+00  6.22848E-11
   633  1.15015E+01 -1.74586E-09 -1.74585E-09 -2.64037E-15  0.00000E+00  0.00000E+00  4.59080E-11
   634  1.16526E+01 -1.30016E-09 -1.30016E-09 -1.96762E-15  0.00000E+00  0.00000E+00  3.37673E-11
   635  1.18047E+01 -9.66184E-10 -9.66183E-10 -1.46316E-15  0.00000E+00  0.00000E+00  2.47863E-11
   636  1.19579E+01 -7.16478E-10 -7.16477E-10 -1.08572E-15  0.00000E+00  0.00000E+00  1.81568E-11
   637  1.21121E+01 -5.30187E-10 -5.30187E-10 -8.03942E-16  0.00000E+00  0.00000E+00  1.32734E-11
   638  1.22673E+01 -3.91512E-10 -3.91512E-10 -5.94044E-16  0.00000E+00  0.00000E+00  9.68380E-12
   639  1.24236E+01 -2.88506E-10 -2.88505E-10 -4.38029E-16  0.00000E+00  0.00000E+00  7.05073E-12
   640  1.25808E+01 -2.12159E-10 -2.12158E-10 -3.22318E-16  0.00000E+00  0.00000E+00  5.12333E-12
   641  1.27391E+01 -1.55693E-10 -1.55693E-10 -2.36682E-16  0.00000E+00  0.00000E+00  3.71539E-12
   642  1.28984E+01 -1.14022E-10 -1.14022E-10 -1.73442E-16  0.00000E+00  0.00000E+00  2.68903E-12
   643  1.30586E+01 -8.33326E-11 -8.33325E-11 -1.26839E-16  0.00000E+00  0.00000E+00  1.94236E-12
   644  1.32199E+01 -6.07799E-11 -6.07798E-11 -9.25691E-17  0.00000E+00  0.00000E+00  1.40028E-12
   645  1.33821E+01 -4.42411E-11 -4.42411E-11 -6.74219E-17  0.00000E+00  0.00000E+00  1.00752E-12
   646  1.35453E+01 -3.21379E-11 -3.21378E-11 -4.90075E-17  0.00000E+00  0.00000E+00  7.23518E-13
   647  1.37095E+01 -2.32987E-11 -2.32987E-11 -3.55512E-17  0.00000E+00  0.00000E+00  5.18572E-13
   648  1.38747E+01 -1.68577E-11 -1.68576E-11 -2.57386E-17  0.00000E+00  0.00000E+00  3.70969E-13
   649  1.40408E+01 -1.21725E-11 -1.21725E-11 -1.85975E-17  0.00000E+00  0.00000E+00  2.64875E-13
   650  1.42079E+01 -8.77166E-12 -8.77165E-12 -1.34114E-17  0.00000E+00  0.00000E+00  1.88765E-13
   651  1.43759E+01 -6.30874E-12 -6.30873E-12 -9.65261E-18  0.00000E+00  0.00000E+00  1.34273E-13
   652  1.45448E+01 -4.52794E-12 -4.52793E-12 -6.93385E-18  0.00000E+00  0.00000E+00  9.53328E-14
   653  1.47147E+01 -3.24363E-12 -3.24363E-12 -4.97127E-18  0.00000E+00  0.00000E+00  6.75603E-14
   654  1.48855E+01 -2.31904E-12 -2.31903E-12 -3.55737E-18  0.00000E+00  0.00000E+00  4.77904E-14
   655  1.50573E+01 -1.65468E-12 -1.65468E-12 -2.54077E-18  0.00000E+00  0.00000E+00  3.37439E-14
   656  1.52299E+01 -1.17861E-12 -1.17861E-12 -1.81126E-18  0.00000E+00  0.00000E+00  2.37826E-14
   657  1.54035E+01 -8.36665E-13 -8.36664E-13 -1.28879E-18  0.00000E+00  0.00000E+00  1.67317E-14
   658  1.55780E+01 -5.93304E-13 -5.93303E-13 -9.15326E-19  0.00000E+00  0.00000E+00  1.17501E-14
   659  1.57533E+01 -4.19221E-13 -4.19220E-13 -6.48879E-19  0.00000E+00  0.00000E+00  8.23699E-15
   660  1.59296E+01 -2.95764E-13 -2.95763E-13 -4.59150E-19  0.00000E+00  0.00000E+00  5.76405E-15
   661  1.61067E+01 -2.07834E-13 -2.07834E-13 -3.24305E-19  0.00000E+00  0.00000E+00  4.02646E-15
   662  1.62847E+01 -1.45661E-13 -1.45661E-13 -2.28646E-19  0.00000E+00  0.00000E+00  2.80777E-15
   663  1.64636E+01 -1.01253E-13 -1.01252E-13 -1.60914E-19  0.00000E+00  0.00000E+00  1.95455E-15
   664  1.66433E+01 -1.13044E-19 -0.00000E+00 -1.13044E-19  0.00000E+00  0.00000E+00  1.35827E-15
   665  1.66433E+01 -0.00000E+00 -0.00000E+00  0.00000E+00  0.00000E+00  0.00000E+00  0.00000E+00
   666  3.32867E+01 -0.00000E+00 -0.00000E+00  0.00000E+00  0.00000E+00  0.00000E+00  0.00000E+00
   667  6.65734E+01 -0.00000E+00 -0.00000E+00  0.00000E+00  0.00000E+00  0.00000E+00  0.00000E+00
   668  1.33147E+02 -0.00000E+00 -0.00000E+00  0.00000E+00  0.00000E+00  0.00000E+00  0.00000E+00
   669  2.66293E+02 -0.00000E+00 -0.00000E+00  0.00000E+00  0.00000E+00  0.00000E+00  0.00000E+00
   670  5.32587E+02 -0.00000E+00 -0.00000E+00  0.00000E+00  0.00000E+00  0.00000E+00  0.00000E+00
   671  1.06517E+03 -0.00000E+00 -0.00000E+00  0.00000E+00  0.00000E+00  0.00000E+00  0.00000E+00
   672  2.13035E+03 -0.00000E+00 -0.00000E+00  0.00000E+00  0.00000E+00  0.00000E+00  0.00000E+00
   673  4.26069E+03 -0.00000E+00 -0.00000E+00  0.00000E+00  0.00000E+00  0.00000E+00  0.00000E+00
   674  8.52139E+03 -0.00000E+00 -0.00000E+00  0.00000E+00  0.00000E+00  0.00000E+00  0.00000E+00
   675  1.70428E+04 -0.00000E+00 -0.00000E+00  0.00000E+00  0.00000E+00  0.00000E+00  0.00000E+00
