0	6
0.01	5.99
0.02	5.958
0.03	5.907
0.04	5.837
0.05	5.749
0.06	5.645
0.07	5.526
0.08	5.396
0.09	5.255
0.1	5.107
0.11	4.952
0.12	4.794
0.13	4.633
0.14	4.472
0.15	4.311
0.16	4.153
0.17	3.998
0.18	3.847
0.19	3.701
0.2	3.56
0.22	3.297
0.24	3.058
0.25	2.949
0.26	2.846
0.28	2.658
0.3	2.494
0.32	2.351
0.34	2.227
0.35	2.171
0.36	2.12
0.38	2.028
0.4	1.948
0.42	1.88
0.44	1.821
0.45	1.794
0.46	1.77
0.48	1.725
0.5	1.685
0.55	1.603
0.6	1.537
0.65	1.479
0.7	1.426
0.8	1.322
0.9	1.219
1	1.114
1.1	1.012
1.2	0.914
1.3	0.822
1.4	0.736
1.5	0.659
1.6	0.588
1.7	0.525
1.8	0.468
1.9	0.418
2	0.373
2.5	0.216
3	0.13
3.5	0.081
4	0.053
5	0.025
6	0.013
