0	9
0.01	8.993
0.02	8.97
0.03	8.933
0.04	8.881
0.05	8.815
0.06	8.736
0.07	8.645
0.08	8.541
0.09	8.427
0.1	8.302
0.11	8.168
0.12	8.026
0.13	7.876
0.14	7.721
0.15	7.56
0.16	7.395
0.17	7.226
0.18	7.055
0.19	6.883
0.2	6.709
0.22	6.362
0.24	6.02
0.25	5.851
0.26	5.685
0.28	5.363
0.3	5.054
0.32	4.761
0.34	4.484
0.35	4.353
0.36	4.225
0.38	3.983
0.4	3.759
0.42	3.551
0.44	3.36
0.45	3.27
0.46	3.183
0.48	3.022
0.5	2.874
0.55	2.559
0.6	2.309
0.65	2.112
0.7	1.956
0.8	1.735
0.9	1.588
1	1.482
1.1	1.398
1.2	1.324
1.3	1.254
1.4	1.186
1.5	1.12
1.6	1.055
1.7	0.99
1.8	0.928
1.9	0.868
2	0.81
2.5	0.564
3	0.389
3.5	0.27
4	0.19
5	0.099
6	0.055
