0	7
0.01	6.991
0.02	6.963
0.03	6.918
0.04	6.855
0.05	6.776
0.06	6.682
0.07	6.574
0.08	6.453
0.09	6.321
0.1	6.18
0.11	6.03
0.12	5.875
0.13	5.714
0.14	5.551
0.15	5.385
0.16	5.218
0.17	5.051
0.18	4.886
0.19	4.723
0.2	4.563
0.22	4.254
0.24	3.963
0.25	3.825
0.26	3.693
0.28	3.445
0.3	3.219
0.32	3.014
0.34	2.831
0.35	2.747
0.36	2.667
0.38	2.522
0.4	2.393
0.42	2.278
0.44	2.178
0.45	2.132
0.46	2.089
0.48	2.011
0.5	1.942
0.55	1.802
0.6	1.697
0.65	1.616
0.7	1.551
0.8	1.445
0.9	1.353
1	1.265
1.1	1.172
1.2	1.09
1.3	1.004
1.4	0.921
1.5	0.843
1.6	0.769
1.7	0.7
1.8	0.636
1.9	0.578
2	0.525
2.5	0.324
3	0.204
3.5	0.132
4	0.088
5	0.043
6	0.023
