0	16
0.01	15.979
0.02	15.915
0.03	15.809
0.04	15.665
0.05	15.484
0.06	15.271
0.07	15.03
0.08	14.764
0.09	14.478
0.1	14.177
0.11	13.865
0.12	13.546
0.13	13.224
0.14	12.902
0.15	12.583
0.16	12.27
0.17	11.964
0.18	11.668
0.19	11.382
0.2	11.109
0.22	10.598
0.24	10.138
0.25	9.927
0.26	9.727
0.28	9.363
0.3	9.039
0.32	8.752
0.34	8.494
0.35	8.376
0.36	8.262
0.38	8.051
0.4	7.856
0.42	7.673
0.44	7.501
0.45	7.417
0.46	7.335
0.48	7.174
0.5	7.017
0.55	6.633
0.6	6.254
0.65	5.877
0.7	5.505
0.8	4.79
0.9	4.138
1	3.57
1.1	3.092
1.2	2.699
1.3	2.384
1.4	2.133
1.5	1.935
1.6	1.779
1.7	1.655
1.8	1.557
1.9	1.477
2	1.411
2.5	1.182
3	1.009
3.5	0.849
4	0.705
5	0.474
6	0.316
