 #
 # Subroutine ELSEPA. Elastic scattering of electrons and positrons
 #                    by neutral atoms and positive ions
 #
 # Projectile: electron
 # Kinetic energy = 3.70000E+06 eV = 1.35973E+05 a.u.
 #
 # Element:  F,  Z =   9,  atomic weight = 1.89984E+01 g/mol
 #
 # Nuclear model: Fermi distribution
 #                Average radius = 2.85511E-13 cm
 #                Skin thickness = 5.46000E-14 cm
 #
 # Number of electrons =  9
 #
 # Electron density: Read from file z_009.den   
 #                   Number of data points =  663
 #                   Volume integral = 9.00000E+00
 #
 # Furness-McCarthy exchange potential
 #
 # Total elastic cross section = 2.89264E-19 cm**2 = 1.03298E-02 a0**2
 # 1st transport cross section = 7.14971E-24 cm**2 = 2.55321E-07 a0**2
 # 2nd transport cross section = 2.04478E-23 cm**2 = 7.30203E-07 a0**2
 #
 #
 # Differential cross section:                       MU=(1-COS(THETA))/2
 #
 #  THETA        MU          DCS          DCS        Sherman      error
 #  (deg)                 (cm**2/sr)   (a0**2/sr)    function
 #----------------------------------------------------------------------
  0.000E+00  0.00000E+00  2.20568E-14  7.87664E+02  0.00000E+00  1.0E-07
  1.000E-04  7.61557E-13  2.20568E-14  7.87663E+02  0.00000E+00  1.0E-07
  1.250E-04  1.18994E-12  2.20568E-14  7.87662E+02  0.00000E+00  1.0E-07
  1.500E-04  1.71346E-12  2.20568E-14  7.87661E+02  0.00000E+00  1.0E-07
  1.750E-04  2.33225E-12  2.20567E-14  7.87660E+02  0.00000E+00  1.0E-07
  2.000E-04  3.04617E-12  2.20567E-14  7.87660E+02  0.00000E+00  1.0E-07
  2.250E-04  3.85530E-12  2.20567E-14  7.87658E+02  0.00000E+00  1.0E-07
  2.500E-04  4.75964E-12  2.20566E-14  7.87657E+02  0.00000E+00  1.0E-07
  2.750E-04  5.75917E-12  2.20566E-14  7.87656E+02  0.00000E+00  1.0E-07
  3.000E-04  6.85391E-12  2.20566E-14  7.87654E+02  0.00000E+00  1.0E-07
  3.250E-04  8.04379E-12  2.20565E-14  7.87653E+02  0.00000E+00  1.0E-07
  3.500E-04  9.32893E-12  2.20565E-14  7.87651E+02  0.00000E+00  1.0E-07
  3.750E-04  1.07092E-11  2.20564E-14  7.87649E+02  0.00000E+00  1.0E-07
  4.000E-04  1.21847E-11  2.20564E-14  7.87647E+02  0.00000E+00  1.0E-07
  4.250E-04  1.37554E-11  2.20563E-14  7.87645E+02  0.00000E+00  1.0E-07
  4.500E-04  1.54213E-11  2.20562E-14  7.87642E+02  0.00000E+00  1.0E-07
  4.750E-04  1.71823E-11  2.20562E-14  7.87640E+02  0.00000E+00  1.0E-07
  5.000E-04  1.90386E-11  2.20561E-14  7.87637E+02  0.00000E+00  1.0E-07
  5.250E-04  2.09900E-11  2.20560E-14  7.87634E+02  0.00000E+00  1.0E-07
  5.500E-04  2.30367E-11  2.20559E-14  7.87632E+02  0.00000E+00  1.0E-07
  5.750E-04  2.51785E-11  2.20558E-14  7.87629E+02  0.00000E+00  1.0E-07
  6.000E-04  2.74156E-11  2.20558E-14  7.87625E+02  0.00000E+00  1.0E-07
  6.250E-04  2.97478E-11  2.20557E-14  7.87622E+02  0.00000E+00  1.0E-07
  6.500E-04  3.21752E-11  2.20556E-14  7.87619E+02  0.00000E+00  1.0E-07
  6.750E-04  3.46979E-11  2.20555E-14  7.87615E+02  0.00000E+00  1.0E-07
  7.000E-04  3.73157E-11  2.20554E-14  7.87612E+02  0.00000E+00  1.0E-07
  7.250E-04  4.00286E-11  2.20553E-14  7.87608E+02  0.00000E+00  1.0E-07
  7.500E-04  4.28368E-11  2.20552E-14  7.87604E+02  0.00000E+00  1.0E-07
  7.750E-04  4.57402E-11  2.20550E-14  7.87600E+02  0.00000E+00  1.0E-07
  8.000E-04  4.87388E-11  2.20549E-14  7.87596E+02  0.00000E+00  1.0E-07
  8.250E-04  5.18325E-11  2.20548E-14  7.87591E+02  0.00000E+00  1.0E-07
  8.500E-04  5.50215E-11  2.20547E-14  7.87587E+02  0.00000E+00  1.0E-07
  8.750E-04  5.83057E-11  2.20545E-14  7.87582E+02  0.00000E+00  1.0E-07
  9.000E-04  6.16850E-11  2.20544E-14  7.87577E+02  0.00000E+00  1.0E-07
  9.250E-04  6.51595E-11  2.20543E-14  7.87573E+02  0.00000E+00  1.0E-07
  9.500E-04  6.87293E-11  2.20541E-14  7.87568E+02  0.00000E+00  1.0E-07
  9.750E-04  7.23943E-11  2.20540E-14  7.87563E+02  0.00000E+00  1.0E-07
  1.000E-03  7.61544E-11  2.20538E-14  7.87557E+02  0.00000E+00  1.0E-07
  1.250E-03  1.18991E-10  2.20522E-14  7.87497E+02  0.00000E+00  1.0E-07
  1.500E-03  1.71347E-10  2.20501E-14  7.87424E+02  0.00000E+00  1.0E-07
  1.750E-03  2.33223E-10  2.20477E-14  7.87338E+02  0.00000E+00  1.0E-07
  2.000E-03  3.04617E-10  2.20449E-14  7.87238E+02  0.00000E+00  1.0E-07
  2.250E-03  3.85531E-10  2.20417E-14  7.87125E+02  0.00000E+00  1.0E-07
  2.500E-03  4.75965E-10  2.20382E-14  7.86998E+02  0.00000E+00  1.0E-07
  2.750E-03  5.75917E-10  2.20343E-14  7.86859E+02  0.00000E+00  1.0E-07
  3.000E-03  6.85389E-10  2.20300E-14  7.86706E+02  0.00000E+00  1.0E-07
  3.250E-03  8.04380E-10  2.20254E-14  7.86540E+02  0.00000E+00  1.0E-07
  3.500E-03  9.32891E-10  2.20203E-14  7.86360E+02  0.00000E+00  1.0E-07
  3.750E-03  1.07092E-09  2.20149E-14  7.86168E+02  0.00000E+00  1.0E-07
  4.000E-03  1.21847E-09  2.20092E-14  7.85962E+02  0.00000E+00  1.0E-07
  4.250E-03  1.37554E-09  2.20030E-14  7.85743E+02  0.00000E+00  1.0E-07
  4.500E-03  1.54213E-09  2.19965E-14  7.85511E+02  0.00000E+00  1.0E-07
  4.750E-03  1.71823E-09  2.19897E-14  7.85266E+02  0.00000E+00  1.0E-07
  5.000E-03  1.90386E-09  2.19824E-14  7.85007E+02  0.00000E+00  1.0E-07
  5.250E-03  2.09900E-09  2.19748E-14  7.84736E+02  0.00000E+00  1.0E-07
  5.500E-03  2.30367E-09  2.19669E-14  7.84451E+02  0.00000E+00  1.0E-07
  5.750E-03  2.51785E-09  2.19585E-14  7.84153E+02  0.00000E+00  1.0E-07
  6.000E-03  2.74156E-09  2.19498E-14  7.83843E+02  0.00000E+00  1.0E-07
  6.250E-03  2.97478E-09  2.19408E-14  7.83519E+02  0.00000E+00  1.0E-07
  6.500E-03  3.21752E-09  2.19313E-14  7.83182E+02  0.00000E+00  1.0E-07
  6.750E-03  3.46978E-09  2.19215E-14  7.82832E+02  0.00000E+00  1.0E-07
  7.000E-03  3.73156E-09  2.19114E-14  7.82469E+02  0.00000E+00  1.0E-07
  7.250E-03  4.00286E-09  2.19009E-14  7.82094E+02  0.00000E+00  1.0E-07
  7.500E-03  4.28368E-09  2.18900E-14  7.81705E+02  0.00000E+00  1.0E-07
  7.750E-03  4.57402E-09  2.18787E-14  7.81304E+02  0.00000E+00  1.0E-07
  8.000E-03  4.87388E-09  2.18671E-14  7.80889E+02  0.00000E+00  1.0E-07
  8.250E-03  5.18326E-09  2.18552E-14  7.80462E+02  0.00000E+00  1.0E-07
  8.500E-03  5.50215E-09  2.18428E-14  7.80022E+02  0.00000E+00  1.0E-07
  8.750E-03  5.83057E-09  2.18302E-14  7.79570E+02  0.00000E+00  1.0E-07
  9.000E-03  6.16850E-09  2.18171E-14  7.79104E+02  0.00000E+00  1.0E-07
  9.250E-03  6.51596E-09  2.18038E-14  7.78626E+02  0.00000E+00  1.0E-07
  9.500E-03  6.87293E-09  2.17900E-14  7.78136E+02  0.00000E+00  1.0E-07
  9.750E-03  7.23942E-09  2.17759E-14  7.77632E+02  0.00000E+00  1.0E-07
  1.000E-02  7.61544E-09  2.17615E-14  7.77116E+02  0.00000E+00  1.0E-07
  1.250E-02  1.18991E-08  2.15979E-14  7.71275E+02  0.00000E+00  1.0E-07
  1.500E-02  1.71347E-08  2.14004E-14  7.64222E+02  0.00000E+00  1.0E-07
  1.750E-02  2.33223E-08  2.11704E-14  7.56009E+02  0.00000E+00  1.0E-07
  2.000E-02  3.04617E-08  2.09096E-14  7.46694E+02  0.00000E+00  1.0E-07
  2.250E-02  3.85531E-08  2.06196E-14  7.36339E+02  0.00000E+00  1.0E-07
  2.500E-02  4.75965E-08  2.03025E-14  7.25014E+02  0.00000E+00  1.0E-07
  2.750E-02  5.75917E-08  1.99602E-14  7.12792E+02  0.00000E+00  1.0E-07
  3.000E-02  6.85389E-08  1.95950E-14  6.99752E+02  0.00000E+00  1.0E-07
  3.250E-02  8.04380E-08  1.92091E-14  6.85971E+02  0.00000E+00  1.0E-07
  3.500E-02  9.32891E-08  1.88048E-14  6.71532E+02  0.00000E+00  1.0E-07
  3.750E-02  1.07092E-07  1.83843E-14  6.56514E+02  0.00000E+00  1.0E-07
  4.000E-02  1.21847E-07  1.79498E-14  6.41000E+02  0.00000E+00  1.0E-07
  4.250E-02  1.37554E-07  1.75037E-14  6.25070E+02  0.00000E+00  1.0E-07
  4.500E-02  1.54213E-07  1.70481E-14  6.08800E+02  0.00000E+00  1.0E-07
  4.750E-02  1.71823E-07  1.65852E-14  5.92267E+02  0.00000E+00  1.0E-07
  5.000E-02  1.90386E-07  1.61169E-14  5.75543E+02  0.00000E+00  1.0E-07
  5.250E-02  2.09900E-07  1.56451E-14  5.58697E+02  0.00000E+00  1.0E-07
  5.500E-02  2.30367E-07  1.51717E-14  5.41792E+02  0.00000E+00  1.0E-07
  5.750E-02  2.51785E-07  1.46984E-14  5.24890E+02  0.00000E+00  1.0E-07
  6.000E-02  2.74156E-07  1.42268E-14  5.08048E+02  0.00000E+00  1.0E-07
  6.250E-02  2.97478E-07  1.37582E-14  4.91315E+02  0.00000E+00  1.0E-07
  6.500E-02  3.21752E-07  1.32941E-14  4.74741E+02  0.00000E+00  1.0E-07
  6.750E-02  3.46978E-07  1.28355E-14  4.58366E+02  0.00000E+00  1.0E-07
  7.000E-02  3.73156E-07  1.23837E-14  4.42229E+02  0.00000E+00  1.0E-07
  7.250E-02  4.00286E-07  1.19394E-14  4.26364E+02  0.00000E+00  1.0E-07
  7.500E-02  4.28368E-07  1.15036E-14  4.10799E+02  0.00000E+00  1.0E-07
  7.750E-02  4.57402E-07  1.10768E-14  3.95561E+02  0.00000E+00  1.0E-07
  8.000E-02  4.87388E-07  1.06599E-14  3.80671E+02  0.00000E+00  1.0E-07
  8.250E-02  5.18325E-07  1.02531E-14  3.66146E+02  0.00000E+00  1.0E-07
  8.500E-02  5.50215E-07  9.85703E-15  3.52001E+02  0.00000E+00  1.0E-07
  8.750E-02  5.83057E-07  9.47189E-15  3.38247E+02  0.00000E+00  1.0E-07
  9.000E-02  6.16850E-07  9.09794E-15  3.24893E+02  0.00000E+00  1.0E-07
  9.250E-02  6.51596E-07  8.73536E-15  3.11945E+02  0.00000E+00  1.0E-07
  9.500E-02  6.87293E-07  8.38423E-15  2.99406E+02  0.00000E+00  1.0E-07
  9.750E-02  7.23942E-07  8.04459E-15  2.87277E+02  0.00000E+00  1.0E-07
  1.000E-01  7.61543E-07  7.71643E-15  2.75559E+02  0.00000E+00  1.0E-07
  1.250E-01  1.18991E-06  5.03457E-15  1.79788E+02  0.00000E+00  1.0E-07
  1.500E-01  1.71347E-06  3.26855E-15  1.16722E+02  0.00000E+00  1.0E-07
  1.750E-01  2.33223E-06  2.14091E-15  7.64533E+01  0.00000E+00  1.0E-07
  2.000E-01  3.04617E-06  1.42596E-15  5.09221E+01  0.00000E+00  1.0E-07
  2.250E-01  3.85531E-06  9.69752E-16  3.46305E+01  0.00000E+00  1.0E-07
  2.500E-01  4.75964E-06  6.74530E-16  2.40879E+01  0.00000E+00  1.0E-07
  2.750E-01  5.75916E-06  4.79992E-16  1.71408E+01  0.00000E+00  1.0E-07
  3.000E-01  6.85388E-06  3.49198E-16  1.24701E+01  0.00000E+00  1.0E-07
  3.250E-01  8.04378E-06  2.59417E-16  9.26397E+00  0.00000E+00  1.0E-07
  3.500E-01  9.32888E-06  1.96507E-16  7.01740E+00  0.00000E+00  1.0E-07
  3.750E-01  1.07092E-05  1.51539E-16  5.41156E+00  0.00000E+00  1.0E-07
  4.000E-01  1.21846E-05  1.18782E-16  4.24177E+00  0.00000E+00  1.0E-07
  4.250E-01  1.37553E-05  9.44908E-17  3.37433E+00  0.00000E+00  1.0E-07
  4.500E-01  1.54212E-05  7.61773E-17  2.72034E+00  0.00000E+00  1.0E-07
  4.750E-01  1.71822E-05  6.21570E-17  2.21967E+00  0.00000E+00  1.0E-07
  5.000E-01  1.90385E-05  5.12704E-17  1.83090E+00  0.00000E+00  1.0E-07
  5.250E-01  2.09899E-05  4.27066E-17  1.52508E+00  0.00000E+00  1.0E-07
  5.500E-01  2.30365E-05  3.58892E-17  1.28163E+00  0.00000E+00  1.0E-07
  5.750E-01  2.51783E-05  3.04025E-17  1.08569E+00  0.00000E+00  1.0E-07
  6.000E-01  2.74153E-05  2.59424E-17  9.26419E-01  0.00000E+00  1.0E-07
  6.250E-01  2.97475E-05  2.22834E-17  7.95756E-01  0.00000E+00  1.0E-07
  6.500E-01  3.21749E-05  1.92564E-17  6.87659E-01  0.00000E+00  1.0E-07
  6.750E-01  3.46974E-05  1.67328E-17  5.97540E-01  0.00000E+00  1.0E-07
  7.000E-01  3.73152E-05  1.46140E-17  5.21876E-01  0.00000E+00  1.0E-07
  7.250E-01  4.00281E-05  1.28234E-17  4.57931E-01  0.00000E+00  1.0E-07
  7.500E-01  4.28362E-05  1.13010E-17  4.03564E-01  0.00000E+00  1.0E-07
  7.750E-01  4.57395E-05  9.99936E-18  3.57084E-01  0.00000E+00  1.0E-07
  8.000E-01  4.87380E-05  8.88081E-18  3.17140E-01  0.00000E+00  1.0E-07
  8.250E-01  5.18317E-05  7.91495E-18  2.82648E-01  0.00000E+00  1.0E-07
  8.500E-01  5.50205E-05  7.07720E-18  2.52731E-01  0.00000E+00  1.0E-07
  8.750E-01  5.83045E-05  6.34753E-18  2.26675E-01  0.00000E+00  1.0E-07
  9.000E-01  6.16838E-05  5.70953E-18  2.03891E-01  0.00000E+00  1.0E-07
  9.250E-01  6.51582E-05  5.14964E-18  1.83897E-01  0.00000E+00  1.0E-07
  9.500E-01  6.87277E-05  4.65660E-18  1.66290E-01  0.00000E+00  1.0E-07
  9.750E-01  7.23925E-05  4.22102E-18  1.50736E-01  0.00000E+00  1.0E-07
  1.000E+00  7.61524E-05  3.83504E-18  1.36952E-01  0.00000E+00  1.0E-07
  1.100E+00  9.21439E-05  2.66855E-18  9.52957E-02  0.00000E+00  1.0E-07
  1.200E+00  1.09658E-04  1.91204E-18  6.82803E-02  0.00000E+00  1.0E-07
  1.300E+00  1.28695E-04  1.40439E-18  5.01518E-02  0.00000E+00  1.0E-07
  1.400E+00  1.49255E-04  1.05377E-18  3.76309E-02  0.00000E+00  1.0E-07
  1.500E+00  1.71338E-04  8.05529E-19  2.87660E-02  0.00000E+00  1.0E-07
  1.600E+00  1.94942E-04  6.25928E-19  2.23523E-02  0.00000E+00  1.0E-07
  1.700E+00  2.20070E-04  4.93488E-19  1.76228E-02  0.00000E+00  1.0E-07
  1.800E+00  2.46720E-04  3.94154E-19  1.40755E-02  0.00000E+00  1.0E-07
  1.900E+00  2.74892E-04  3.18510E-19  1.13742E-02  0.00000E+00  1.0E-07
  2.000E+00  3.04586E-04  2.60111E-19  9.28875E-03  0.00000E+00  1.0E-07
  2.100E+00  3.35803E-04  2.14464E-19  7.65866E-03  0.00000E+00  1.0E-07
  2.200E+00  3.68542E-04  1.78378E-19  6.37000E-03  0.00000E+00  1.0E-07
  2.300E+00  4.02802E-04  1.49554E-19  5.34068E-03  0.00000E+00  1.0E-07
  2.400E+00  4.38585E-04  1.26312E-19  4.51068E-03  0.00000E+00  1.0E-07
  2.500E+00  4.75889E-04  1.07406E-19  3.83553E-03  0.00000E+00  1.0E-07
  2.600E+00  5.14715E-04  9.19021E-20  3.28188E-03  0.00000E+00  1.0E-07
  2.700E+00  5.55063E-04  7.90936E-20  2.82448E-03  0.00000E+00  1.0E-07
  2.800E+00  5.96931E-04  6.84378E-20  2.44396E-03  0.00000E+00  1.0E-07
  2.900E+00  6.40321E-04  5.95156E-20  2.12534E-03  0.00000E+00  1.0E-07
  3.000E+00  6.85233E-04  5.19997E-20  1.85694E-03  0.00000E+00  1.0E-07
  3.100E+00  7.31665E-04  4.56326E-20  1.62957E-03  0.00000E+00  1.0E-07
  3.200E+00  7.79618E-04  4.02102E-20  1.43593E-03  0.00000E+00  1.0E-07
  3.300E+00  8.29092E-04  3.55693E-20  1.27020E-03  0.00000E+00  1.0E-07
  3.400E+00  8.80086E-04  3.15788E-20  1.12770E-03  0.00000E+00  1.0E-07
  3.500E+00  9.32601E-04  2.81322E-20  1.00462E-03  0.00000E+00  1.0E-07
  3.600E+00  9.86636E-04  2.51431E-20  8.97877E-04  0.00000E+00  1.0E-07
  3.700E+00  1.04219E-03  2.25406E-20  8.04939E-04  0.00000E+00  1.0E-07
  3.800E+00  1.09927E-03  2.02662E-20  7.23718E-04  0.00000E+00  1.0E-07
  3.900E+00  1.15786E-03  1.82715E-20  6.52487E-04  0.00000E+00  1.0E-07
  4.000E+00  1.21797E-03  1.65163E-20  5.89806E-04  0.00000E+00  1.0E-07
  4.100E+00  1.27961E-03  1.49668E-20  5.34475E-04  0.00000E+00  1.0E-07
  4.200E+00  1.34276E-03  1.35949E-20  4.85483E-04  0.00000E+00  1.0E-07
  4.300E+00  1.40743E-03  1.23767E-20  4.41978E-04  0.00000E+00  1.0E-07
  4.400E+00  1.47362E-03  1.12919E-20  4.03240E-04  0.00000E+00  1.0E-07
  4.500E+00  1.54133E-03  1.03234E-20  3.68655E-04  0.00000E+00  1.0E-07
  4.600E+00  1.61056E-03  9.45657E-21  3.37700E-04  0.00000E+00  1.0E-07
  4.700E+00  1.68131E-03  8.67887E-21  3.09928E-04  0.00000E+00  1.0E-07
  4.800E+00  1.75357E-03  7.97952E-21  2.84954E-04  0.00000E+00  1.0E-07
  4.900E+00  1.82735E-03  7.34923E-21  2.62446E-04  0.00000E+00  1.0E-07
  5.000E+00  1.90265E-03  6.77998E-21  2.42118E-04  0.00000E+00  1.0E-07
  5.100E+00  1.97947E-03  6.26482E-21  2.23721E-04  0.00000E+00  1.0E-07
  5.200E+00  2.05780E-03  5.79768E-21  2.07039E-04  0.00000E+00  1.0E-07
  5.300E+00  2.13765E-03  5.37330E-21  1.91884E-04  0.00000E+00  1.0E-07
  5.400E+00  2.21902E-03  4.98707E-21  1.78091E-04  0.00000E+00  1.0E-07
  5.500E+00  2.30190E-03  4.63494E-21  1.65517E-04  0.00000E+00  1.0E-07
  5.600E+00  2.38630E-03  4.31335E-21  1.54033E-04  0.00000E+00  1.0E-07
  5.700E+00  2.47222E-03  4.01920E-21  1.43528E-04  0.00000E+00  1.0E-07
  5.800E+00  2.55965E-03  3.74971E-21  1.33905E-04  0.00000E+00  1.0E-07
  5.900E+00  2.64859E-03  3.50244E-21  1.25074E-04  0.00000E+00  1.0E-07
  6.000E+00  2.73905E-03  3.27523E-21  1.16961E-04  0.00000E+00  1.0E-07
  6.100E+00  2.83103E-03  3.06617E-21  1.09495E-04  0.00000E+00  1.0E-07
  6.200E+00  2.92452E-03  2.87353E-21  1.02615E-04  0.00000E+00  1.0E-07
  6.300E+00  3.01952E-03  2.69579E-21  9.62683E-05  0.00000E+00  1.0E-07
  6.400E+00  3.11604E-03  2.53159E-21  9.04046E-05  0.00000E+00  1.0E-07
  6.500E+00  3.21407E-03  2.37971E-21  8.49810E-05  0.00000E+00  1.0E-07
  6.600E+00  3.31362E-03  2.23906E-21  7.99582E-05  0.00000E+00  1.0E-07
  6.700E+00  3.41468E-03  2.10865E-21  7.53013E-05  0.00000E+00  1.0E-07
  6.800E+00  3.51725E-03  1.98761E-21  7.09788E-05  0.00000E+00  1.0E-07
  6.900E+00  3.62133E-03  1.87513E-21  6.69622E-05  0.00000E+00  1.0E-07
  7.000E+00  3.72692E-03  1.77051E-21  6.32259E-05  0.00000E+00  1.0E-07
  7.100E+00  3.83403E-03  1.67308E-21  5.97468E-05  0.00000E+00  1.0E-07
  7.200E+00  3.94265E-03  1.58227E-21  5.65039E-05  0.00000E+00  1.0E-07
  7.300E+00  4.05278E-03  1.49754E-21  5.34781E-05  0.00000E+00  1.0E-07
  7.400E+00  4.16442E-03  1.41841E-21  5.06524E-05  0.00000E+00  1.0E-07
  7.500E+00  4.27757E-03  1.34444E-21  4.80110E-05  0.00000E+00  1.0E-07
  7.600E+00  4.39223E-03  1.27524E-21  4.55396E-05  0.00000E+00  1.0E-07
  7.700E+00  4.50840E-03  1.21043E-21  4.32253E-05  0.00000E+00  1.0E-07
  7.800E+00  4.62608E-03  1.14969E-21  4.10563E-05  0.00000E+00  1.0E-07
  7.900E+00  4.74527E-03  1.09272E-21  3.90217E-05  0.00000E+00  1.0E-07
  8.000E+00  4.86597E-03  1.03923E-21  3.71117E-05  0.00000E+00  1.0E-07
  8.100E+00  4.98817E-03  9.88984E-22  3.53173E-05  0.00000E+00  1.0E-07
  8.200E+00  5.11188E-03  9.41736E-22  3.36300E-05  0.00000E+00  1.0E-07
  8.300E+00  5.23711E-03  8.97279E-22  3.20424E-05  0.00000E+00  1.0E-07
  8.400E+00  5.36383E-03  8.55416E-22  3.05474E-05  0.00000E+00  1.0E-07
  8.500E+00  5.49207E-03  8.15967E-22  2.91387E-05  0.00000E+00  1.0E-07
  8.600E+00  5.62181E-03  7.78769E-22  2.78103E-05  0.00000E+00  1.0E-07
  8.700E+00  5.75306E-03  7.43667E-22  2.65568E-05  0.00000E+00  1.0E-07
  8.800E+00  5.88581E-03  7.10523E-22  2.53732E-05  0.00000E+00  1.0E-07
  8.900E+00  6.02007E-03  6.79205E-22  2.42549E-05  0.00000E+00  1.0E-07
  9.000E+00  6.15583E-03  6.49596E-22  2.31975E-05  0.00000E+00  1.0E-07
  9.100E+00  6.29310E-03  6.21584E-22  2.21972E-05  0.00000E+00  1.0E-07
  9.200E+00  6.43187E-03  5.95066E-22  2.12502E-05  0.00000E+00  1.0E-07
  9.300E+00  6.57214E-03  5.69949E-22  2.03532E-05  0.00000E+00  1.0E-07
  9.400E+00  6.71392E-03  5.46144E-22  1.95031E-05  0.00000E+00  1.0E-07
  9.500E+00  6.85720E-03  5.23569E-22  1.86970E-05  0.00000E+00  1.0E-07
  9.600E+00  7.00198E-03  5.02150E-22  1.79321E-05  0.00000E+00  1.0E-07
  9.700E+00  7.14827E-03  4.81816E-22  1.72060E-05  0.00000E+00  1.0E-07
  9.800E+00  7.29605E-03  4.62501E-22  1.65162E-05  0.00000E+00  1.0E-07
  9.900E+00  7.44534E-03  4.44146E-22  1.58607E-05  0.00000E+00  1.0E-07
  1.000E+01  7.59612E-03  4.26692E-22  1.52375E-05  0.00000E+00  1.0E-07
  1.025E+01  7.97965E-03  3.86669E-22  1.38082E-05  0.00000E+00  1.0E-07
  1.050E+01  8.37255E-03  3.51233E-22  1.25427E-05  0.00000E+00  1.0E-07
  1.075E+01  8.77480E-03  3.19767E-22  1.14191E-05  0.00000E+00  1.0E-07
  1.100E+01  9.18641E-03  2.91750E-22  1.04186E-05  0.00000E+00  1.0E-07
  1.125E+01  9.60736E-03  2.66736E-22  9.52532E-06  0.00000E+00  1.0E-07
  1.150E+01  1.00376E-02  2.44349E-22  8.72585E-06  0.00000E+00  1.0E-07
  1.175E+01  1.04773E-02  2.24263E-22  8.00856E-06  0.00000E+00  1.0E-07
  1.200E+01  1.09262E-02  2.06200E-22  7.36353E-06  0.00000E+00  1.0E-07
  1.225E+01  1.13844E-02  1.89921E-22  6.78218E-06  0.00000E+00  1.0E-07
  1.250E+01  1.18520E-02  1.75217E-22  6.25712E-06  0.00000E+00  1.0E-07
  1.275E+01  1.23288E-02  1.61911E-22  5.78193E-06  0.00000E+00  1.0E-07
  1.300E+01  1.28150E-02  1.49844E-22  5.35102E-06  0.00000E+00  1.0E-07
  1.325E+01  1.33104E-02  1.38881E-22  4.95954E-06  0.00000E+00  1.0E-07
  1.350E+01  1.38150E-02  1.28903E-22  4.60323E-06  0.00000E+00  1.0E-07
  1.375E+01  1.43290E-02  1.19806E-22  4.27836E-06  0.00000E+00  1.0E-07
  1.400E+01  1.48521E-02  1.11498E-22  3.98166E-06  0.00000E+00  1.0E-07
  1.425E+01  1.53845E-02  1.03898E-22  3.71025E-06  0.00000E+00  1.0E-07
  1.450E+01  1.59262E-02  9.69343E-23  3.46159E-06  0.00000E+00  1.0E-07
  1.475E+01  1.64770E-02  9.05449E-23  3.23342E-06  0.00000E+00  1.0E-07
  1.500E+01  1.70371E-02  8.46735E-23  3.02375E-06  0.00000E+00  1.0E-07
  1.525E+01  1.76063E-02  7.92705E-23  2.83080E-06  0.00000E+00  1.0E-07
  1.550E+01  1.81848E-02  7.42918E-23  2.65301E-06  0.00000E+00  1.0E-07
  1.575E+01  1.87724E-02  6.96979E-23  2.48896E-06  0.00000E+00  1.0E-07
  1.600E+01  1.93692E-02  6.54538E-23  2.33740E-06  0.00000E+00  1.0E-07
  1.625E+01  1.99751E-02  6.15278E-23  2.19720E-06  0.00000E+00  1.0E-07
  1.650E+01  2.05901E-02  5.78919E-23  2.06736E-06  0.00000E+00  1.0E-07
  1.675E+01  2.12143E-02  5.45205E-23  1.94696E-06  0.00000E+00  1.0E-07
  1.700E+01  2.18476E-02  5.13911E-23  1.83521E-06  0.00000E+00  1.0E-07
  1.725E+01  2.24900E-02  4.84830E-23  1.73136E-06  0.00000E+00  1.0E-07
  1.750E+01  2.31415E-02  4.57777E-23  1.63475E-06  0.00000E+00  1.0E-07
  1.775E+01  2.38021E-02  4.32584E-23  1.54479E-06  0.00000E+00  1.0E-07
  1.800E+01  2.44717E-02  4.09101E-23  1.46093E-06  0.00000E+00  1.0E-07
  1.825E+01  2.51504E-02  3.87190E-23  1.38268E-06  0.00000E+00  1.0E-07
  1.850E+01  2.58382E-02  3.66725E-23  1.30960E-06  0.00000E+00  1.0E-07
  1.875E+01  2.65349E-02  3.47594E-23  1.24128E-06  0.00000E+00  1.0E-07
  1.900E+01  2.72407E-02  3.29694E-23  1.17736E-06  0.00000E+00  1.0E-07
  1.925E+01  2.79555E-02  3.12932E-23  1.11750E-06  0.00000E+00  1.0E-07
  1.950E+01  2.86793E-02  2.97220E-23  1.06139E-06  0.00000E+00  1.0E-07
  1.975E+01  2.94120E-02  2.82482E-23  1.00876E-06  0.00000E+00  1.0E-07
  2.000E+01  3.01537E-02  2.68645E-23  9.59349E-07  0.00000E+00  1.0E-07
  2.025E+01  3.09043E-02  2.55645E-23  9.12924E-07  0.00000E+00  1.0E-07
  2.050E+01  3.16639E-02  2.43421E-23  8.69272E-07 -1.54852E-04  1.0E-07
  2.075E+01  3.24324E-02  2.31918E-23  8.28195E-07 -1.59855E-04  1.0E-07
  2.100E+01  3.32098E-02  2.21087E-23  7.89514E-07 -1.64960E-04  1.0E-07
  2.125E+01  3.39961E-02  2.10879E-23  7.53063E-07 -1.70172E-04  1.0E-07
  2.150E+01  3.47912E-02  2.01254E-23  7.18690E-07 -1.75435E-04  1.0E-07
  2.175E+01  3.55952E-02  1.92170E-23  6.86253E-07 -1.80775E-04  1.0E-07
  2.200E+01  3.64081E-02  1.83593E-23  6.55624E-07 -1.86202E-04  1.0E-07
  2.225E+01  3.72297E-02  1.75489E-23  6.26683E-07 -1.91738E-04  1.0E-07
  2.250E+01  3.80602E-02  1.67826E-23  5.99319E-07 -1.97369E-04  1.0E-07
  2.275E+01  3.88995E-02  1.60577E-23  5.73430E-07 -2.03063E-04  1.0E-07
  2.300E+01  3.97476E-02  1.53714E-23  5.48922E-07 -2.08852E-04  1.0E-07
  2.325E+01  4.06044E-02  1.47213E-23  5.25708E-07 -2.14755E-04  1.0E-07
  2.350E+01  4.14700E-02  1.41052E-23  5.03705E-07 -2.20790E-04  1.0E-07
  2.375E+01  4.23443E-02  1.35209E-23  4.82840E-07 -2.26920E-04  1.0E-07
  2.400E+01  4.32273E-02  1.29665E-23  4.63042E-07 -2.33120E-04  1.0E-07
  2.425E+01  4.41190E-02  1.24402E-23  4.44247E-07 -2.39416E-04  1.0E-07
  2.450E+01  4.50194E-02  1.19402E-23  4.26394E-07 -2.45825E-04  1.0E-07
  2.475E+01  4.59284E-02  1.14651E-23  4.09427E-07 -2.52345E-04  1.0E-07
  2.500E+01  4.68461E-02  1.10133E-23  3.93293E-07 -2.58926E-04  1.0E-07
  2.550E+01  4.87074E-02  1.01745E-23  3.63337E-07 -2.72275E-04  1.0E-07
  2.600E+01  5.06030E-02  9.41380E-24  3.36173E-07 -2.86049E-04  1.0E-07
  2.650E+01  5.25328E-02  8.72273E-24  3.11494E-07 -3.00144E-04  1.0E-07
  2.700E+01  5.44967E-02  8.09375E-24  2.89033E-07 -3.14716E-04  1.0E-07
  2.750E+01  5.64946E-02  7.52029E-24  2.68555E-07 -3.29749E-04  1.0E-07
  2.800E+01  5.85262E-02  6.99658E-24  2.49853E-07 -3.45122E-04  1.0E-07
  2.850E+01  6.05914E-02  6.51753E-24  2.32745E-07 -3.60940E-04  1.0E-07
  2.900E+01  6.26901E-02  6.07865E-24  2.17072E-07 -3.76945E-04  1.0E-07
  2.950E+01  6.48222E-02  5.67596E-24  2.02692E-07 -3.93382E-04  1.0E-07
  3.000E+01  6.69873E-02  5.30594E-24  1.89479E-07 -4.10175E-04  1.0E-07
  3.050E+01  6.91854E-02  4.96546E-24  1.77320E-07 -4.27424E-04  1.0E-07
  3.100E+01  7.14163E-02  4.65174E-24  1.66117E-07 -4.45256E-04  1.0E-07
  3.150E+01  7.36799E-02  4.36229E-24  1.55780E-07 -4.63348E-04  1.0E-07
  3.200E+01  7.59760E-02  4.09490E-24  1.46231E-07 -4.81953E-04  1.0E-07
  3.250E+01  7.83043E-02  3.84758E-24  1.37400E-07 -5.00670E-04  1.0E-07
  3.300E+01  8.06647E-02  3.61856E-24  1.29221E-07 -5.19793E-04  1.0E-07
  3.350E+01  8.30571E-02  3.40623E-24  1.21639E-07 -5.39378E-04  1.0E-07
  3.400E+01  8.54812E-02  3.20916E-24  1.14601E-07 -5.59292E-04  1.0E-07
  3.450E+01  8.79369E-02  3.02604E-24  1.08062E-07 -5.80082E-04  1.0E-07
  3.500E+01  9.04240E-02  2.85572E-24  1.01980E-07 -6.00798E-04  1.0E-07
  3.550E+01  9.29422E-02  2.69712E-24  9.63160E-08 -6.22464E-04  1.0E-07
  3.600E+01  9.54915E-02  2.54932E-24  9.10379E-08 -6.43541E-04  1.0E-07
  3.650E+01  9.80716E-02  2.41142E-24  8.61135E-08 -6.65880E-04  1.0E-07
  3.700E+01  1.00682E-01  2.28266E-24  8.15152E-08 -6.87837E-04  1.0E-07
  3.750E+01  1.03323E-01  2.16230E-24  7.72171E-08 -7.10907E-04  1.0E-07
  3.800E+01  1.05995E-01  2.04970E-24  7.31963E-08 -7.34256E-04  1.0E-07
  3.850E+01  1.08696E-01  1.94428E-24  6.94314E-08 -7.58107E-04  1.0E-07
  3.900E+01  1.11427E-01  1.84548E-24  6.59034E-08 -7.82302E-04  1.0E-07
  3.950E+01  1.14188E-01  1.75283E-24  6.25946E-08 -8.06556E-04  1.0E-07
  4.000E+01  1.16978E-01  1.66586E-24  5.94889E-08 -8.31292E-04  1.0E-07
  4.050E+01  1.19797E-01  1.58416E-24  5.65715E-08 -8.56351E-04  1.0E-07
  4.100E+01  1.22645E-01  1.50736E-24  5.38288E-08 -8.82117E-04  1.0E-07
  4.150E+01  1.25522E-01  1.43510E-24  5.12484E-08 -9.08434E-04  1.0E-07
  4.200E+01  1.28428E-01  1.36707E-24  4.88191E-08 -9.35154E-04  1.0E-07
  4.250E+01  1.31361E-01  1.30298E-24  4.65304E-08 -9.62188E-04  1.0E-07
  4.300E+01  1.34323E-01  1.24256E-24  4.43727E-08 -9.89331E-04  1.0E-07
  4.350E+01  1.37313E-01  1.18556E-24  4.23370E-08 -1.01685E-03  1.0E-07
  4.400E+01  1.40330E-01  1.13174E-24  4.04153E-08 -1.04482E-03  1.0E-07
  4.450E+01  1.43375E-01  1.08091E-24  3.85999E-08 -1.07344E-03  1.0E-07
  4.500E+01  1.46447E-01  1.03285E-24  3.68838E-08 -1.10269E-03  1.0E-07
  4.550E+01  1.49545E-01  9.87399E-25  3.52607E-08 -1.13234E-03  1.0E-07
  4.600E+01  1.52671E-01  9.44384E-25  3.37246E-08 -1.16226E-03  1.0E-07
  4.650E+01  1.55823E-01  9.03651E-25  3.22700E-08 -1.19232E-03  1.0E-07
  4.700E+01  1.59001E-01  8.65058E-25  3.08918E-08 -1.22270E-03  1.0E-07
  4.750E+01  1.62205E-01  8.28469E-25  2.95852E-08 -1.25358E-03  1.0E-07
  4.800E+01  1.65435E-01  7.93761E-25  2.83457E-08 -1.28512E-03  1.0E-07
  4.850E+01  1.68690E-01  7.60821E-25  2.71694E-08 -1.31732E-03  1.0E-07
  4.900E+01  1.71970E-01  7.29541E-25  2.60524E-08 -1.34994E-03  1.0E-07
  4.950E+01  1.75276E-01  6.99824E-25  2.49912E-08 -1.38282E-03  1.0E-07
  5.000E+01  1.78606E-01  6.71577E-25  2.39825E-08 -1.41583E-03  1.0E-07
  5.050E+01  1.81961E-01  6.44714E-25  2.30232E-08 -1.44913E-03  1.0E-07
  5.100E+01  1.85340E-01  6.19155E-25  2.21104E-08 -1.48295E-03  1.0E-07
  5.150E+01  1.88743E-01  5.94823E-25  2.12415E-08 -1.51745E-03  1.0E-07
  5.200E+01  1.92169E-01  5.71649E-25  2.04140E-08 -1.55263E-03  1.0E-07
  5.250E+01  1.95619E-01  5.49569E-25  1.96255E-08 -1.58828E-03  1.0E-07
  5.300E+01  1.99092E-01  5.28522E-25  1.88738E-08 -1.62418E-03  1.0E-07
  5.350E+01  2.02589E-01  5.08450E-25  1.81571E-08 -1.66021E-03  1.0E-07
  5.400E+01  2.06107E-01  4.89300E-25  1.74732E-08 -1.69649E-03  1.0E-07
  5.450E+01  2.09649E-01  4.71022E-25  1.68205E-08 -1.73329E-03  1.0E-07
  5.500E+01  2.13212E-01  4.53569E-25  1.61972E-08 -1.77079E-03  1.0E-07
  5.550E+01  2.16797E-01  4.36895E-25  1.56018E-08 -1.80902E-03  1.0E-07
  5.600E+01  2.20404E-01  4.20962E-25  1.50328E-08 -1.84777E-03  1.0E-07
  5.650E+01  2.24032E-01  4.05729E-25  1.44888E-08 -1.88678E-03  1.0E-07
  5.700E+01  2.27680E-01  3.91160E-25  1.39686E-08 -1.92590E-03  1.0E-07
  5.750E+01  2.31350E-01  3.77222E-25  1.34708E-08 -1.96522E-03  1.0E-07
  5.800E+01  2.35040E-01  3.63882E-25  1.29945E-08 -2.00503E-03  1.0E-07
  5.850E+01  2.38751E-01  3.51109E-25  1.25383E-08 -2.04558E-03  1.0E-07
  5.900E+01  2.42481E-01  3.38874E-25  1.21014E-08 -2.08692E-03  1.0E-07
  5.950E+01  2.46231E-01  3.27151E-25  1.16828E-08 -2.12885E-03  1.0E-07
  6.000E+01  2.50000E-01  3.15915E-25  1.12815E-08 -2.17107E-03  1.0E-07
  6.050E+01  2.53788E-01  3.05143E-25  1.08968E-08 -2.21338E-03  1.0E-07
  6.100E+01  2.57595E-01  2.94811E-25  1.05279E-08 -2.25581E-03  1.0E-07
  6.150E+01  2.61421E-01  2.84898E-25  1.01739E-08 -2.29869E-03  1.0E-07
  6.200E+01  2.65264E-01  2.75384E-25  9.83412E-09 -2.34233E-03  1.0E-07
  6.250E+01  2.69126E-01  2.66249E-25  9.50792E-09 -2.38686E-03  1.0E-07
  6.300E+01  2.73005E-01  2.57476E-25  9.19464E-09 -2.43210E-03  1.0E-07
  6.350E+01  2.76901E-01  2.49049E-25  8.89369E-09 -2.47768E-03  1.0E-07
  6.400E+01  2.80814E-01  2.40951E-25  8.60450E-09 -2.52328E-03  1.0E-07
  6.450E+01  2.84744E-01  2.33167E-25  8.32654E-09 -2.56890E-03  1.0E-07
  6.500E+01  2.88691E-01  2.25683E-25  8.05927E-09 -2.61486E-03  1.0E-07
  6.550E+01  2.92653E-01  2.18484E-25  7.80220E-09 -2.66163E-03  1.0E-07
  6.600E+01  2.96632E-01  2.11558E-25  7.55488E-09 -2.70947E-03  1.0E-07
  6.650E+01  3.00625E-01  2.04893E-25  7.31686E-09 -2.75823E-03  1.0E-07
  6.700E+01  3.04634E-01  1.98477E-25  7.08774E-09 -2.80739E-03  1.0E-07
  6.750E+01  3.08658E-01  1.92300E-25  6.86714E-09 -2.85643E-03  1.0E-07
  6.800E+01  3.12697E-01  1.86350E-25  6.65469E-09 -2.90521E-03  1.0E-07
  6.850E+01  3.16749E-01  1.80619E-25  6.45003E-09 -2.95414E-03  1.0E-07
  6.900E+01  3.20816E-01  1.75096E-25  6.25280E-09 -3.00401E-03  1.0E-07
  6.950E+01  3.24896E-01  1.69772E-25  6.06268E-09 -3.05544E-03  1.0E-07
  7.000E+01  3.28990E-01  1.64639E-25  5.87937E-09 -3.10832E-03  1.0E-07
  7.050E+01  3.33097E-01  1.59689E-25  5.70260E-09 -3.16166E-03  1.0E-07
  7.100E+01  3.37216E-01  1.54915E-25  5.53211E-09 -3.21401E-03  1.0E-07
  7.150E+01  3.41348E-01  1.50309E-25  5.36764E-09 -3.26464E-03  1.0E-07
  7.200E+01  3.45492E-01  1.45865E-25  5.20892E-09 -3.31554E-03  1.0E-07
  7.250E+01  3.49647E-01  1.41573E-25  5.05567E-09 -3.37141E-03  1.0E-07
  7.300E+01  3.53814E-01  1.37429E-25  4.90769E-09 -3.42849E-03  1.0E-07
  7.350E+01  3.57992E-01  1.33428E-25  4.76481E-09 -3.48416E-03  1.0E-07
  7.400E+01  3.62181E-01  1.29564E-25  4.62681E-09 -3.53872E-03  1.0E-07
  7.450E+01  3.66381E-01  1.25831E-25  4.49349E-09 -3.59340E-03  1.0E-07
  7.500E+01  3.70590E-01  1.22223E-25  4.36465E-09 -3.64929E-03  1.0E-07
  7.550E+01  3.74810E-01  1.18735E-25  4.24011E-09 -3.70672E-03  1.0E-07
  7.600E+01  3.79039E-01  1.15363E-25  4.11970E-09 -3.76530E-03  1.0E-07
  7.650E+01  3.83277E-01  1.12103E-25  4.00327E-09 -3.82433E-03  1.0E-07
  7.700E+01  3.87524E-01  1.08950E-25  3.89067E-09 -3.88334E-03  1.0E-07
  7.750E+01  3.91780E-01  1.05900E-25  3.78175E-09 -3.94228E-03  1.0E-07
  7.800E+01  3.96044E-01  1.02949E-25  3.67636E-09 -4.00152E-03  1.0E-07
  7.850E+01  4.00316E-01  1.00093E-25  3.57438E-09 -4.06154E-03  1.0E-07
  7.900E+01  4.04596E-01  9.73283E-26  3.47566E-09 -4.12261E-03  1.0E-07
  7.950E+01  4.08882E-01  9.46519E-26  3.38008E-09 -4.18467E-03  1.0E-07
  8.000E+01  4.13176E-01  9.20604E-26  3.28754E-09 -4.24738E-03  1.0E-07
  8.050E+01  4.17476E-01  8.95506E-26  3.19791E-09 -4.31041E-03  1.0E-07
  8.100E+01  4.21783E-01  8.71195E-26  3.11109E-09 -4.37361E-03  1.0E-07
  8.150E+01  4.26095E-01  8.47643E-26  3.02699E-09 -4.43712E-03  1.0E-07
  8.200E+01  4.30413E-01  8.24820E-26  2.94549E-09 -4.50125E-03  1.0E-07
  8.250E+01  4.34737E-01  8.02701E-26  2.86650E-09 -4.56629E-03  1.0E-07
  8.300E+01  4.39065E-01  7.81258E-26  2.78992E-09 -4.63229E-03  1.0E-07
  8.350E+01  4.43398E-01  7.60470E-26  2.71569E-09 -4.69908E-03  1.0E-07
  8.400E+01  4.47736E-01  7.40311E-26  2.64370E-09 -4.76637E-03  1.0E-07
  8.450E+01  4.52077E-01  7.20762E-26  2.57389E-09 -4.83397E-03  1.0E-07
  8.500E+01  4.56422E-01  7.01799E-26  2.50617E-09 -4.90190E-03  1.0E-07
  8.550E+01  4.60770E-01  6.83402E-26  2.44047E-09 -4.97039E-03  1.0E-07
  8.600E+01  4.65122E-01  6.65551E-26  2.37672E-09 -5.03971E-03  1.0E-07
  8.650E+01  4.69476E-01  6.48226E-26  2.31486E-09 -5.11000E-03  1.0E-07
  8.700E+01  4.73832E-01  6.31411E-26  2.25481E-09 -5.18117E-03  1.0E-07
  8.750E+01  4.78190E-01  6.15087E-26  2.19651E-09 -5.25299E-03  1.0E-07
  8.800E+01  4.82550E-01  5.99237E-26  2.13992E-09 -5.32524E-03  1.0E-07
  8.850E+01  4.86912E-01  5.83847E-26  2.08496E-09 -5.39786E-03  1.0E-07
  8.900E+01  4.91274E-01  5.68900E-26  2.03158E-09 -5.47101E-03  1.0E-07
  8.950E+01  4.95637E-01  5.54381E-26  1.97973E-09 -5.54495E-03  1.0E-07
  9.000E+01  5.00000E-01  5.40275E-26  1.92936E-09 -5.61987E-03  1.0E-07
  9.050E+01  5.04363E-01  5.26569E-26  1.88041E-09 -5.69577E-03  1.0E-07
  9.100E+01  5.08726E-01  5.13250E-26  1.83285E-09 -5.77245E-03  1.0E-07
  9.150E+01  5.13088E-01  5.00306E-26  1.78662E-09 -5.84967E-03  1.0E-07
  9.200E+01  5.17450E-01  4.87723E-26  1.74169E-09 -5.92732E-03  1.0E-07
  9.250E+01  5.21810E-01  4.75491E-26  1.69801E-09 -6.00550E-03  1.0E-07
  9.300E+01  5.26168E-01  4.63597E-26  1.65553E-09 -6.08445E-03  1.0E-07
  9.350E+01  5.30524E-01  4.52031E-26  1.61423E-09 -6.16440E-03  1.0E-07
  9.400E+01  5.34878E-01  4.40782E-26  1.57406E-09 -6.24541E-03  1.0E-07
  9.450E+01  5.39230E-01  4.29840E-26  1.53499E-09 -6.32733E-03  1.0E-07
  9.500E+01  5.43578E-01  4.19196E-26  1.49698E-09 -6.40991E-03  1.0E-07
  9.550E+01  5.47923E-01  4.08840E-26  1.45999E-09 -6.49300E-03  1.0E-07
  9.600E+01  5.52264E-01  3.98763E-26  1.42401E-09 -6.57663E-03  1.0E-07
  9.650E+01  5.56602E-01  3.88956E-26  1.38899E-09 -6.66103E-03  1.0E-07
  9.700E+01  5.60935E-01  3.79411E-26  1.35490E-09 -6.74647E-03  1.0E-07
  9.750E+01  5.65263E-01  3.70120E-26  1.32172E-09 -6.83303E-03  1.0E-07
  9.800E+01  5.69587E-01  3.61074E-26  1.28942E-09 -6.92065E-03  1.0E-07
  9.850E+01  5.73905E-01  3.52267E-26  1.25797E-09 -7.00905E-03  1.0E-07
  9.900E+01  5.78217E-01  3.43691E-26  1.22734E-09 -7.09806E-03  1.0E-07
  9.950E+01  5.82524E-01  3.35339E-26  1.19752E-09 -7.18766E-03  1.0E-07
  1.000E+02  5.86824E-01  3.27205E-26  1.16847E-09 -7.27803E-03  1.0E-07
  1.005E+02  5.91118E-01  3.19281E-26  1.14017E-09 -7.36948E-03  1.0E-07
  1.010E+02  5.95404E-01  3.11562E-26  1.11261E-09 -7.46211E-03  1.0E-07
  1.015E+02  5.99684E-01  3.04041E-26  1.08575E-09 -7.55596E-03  1.0E-07
  1.020E+02  6.03956E-01  2.96712E-26  1.05958E-09 -7.65073E-03  1.0E-07
  1.025E+02  6.08220E-01  2.89571E-26  1.03408E-09 -7.74624E-03  1.0E-07
  1.030E+02  6.12476E-01  2.82611E-26  1.00922E-09 -7.84240E-03  1.0E-07
  1.035E+02  6.16723E-01  2.75827E-26  9.84995E-10 -7.93935E-03  1.0E-07
  1.040E+02  6.20961E-01  2.69213E-26  9.61379E-10 -8.03742E-03  1.0E-07
  1.045E+02  6.25190E-01  2.62766E-26  9.38355E-10 -8.13674E-03  1.0E-07
  1.050E+02  6.29410E-01  2.56480E-26  9.15907E-10 -8.23744E-03  1.0E-07
  1.055E+02  6.33619E-01  2.50350E-26  8.94017E-10 -8.33923E-03  1.0E-07
  1.060E+02  6.37819E-01  2.44373E-26  8.72671E-10 -8.44189E-03  1.0E-07
  1.065E+02  6.42008E-01  2.38543E-26  8.51852E-10 -8.54536E-03  1.0E-07
  1.070E+02  6.46186E-01  2.32857E-26  8.31547E-10 -8.64954E-03  1.0E-07
  1.075E+02  6.50353E-01  2.27310E-26  8.11740E-10 -8.75504E-03  1.0E-07
  1.080E+02  6.54508E-01  2.21899E-26  7.92417E-10 -8.86165E-03  1.0E-07
  1.085E+02  6.58652E-01  2.16620E-26  7.73565E-10 -8.97007E-03  1.0E-07
  1.090E+02  6.62784E-01  2.11469E-26  7.55170E-10 -9.07953E-03  1.0E-07
  1.095E+02  6.66903E-01  2.06443E-26  7.37220E-10 -9.19026E-03  1.0E-07
  1.100E+02  6.71010E-01  2.01537E-26  7.19703E-10 -9.30171E-03  1.0E-07
  1.105E+02  6.75104E-01  1.96750E-26  7.02608E-10 -9.41413E-03  1.0E-07
  1.110E+02  6.79184E-01  1.92078E-26  6.85921E-10 -9.52769E-03  1.0E-07
  1.115E+02  6.83251E-01  1.87516E-26  6.69633E-10 -9.64273E-03  1.0E-07
  1.120E+02  6.87303E-01  1.83064E-26  6.53733E-10 -9.75947E-03  1.0E-07
  1.125E+02  6.91342E-01  1.78717E-26  6.38209E-10 -9.87772E-03  1.0E-07
  1.130E+02  6.95366E-01  1.74472E-26  6.23052E-10 -9.99729E-03  1.0E-07
  1.135E+02  6.99375E-01  1.70328E-26  6.08252E-10 -1.01178E-02  1.0E-07
  1.140E+02  7.03368E-01  1.66281E-26  5.93801E-10 -1.02393E-02  1.0E-07
  1.145E+02  7.07347E-01  1.62329E-26  5.79688E-10 -1.03621E-02  1.0E-07
  1.150E+02  7.11309E-01  1.58469E-26  5.65904E-10 -1.04864E-02  1.0E-07
  1.155E+02  7.15256E-01  1.54699E-26  5.52441E-10 -1.06127E-02  1.0E-07
  1.160E+02  7.19186E-01  1.51017E-26  5.39291E-10 -1.07407E-02  1.0E-07
  1.165E+02  7.23099E-01  1.47419E-26  5.26444E-10 -1.08702E-02  1.0E-07
  1.170E+02  7.26995E-01  1.43905E-26  5.13895E-10 -1.10010E-02  1.0E-07
  1.175E+02  7.30874E-01  1.40472E-26  5.01635E-10 -1.11328E-02  1.0E-07
  1.180E+02  7.34736E-01  1.37118E-26  4.89656E-10 -1.12659E-02  1.0E-07
  1.185E+02  7.38579E-01  1.33840E-26  4.77951E-10 -1.14008E-02  1.0E-07
  1.190E+02  7.42405E-01  1.30637E-26  4.66514E-10 -1.15377E-02  1.0E-07
  1.195E+02  7.46212E-01  1.27507E-26  4.55337E-10 -1.16768E-02  1.0E-07
  1.200E+02  7.50000E-01  1.24448E-26  4.44414E-10 -1.18176E-02  1.0E-07
  1.205E+02  7.53769E-01  1.21459E-26  4.33738E-10 -1.19599E-02  1.0E-07
  1.210E+02  7.57519E-01  1.18537E-26  4.23304E-10 -1.21033E-02  1.0E-07
  1.215E+02  7.61249E-01  1.15682E-26  4.13106E-10 -1.22483E-02  1.0E-07
  1.220E+02  7.64960E-01  1.12890E-26  4.03138E-10 -1.23951E-02  1.0E-07
  1.225E+02  7.68650E-01  1.10161E-26  3.93393E-10 -1.25442E-02  1.0E-07
  1.230E+02  7.72320E-01  1.07493E-26  3.83866E-10 -1.26957E-02  1.0E-07
  1.235E+02  7.75968E-01  1.04885E-26  3.74552E-10 -1.28494E-02  1.0E-07
  1.240E+02  7.79596E-01  1.02335E-26  3.65447E-10 -1.30048E-02  1.0E-07
  1.245E+02  7.83203E-01  9.98425E-27  3.56544E-10 -1.31616E-02  1.0E-07
  1.250E+02  7.86788E-01  9.74051E-27  3.47840E-10 -1.33200E-02  1.0E-07
  1.255E+02  7.90351E-01  9.50217E-27  3.39329E-10 -1.34805E-02  1.0E-07
  1.260E+02  7.93893E-01  9.26911E-27  3.31006E-10 -1.36435E-02  1.0E-07
  1.265E+02  7.97411E-01  9.04121E-27  3.22867E-10 -1.38093E-02  1.0E-07
  1.270E+02  8.00908E-01  8.81833E-27  3.14908E-10 -1.39776E-02  1.0E-07
  1.275E+02  8.04381E-01  8.60038E-27  3.07125E-10 -1.41480E-02  1.0E-07
  1.280E+02  8.07831E-01  8.38723E-27  2.99513E-10 -1.43201E-02  1.0E-07
  1.285E+02  8.11257E-01  8.17877E-27  2.92069E-10 -1.44940E-02  1.0E-07
  1.290E+02  8.14660E-01  7.97490E-27  2.84789E-10 -1.46701E-02  1.0E-07
  1.295E+02  8.18039E-01  7.77549E-27  2.77668E-10 -1.48490E-02  1.0E-07
  1.300E+02  8.21394E-01  7.58046E-27  2.70703E-10 -1.50311E-02  1.0E-07
  1.305E+02  8.24724E-01  7.38969E-27  2.63891E-10 -1.52163E-02  1.0E-07
  1.310E+02  8.28030E-01  7.20309E-27  2.57227E-10 -1.54039E-02  1.0E-07
  1.315E+02  8.31310E-01  7.02058E-27  2.50710E-10 -1.55935E-02  1.0E-07
  1.320E+02  8.34565E-01  6.84207E-27  2.44335E-10 -1.57852E-02  1.0E-07
  1.325E+02  8.37795E-01  6.66746E-27  2.38099E-10 -1.59793E-02  1.0E-07
  1.330E+02  8.40999E-01  6.49665E-27  2.32000E-10 -1.61765E-02  1.0E-07
  1.335E+02  8.44177E-01  6.32957E-27  2.26033E-10 -1.63773E-02  1.0E-07
  1.340E+02  8.47329E-01  6.16613E-27  2.20196E-10 -1.65817E-02  1.0E-07
  1.345E+02  8.50455E-01  6.00625E-27  2.14487E-10 -1.67892E-02  1.0E-07
  1.350E+02  8.53553E-01  5.84986E-27  2.08902E-10 -1.69991E-02  1.0E-07
  1.355E+02  8.56625E-01  5.69689E-27  2.03440E-10 -1.72112E-02  1.0E-07
  1.360E+02  8.59670E-01  5.54727E-27  1.98096E-10 -1.74260E-02  1.0E-07
  1.365E+02  8.62687E-01  5.40090E-27  1.92870E-10 -1.76441E-02  1.0E-07
  1.370E+02  8.65677E-01  5.25773E-27  1.87757E-10 -1.78664E-02  1.0E-07
  1.375E+02  8.68639E-01  5.11768E-27  1.82756E-10 -1.80929E-02  1.0E-07
  1.380E+02  8.71572E-01  4.98070E-27  1.77864E-10 -1.83231E-02  1.0E-07
  1.385E+02  8.74478E-01  4.84671E-27  1.73079E-10 -1.85563E-02  1.0E-07
  1.390E+02  8.77355E-01  4.71567E-27  1.68400E-10 -1.87920E-02  1.0E-07
  1.395E+02  8.80203E-01  4.58751E-27  1.63823E-10 -1.90304E-02  1.0E-07
  1.400E+02  8.83022E-01  4.46216E-27  1.59347E-10 -1.92724E-02  1.0E-07
  1.405E+02  8.85812E-01  4.33957E-27  1.54969E-10 -1.95189E-02  1.0E-07
  1.410E+02  8.88573E-01  4.21967E-27  1.50687E-10 -1.97706E-02  1.0E-07
  1.415E+02  8.91304E-01  4.10242E-27  1.46500E-10 -2.00271E-02  1.0E-07
  1.420E+02  8.94005E-01  3.98776E-27  1.42405E-10 -2.02873E-02  1.0E-07
  1.425E+02  8.96677E-01  3.87565E-27  1.38402E-10 -2.05499E-02  1.0E-07
  1.430E+02  8.99318E-01  3.76605E-27  1.34488E-10 -2.08144E-02  1.0E-07
  1.435E+02  9.01928E-01  3.65889E-27  1.30661E-10 -2.10817E-02  1.0E-07
  1.440E+02  9.04508E-01  3.55412E-27  1.26920E-10 -2.13559E-02  1.0E-07
  1.445E+02  9.07058E-01  3.45168E-27  1.23262E-10 -2.16391E-02  1.0E-07
  1.450E+02  9.09576E-01  3.35155E-27  1.19686E-10 -2.19253E-02  1.0E-07
  1.455E+02  9.12063E-01  3.25370E-27  1.16192E-10 -2.22128E-02  1.0E-07
  1.460E+02  9.14519E-01  3.15806E-27  1.12777E-10 -2.25027E-02  1.0E-07
  1.465E+02  9.16943E-01  3.06461E-27  1.09439E-10 -2.27968E-02  1.0E-07
  1.470E+02  9.19335E-01  2.97329E-27  1.06178E-10 -2.30966E-02  1.0E-07
  1.475E+02  9.21696E-01  2.88406E-27  1.02992E-10 -2.34027E-02  1.0E-07
  1.480E+02  9.24024E-01  2.79688E-27  9.98784E-11 -2.37143E-02  1.0E-07
  1.485E+02  9.26320E-01  2.71173E-27  9.68375E-11 -2.40302E-02  1.0E-07
  1.490E+02  9.28584E-01  2.62856E-27  9.38677E-11 -2.43491E-02  1.0E-07
  1.495E+02  9.30815E-01  2.54735E-27  9.09676E-11 -2.46710E-02  1.0E-07
  1.500E+02  9.33013E-01  2.46806E-27  8.81360E-11 -2.49966E-02  1.0E-07
  1.505E+02  9.35178E-01  2.39065E-27  8.53716E-11 -2.53272E-02  1.0E-07
  1.510E+02  9.37310E-01  2.31508E-27  8.26731E-11 -2.56634E-02  1.0E-07
  1.515E+02  9.39409E-01  2.24133E-27  8.00394E-11 -2.60052E-02  1.0E-07
  1.520E+02  9.41474E-01  2.16937E-27  7.74696E-11 -2.63514E-02  1.0E-07
  1.525E+02  9.43505E-01  2.09917E-27  7.49626E-11 -2.67005E-02  1.0E-07
  1.530E+02  9.45503E-01  2.03070E-27  7.25175E-11 -2.70518E-02  1.0E-07
  1.535E+02  9.47467E-01  1.96393E-27  7.01332E-11 -2.74056E-02  1.0E-07
  1.540E+02  9.49397E-01  1.89884E-27  6.78087E-11 -2.77629E-02  1.0E-07
  1.545E+02  9.51293E-01  1.83539E-27  6.55428E-11 -2.81245E-02  1.0E-07
  1.550E+02  9.53154E-01  1.77355E-27  6.33348E-11 -2.84905E-02  1.0E-07
  1.555E+02  9.54981E-01  1.71332E-27  6.11837E-11 -2.88595E-02  1.0E-07
  1.560E+02  9.56773E-01  1.65465E-27  5.90887E-11 -2.92297E-02  1.0E-07
  1.565E+02  9.58530E-01  1.59754E-27  5.70492E-11 -2.95995E-02  1.0E-07
  1.570E+02  9.60252E-01  1.54195E-27  5.50642E-11 -2.99686E-02  1.0E-07
  1.575E+02  9.61940E-01  1.48787E-27  5.31329E-11 -3.03375E-02  1.0E-07
  1.580E+02  9.63592E-01  1.43527E-27  5.12544E-11 -3.07070E-02  1.0E-07
  1.585E+02  9.65209E-01  1.38412E-27  4.94279E-11 -3.10768E-02  1.0E-07
  1.590E+02  9.66790E-01  1.33441E-27  4.76528E-11 -3.14453E-02  1.0E-07
  1.595E+02  9.68336E-01  1.28613E-27  4.59284E-11 -3.18096E-02  1.0E-07
  1.600E+02  9.69846E-01  1.23924E-27  4.42542E-11 -3.21672E-02  1.0E-07
  1.605E+02  9.71321E-01  1.19375E-27  4.26295E-11 -3.25164E-02  1.0E-07
  1.610E+02  9.72759E-01  1.14961E-27  4.10535E-11 -3.28570E-02  1.0E-07
  1.615E+02  9.74162E-01  1.10683E-27  3.95256E-11 -3.31889E-02  1.0E-07
  1.620E+02  9.75528E-01  1.06537E-27  3.80451E-11 -3.35113E-02  1.0E-07
  1.625E+02  9.76858E-01  1.02523E-27  3.66115E-11 -3.38212E-02  1.0E-07
  1.630E+02  9.78152E-01  9.86380E-28  3.52243E-11 -3.41144E-02  1.0E-07
  1.635E+02  9.79410E-01  9.48820E-28  3.38830E-11 -3.43864E-02  1.0E-07
  1.640E+02  9.80631E-01  9.12533E-28  3.25871E-11 -3.46336E-02  1.0E-07
  1.645E+02  9.81815E-01  8.77502E-28  3.13362E-11 -3.48536E-02  1.0E-07
  1.650E+02  9.82963E-01  8.43713E-28  3.01295E-11 -3.50450E-02  1.0E-07
  1.655E+02  9.84074E-01  8.11149E-28  2.89667E-11 -3.52050E-02  1.0E-07
  1.660E+02  9.85148E-01  7.79800E-28  2.78472E-11 -3.53288E-02  1.0E-07
  1.665E+02  9.86185E-01  7.49655E-28  2.67707E-11 -3.54096E-02  1.0E-07
  1.670E+02  9.87185E-01  7.20705E-28  2.57368E-11 -3.54397E-02  1.0E-07
  1.675E+02  9.88148E-01  6.92940E-28  2.47453E-11 -3.54124E-02  1.0E-07
  1.680E+02  9.89074E-01  6.66348E-28  2.37957E-11 -3.53226E-02  1.0E-07
  1.685E+02  9.89962E-01  6.40916E-28  2.28875E-11 -3.51659E-02  1.0E-07
  1.690E+02  9.90814E-01  6.16634E-28  2.20204E-11 -3.49371E-02  1.0E-07
  1.695E+02  9.91627E-01  5.93491E-28  2.11939E-11 -3.46289E-02  1.0E-07
  1.700E+02  9.92404E-01  5.71481E-28  2.04079E-11 -3.42316E-02  1.0E-07
  1.705E+02  9.93143E-01  5.50597E-28  1.96622E-11 -3.37348E-02  1.0E-07
  1.710E+02  9.93844E-01  5.30835E-28  1.89565E-11 -3.31289E-02  1.0E-07
  1.715E+02  9.94508E-01  5.12185E-28  1.82905E-11 -3.24069E-02  1.0E-07
  1.720E+02  9.95134E-01  4.94638E-28  1.76638E-11 -3.15636E-02  1.0E-07
  1.725E+02  9.95722E-01  4.78184E-28  1.70763E-11 -3.05937E-02  1.0E-07
  1.730E+02  9.96273E-01  4.62817E-28  1.65275E-11 -2.94911E-02  1.0E-07
  1.735E+02  9.96786E-01  4.48533E-28  1.60174E-11 -2.82483E-02  1.0E-07
  1.740E+02  9.97261E-01  4.35329E-28  1.55459E-11 -2.68579E-02  1.0E-07
  1.745E+02  9.97698E-01  4.23203E-28  1.51129E-11 -2.53156E-02  1.0E-07
  1.750E+02  9.98097E-01  4.12150E-28  1.47182E-11 -2.36210E-02  1.0E-07
  1.755E+02  9.98459E-01  4.02164E-28  1.43615E-11 -2.17775E-02  1.0E-07
  1.760E+02  9.98782E-01  3.93236E-28  1.40427E-11 -1.97910E-02  1.0E-07
  1.765E+02  9.99067E-01  3.85362E-28  1.37615E-11 -1.76682E-02  1.0E-07
  1.770E+02  9.99315E-01  3.78540E-28  1.35179E-11 -1.54167E-02  1.0E-07
  1.775E+02  9.99524E-01  3.72771E-28  1.33119E-11 -1.30457E-02  1.0E-07
  1.780E+02  9.99695E-01  3.68058E-28  1.31436E-11 -1.05688E-02  1.0E-07
  1.785E+02  9.99829E-01  3.64401E-28  1.30130E-11 -8.00375E-03  1.0E-07
  1.790E+02  9.99924E-01  3.61796E-28  1.29200E-11 -5.37211E-03  1.0E-07
  1.795E+02  9.99981E-01  3.60236E-28  1.28643E-11 -2.69685E-03  1.0E-07
  1.800E+02  1.00000E+00  3.59720E-28  1.28458E-11 -3.78907E-17  1.0E-07
