

  **** PARTIAL WAVE ANALYSIS (DPWA0) ******************************************


  KINETIC ENERGY = 3.70000E+06 eV

      L       PHASE(SPIN UP)     PHASE(SPIN DOWN)
  -----------------------------------------------
       0      4.24206387E-01      0.00000000E+00
       1      3.70869045E-01      4.16189585E-01
       2      3.42055273E-01      3.66854081E-01
       3      3.22138815E-01      3.39378817E-01
       4      3.06883622E-01      3.20131676E-01
       5      2.94510644E-01      3.05278121E-01
       6      2.84100027E-01      2.93172940E-01
       7      2.75113115E-01      2.82953639E-01
       8      2.67206910E-01      2.74110243E-01
       9      2.60149362E-01      2.66315686E-01
      10      2.53776095E-01      2.59347478E-01
      11      2.47966386E-01      2.53047328E-01
      12      2.42628945E-01      2.47298567E-01
      13      2.37693054E-01      2.42012714E-01
      14      2.33102813E-01      2.37121056E-01
      15      2.28813264E-01      2.32569164E-01
      16      2.24787712E-01      2.28313184E-01
      17      2.20995809E-01      2.24317262E-01
      18      2.17412174E-01      2.20551709E-01
      19      2.14015361E-01      2.16991659E-01
      20      2.10787087E-01      2.13616083E-01
      21      2.07711638E-01      2.10407032E-01
      22      2.04775407E-01      2.07349066E-01
      23      2.01966535E-01      2.04428806E-01
      24      1.99274625E-01      2.01634582E-01
      25      1.96690507E-01      1.98956155E-01
      26      1.94206054E-01      1.96384488E-01
      27      1.91814030E-01      1.93911571E-01
      28      1.89507965E-01      1.91530265E-01
      29      1.87282046E-01      1.89234183E-01
      30      1.85131036E-01      1.87017587E-01
      31      1.83050197E-01      1.84875304E-01
      32      1.81035231E-01      1.82802651E-01
      33      1.79082224E-01      1.80795379E-01
      34      1.77187603E-01      1.78849617E-01
      35      1.75348098E-01      1.76961831E-01
      36      1.73560707E-01      1.75128785E-01
      37      1.71822671E-01      1.73347509E-01
      38      1.70131443E-01      1.71615267E-01
      39      1.68484670E-01      1.69929540E-01
      40      1.66880175E-01      1.68287997E-01
      41      1.65315936E-01      1.66688479E-01
      42      1.63790075E-01      1.65128982E-01
      43      1.62300844E-01      1.63607646E-01
      44      1.60846610E-01      1.62122736E-01
      45      1.59425849E-01      1.60672634E-01
      46      1.58037136E-01      1.59255827E-01
      47      1.56679134E-01      1.57870902E-01
      48      1.55350590E-01      1.56516532E-01
      49      1.54050324E-01      1.55191473E-01
      50      1.52777230E-01      1.53894556E-01
      51      1.51530262E-01      1.52624680E-01
      52      1.50308436E-01      1.51380808E-01
      53      1.49110822E-01      1.50161963E-01
      54      1.47936541E-01      1.48967221E-01
      55      1.46784761E-01      1.47795709E-01
      56      1.45654694E-01      1.46646600E-01
      57      1.44545593E-01      1.45519112E-01
      58      1.43456750E-01      1.44412503E-01
      59      1.42387490E-01      1.43326067E-01
      60      1.41337174E-01      1.42259136E-01
      61      1.40305191E-01      1.41211072E-01
      62      1.39290961E-01      1.40181271E-01
      63      1.38293932E-01      1.39169154E-01
      64      1.37313575E-01      1.38174172E-01
      65      1.36349386E-01      1.37195800E-01
      66      1.35400884E-01      1.36233538E-01
      67      1.34467608E-01      1.35286905E-01
      68      1.33549120E-01      1.34355444E-01
      69      1.32644996E-01      1.33438718E-01
      70      1.31754833E-01      1.32536308E-01
      71      1.30878245E-01      1.31647810E-01
      72      1.30014859E-01      1.30772841E-01
      73      1.29164321E-01      1.29911032E-01
      74      1.28326286E-01      1.29062026E-01
      75      1.27500428E-01      1.28225485E-01
      76      1.26686430E-01      1.27401081E-01
      77      1.25883988E-01      1.26588499E-01
      78      1.25092809E-01      1.25787438E-01
      79      1.24312612E-01      1.24997605E-01
      80      1.23543126E-01      1.24218720E-01
      81      1.22784089E-01      1.23450514E-01
      82      1.22035249E-01      1.22692727E-01
      83      1.21296363E-01      1.21945106E-01
      84      1.20567197E-01      1.21207411E-01
      85      1.19847523E-01      1.20479407E-01
      86      1.19137123E-01      1.19760869E-01
      87      1.18435785E-01      1.19051579E-01
      88      1.17743306E-01      1.18351326E-01
      89      1.17059487E-01      1.17659907E-01
      90      1.16384137E-01      1.16977124E-01
      91      1.15717070E-01      1.16302788E-01
      92      1.15058109E-01      1.15636714E-01
      93      1.14407079E-01      1.14978723E-01
      94      1.13763812E-01      1.14328643E-01
      95      1.13128144E-01      1.13686306E-01  i
      96      1.12499920E-01      1.13051549E-01  i
      97      1.11878984E-01      1.12424216E-01  i
      98      1.11265188E-01      1.11804153E-01  i
      99      1.10658388E-01      1.11191214E-01  i
     100      1.10058445E-01      1.10585253E-01  i
     105      1.07156943E-01      1.07655386E-01  i
     110      1.04408003E-01      1.04880672E-01  i
     115      1.01798021E-01      1.02247175E-01  i
     120      9.93150829E-02      9.97427066E-02  i
     125      9.69487003E-02      9.73565441E-02  i
     130      9.46895884E-02      9.50792050E-02  i
     135      9.25294904E-02      9.29022633E-02  i
     140      9.04610318E-02      9.08181988E-02  i
     145      8.84776004E-02      8.88202730E-02  i
     150      8.65732453E-02      8.69024254E-02  i
     155      8.47425932E-02      8.50591867E-02  i
     160      8.29807771E-02      8.32856054E-02  i
     165      8.12833755E-02      8.15771857E-02  i
     170      7.96463613E-02      7.99298348E-02  i
     175      7.80660573E-02      7.83398167E-02  i
     180      7.65390977E-02      7.68037134E-02  i
     185      7.50623950E-02      7.53183909E-02  i
     190      7.36331114E-02      7.38809692E-02  i
     195      7.22486332E-02      7.24887971E-02  i
     200      7.09065489E-02      7.11394289E-02  i
     205      6.96046295E-02      6.98306049E-02  i
     210      6.83408114E-02      6.85602337E-02  i
     215      6.71131813E-02      6.73263764E-02  i
     220      6.59199621E-02      6.61272329E-02  i
     225      6.47595012E-02      6.49611298E-02  i
     230      6.36302599E-02      6.38265088E-02  i
     235      6.25308030E-02      6.27219172E-02  i
     240      6.14597907E-02      6.16459993E-02  i
     245      6.04159706E-02      6.05974876E-02  i
     250      5.93981704E-02      5.95751964E-02  i
     255      5.84052920E-02      5.85780148E-02  i
     260      5.74363051E-02      5.76049010E-02  i
     265      5.64902424E-02      5.66548772E-02  i
     270      5.55661946E-02      5.57270240E-02  i
     275      5.46633062E-02      5.48204769E-02  i
     280      5.37807713E-02      5.39344214E-02  i
     285      5.29178302E-02      5.30680901E-02  i
     290      5.20737661E-02      5.22207588E-02  i
     295      5.12479018E-02      5.13917435E-02  i
     300      5.04395971E-02      5.05803977E-02  i
     310      4.88732758E-02      4.90083011E-02  i
     320      4.73703285E-02      4.74999527E-02  i
     330      4.59267291E-02      4.60512896E-02  i
     340      4.45388427E-02      4.46586445E-02  i
     350      4.32033769E-02      4.33186966E-02  i
     360      4.19173401E-02      4.20284296E-02  i
     370      4.06780061E-02      4.07850949E-02  i
     380      3.94828827E-02      3.95861813E-02  i
     390      3.83296856E-02      3.84293869E-02  i
     400      3.72163149E-02      3.73125966E-02  i
     410      3.61408351E-02      3.62338612E-02  i
     420      3.51014574E-02      3.51913796E-02  i
     430      3.40965246E-02      3.41834835E-02  i
     440      3.31244972E-02      3.32086238E-02  i
     450      3.21839422E-02      3.22653583E-02  i
     460      3.12735221E-02      3.13523417E-02  i
     470      3.03919861E-02      3.04683158E-02  i
     480      2.95381619E-02      2.96121018E-02  i
     490      2.87109486E-02      2.87825927E-02  i
     500      2.79093101E-02      2.79787470E-02  i
     510      2.71322699E-02      2.71995831E-02  i
     520      2.63789054E-02      2.64441741E-02  i
     530      2.56483442E-02      2.57116430E-02  i
     540      2.49397594E-02      2.50011592E-02  i
     550      2.42523663E-02      2.43119345E-02  i
     560      2.35854193E-02      2.36432199E-02  i
     570      2.29382087E-02      2.29943027E-02  i
     580      2.23100582E-02      2.23645039E-02  i
     590      2.17003229E-02      2.17531755E-02  i
     600      2.11083863E-02      2.11596991E-02  i
     620      1.99755783E-02      2.00239613E-02  i
     640      1.89072142E-02      1.89528537E-02  i
     660      1.78992303E-02      1.79422981E-02  i
     680      1.69478783E-02      1.69885328E-02  i
     700      1.60496907E-02      1.60880788E-02  i
     720      1.52014522E-02      1.52377102E-02  i
     740      1.44001743E-02      1.44344292E-02  i
     760      1.36430747E-02      1.36754445E-02  i
     780      1.29275579E-02      1.29581529E-02  i
     800      1.22511998E-02      1.22801232E-02  i
     820      1.16117335E-02      1.16390817E-02  i
     840      1.10070363E-02      1.10328997E-02  i
     860      1.04351190E-02      1.04595824E-02  i
     880      9.89411574E-03      9.91725858E-03  i
     900      9.38227519E-03      9.40417213E-03  i
     920      8.89795228E-03      8.91867346E-03  i
     940      8.43960094E-03      8.45921231E-03  i
     960      8.00576737E-03      8.02433094E-03  i
     980      7.59508392E-03      7.61265804E-03  i
    1000      7.20626342E-03      7.22290303E-03  i
    1020      6.83809406E-03      6.85385087E-03  i
    1040      6.48943453E-03      6.50435727E-03  i
    1060      6.15920963E-03      6.17334421E-03  i
    1080      5.84640617E-03      5.85979584E-03  i
    1100      5.55006912E-03      5.56275468E-03  i
    1120      5.26929810E-03      5.28131800E-03  i
    1140      5.00324405E-03      5.01463455E-03  i
    1160      4.75110611E-03      4.76190143E-03  i
    1180      4.51212882E-03      4.52236123E-03  i
    1200      4.28559934E-03      4.29529930E-03  i
    1250      3.76941269E-03      3.77790377E-03  i
    1300      3.31740135E-03      3.32483934E-03  i
    1350      2.92131626E-03      2.92783617E-03  i
    1400      2.57400528E-03      2.57972422E-03  i
    1450      2.26926212E-03      2.27428176E-03  i
    1500      2.00169703E-03      2.00610569E-03  i
    1550      1.76662576E-03      1.77050023E-03  i
    1600      1.55997409E-03      1.56338120E-03  i
    1650      1.37819580E-03      1.38119371E-03  i
    1700      1.21820196E-03      1.22084138E-03  i
    1750      1.07729997E-03      1.07962510E-03  i
    1800      9.53141094E-04      9.55190506E-04  i
    1850      8.43675044E-04      8.45482425E-04  i
    1900      7.47110764E-04      7.48705553E-04  i
    1950      6.61882611E-04      6.63290547E-04  i
    2000      5.86621041E-04      5.87864649E-04  i
    2050      5.20127216E-04      5.21226218E-04  i
    2100      4.61351020E-04      4.62322700E-04  i
    2150      4.09372007E-04      4.10231517E-04  i
    2200      3.63382866E-04      3.64143503E-04  i
    2250      3.22675064E-04      3.23348499E-04  i
    2300      2.86626371E-04      2.87222857E-04  i
    2350      2.54690007E-04      2.55218558E-04  i
    2400      2.26385208E-04      2.26853751E-04  i
    2450      2.01289001E-04      2.01704512E-04  i
    2500      1.79029045E-04      1.79397667E-04  i
    2550      1.59277384E-04      1.59604529E-04  i
    2600      1.41745001E-04      1.42035440E-04  i
    2650      1.26177037E-04      1.26434978E-04  i
    2700      1.12348666E-04      1.12577823E-04  i
    2750      1.00061436E-04      1.00265088E-04  i
    2800      8.91400882E-05      8.93211299E-05  i
    2850      7.94297725E-05      7.95907638E-05  i
    2900      7.07936046E-05      7.09368082E-05  i
    2950      6.31105253E-05      6.32379426E-05  i
    3000      5.62734250E-05      5.63868279E-05  i
    3100      4.47687927E-05      4.48586936E-05  i
    3200      3.56439817E-05      3.57153222E-05  i
    3300      2.83996549E-05      2.84563203E-05  i
    3400      2.26430655E-05      2.26881138E-05  i
    3500      1.80647850E-05      1.81006274E-05  i
    3600      1.44207516E-05      1.44492911E-05  i
    3700      1.15181589E-05      1.15408999E-05  i
    3800      9.20455211E-06      9.22268460E-06  i
    3900      7.35922560E-06      7.37369278E-06  i
    4000      5.88650124E-06      5.89805064E-06  i
    4100      4.71048586E-06      4.71971091E-06  i
    4200      3.77090412E-06      3.77827640E-06  i
    4300      3.01985323E-06      3.02574780E-06  i
    4400      2.41922238E-06      2.42393742E-06  i
    4500      1.93868253E-06      1.94245566E-06  i
    4600      1.55406519E-06      1.55708570E-06  i
    4700      1.24610698E-06      1.24852592E-06  i
    4800      9.99441635E-07      1.00137955E-06  i
    4900      8.01803419E-07      8.03356349E-07  i
    5000      6.43398832E-07      6.44643706E-07  i
    5100      5.16386407E-07      5.17384650E-07  i
    5200      4.14561483E-07      4.15361962E-07  i
    5300      3.32850900E-07      3.33493144E-07  i
    5400      2.67298689E-07      2.67814023E-07  i
    5500      2.14697235E-07      2.15110903E-07  i
    5600      1.72465411E-07      1.72797441E-07  i
    5700      1.38566425E-07      1.38833098E-07  i
    5800      1.11345244E-07      1.11559407E-07  i
    5900      8.94825758E-08      8.96546452E-08  i
    6000      7.19087263E-08      7.20468391E-08  i
    6100      5.77988392E-08      5.79098867E-08  i
    6200      4.64609208E-08      4.65502508E-08  i
    6300      3.73493420E-08      3.74209403E-08  i
    6400      3.00254357E-08      3.00830239E-08  i
    6500      2.41181963E-08      2.41646286E-08  i
    6600      1.93843920E-08      1.94215722E-08  i
    6700      1.55777908E-08      1.56078484E-08  i
    6800      1.25162998E-08      1.25404386E-08  i
    6900      1.00540641E-08      1.00733489E-08  i
    7000      8.04378579E-09      8.05919031E-09  i
    7100      6.44883699E-09      6.46155805E-09  i
    7200      5.16534730E-09      5.17548492E-09  i
    7300      4.13154695E-09      4.13987180E-09  i
    7400      3.29851909E-09      3.30516208E-09  i
    7500      2.62777338E-09      2.63312865E-09  i
    7600      2.08606797E-09      2.09006334E-09  i
    7700      1.59299135E-09      1.59640191E-09  i
    7800      1.23359700E-09      1.23599805E-09  i


  *** SCATTERING AMPLITUDES AND DIFFERENTIAL CROSS SECTION ***

    ANGLE      DCS       ASYMMETRY    DIRECT AMPLITUDE       SPIN-FLIP AMPLITUDE     ERROR
    (deg)   (cm**2/sr)                      (cm)                    (cm)
  -------------------------------------------------------------------------------------------
  0.000E+00 2.20568E-14  0.000E+00 ( 1.484E-07, 4.887E-09) ( 0.000E+00, 0.000E+00)  1.00E-07
  1.000E-04 2.20568E-14  0.000E+00 ( 1.484E-07, 4.887E-09) ( 1.138E-13, 3.748E-15)  1.00E-07
  1.250E-04 2.20568E-14  0.000E+00 ( 1.484E-07, 4.887E-09) ( 1.423E-13, 4.684E-15)  1.00E-07
  1.500E-04 2.20568E-14  0.000E+00 ( 1.484E-07, 4.887E-09) ( 1.707E-13, 5.621E-15)  1.00E-07
  1.750E-04 2.20567E-14  0.000E+00 ( 1.484E-07, 4.887E-09) ( 1.992E-13, 6.558E-15)  1.00E-07
  2.000E-04 2.20567E-14  0.000E+00 ( 1.484E-07, 4.887E-09) ( 2.276E-13, 7.495E-15)  1.00E-07
  2.250E-04 2.20567E-14  0.000E+00 ( 1.484E-07, 4.887E-09) ( 2.561E-13, 8.432E-15)  1.00E-07
  2.500E-04 2.20566E-14  0.000E+00 ( 1.484E-07, 4.887E-09) ( 2.845E-13, 9.369E-15)  1.00E-07
  2.750E-04 2.20566E-14  0.000E+00 ( 1.484E-07, 4.887E-09) ( 3.130E-13, 1.031E-14)  1.00E-07
  3.000E-04 2.20566E-14  0.000E+00 ( 1.484E-07, 4.887E-09) ( 3.414E-13, 1.124E-14)  1.00E-07
  3.250E-04 2.20565E-14  0.000E+00 ( 1.484E-07, 4.887E-09) ( 3.699E-13, 1.218E-14)  1.00E-07
  3.500E-04 2.20565E-14  0.000E+00 ( 1.484E-07, 4.887E-09) ( 3.984E-13, 1.312E-14)  1.00E-07
  3.750E-04 2.20564E-14  0.000E+00 ( 1.484E-07, 4.887E-09) ( 4.268E-13, 1.405E-14)  1.00E-07
  4.000E-04 2.20564E-14  0.000E+00 ( 1.484E-07, 4.887E-09) ( 4.553E-13, 1.499E-14)  1.00E-07
  4.250E-04 2.20563E-14  0.000E+00 ( 1.484E-07, 4.887E-09) ( 4.837E-13, 1.593E-14)  1.00E-07
  4.500E-04 2.20562E-14  0.000E+00 ( 1.484E-07, 4.887E-09) ( 5.122E-13, 1.686E-14)  1.00E-07
  4.750E-04 2.20562E-14  0.000E+00 ( 1.484E-07, 4.887E-09) ( 5.406E-13, 1.780E-14)  1.00E-07
  5.000E-04 2.20561E-14  0.000E+00 ( 1.484E-07, 4.887E-09) ( 5.691E-13, 1.874E-14)  1.00E-07
  5.250E-04 2.20560E-14  0.000E+00 ( 1.484E-07, 4.887E-09) ( 5.975E-13, 1.967E-14)  1.00E-07
  5.500E-04 2.20559E-14  0.000E+00 ( 1.484E-07, 4.887E-09) ( 6.260E-13, 2.061E-14)  1.00E-07
  5.750E-04 2.20558E-14  0.000E+00 ( 1.484E-07, 4.887E-09) ( 6.544E-13, 2.155E-14)  1.00E-07
  6.000E-04 2.20558E-14  0.000E+00 ( 1.484E-07, 4.887E-09) ( 6.829E-13, 2.249E-14)  1.00E-07
  6.250E-04 2.20557E-14  0.000E+00 ( 1.484E-07, 4.887E-09) ( 7.113E-13, 2.342E-14)  1.00E-07
  6.500E-04 2.20556E-14  0.000E+00 ( 1.484E-07, 4.887E-09) ( 7.398E-13, 2.436E-14)  1.00E-07
  6.750E-04 2.20555E-14  0.000E+00 ( 1.484E-07, 4.887E-09) ( 7.682E-13, 2.530E-14)  1.00E-07
  7.000E-04 2.20554E-14  0.000E+00 ( 1.484E-07, 4.887E-09) ( 7.967E-13, 2.623E-14)  1.00E-07
  7.250E-04 2.20553E-14  0.000E+00 ( 1.484E-07, 4.887E-09) ( 8.251E-13, 2.717E-14)  1.00E-07
  7.500E-04 2.20552E-14  0.000E+00 ( 1.484E-07, 4.887E-09) ( 8.536E-13, 2.811E-14)  1.00E-07
  7.750E-04 2.20550E-14  0.000E+00 ( 1.484E-07, 4.887E-09) ( 8.820E-13, 2.904E-14)  1.00E-07
  8.000E-04 2.20549E-14  0.000E+00 ( 1.484E-07, 4.887E-09) ( 9.105E-13, 2.998E-14)  1.00E-07
  8.250E-04 2.20548E-14  0.000E+00 ( 1.484E-07, 4.887E-09) ( 9.389E-13, 3.092E-14)  1.00E-07
  8.500E-04 2.20547E-14  0.000E+00 ( 1.484E-07, 4.887E-09) ( 9.674E-13, 3.185E-14)  1.00E-07
  8.750E-04 2.20545E-14  0.000E+00 ( 1.484E-07, 4.887E-09) ( 9.958E-13, 3.279E-14)  1.00E-07
  9.000E-04 2.20544E-14  0.000E+00 ( 1.484E-07, 4.887E-09) ( 1.024E-12, 3.373E-14)  1.00E-07
  9.250E-04 2.20543E-14  0.000E+00 ( 1.484E-07, 4.887E-09) ( 1.053E-12, 3.466E-14)  1.00E-07
  9.500E-04 2.20541E-14  0.000E+00 ( 1.484E-07, 4.887E-09) ( 1.081E-12, 3.560E-14)  1.00E-07
  9.750E-04 2.20540E-14  0.000E+00 ( 1.484E-07, 4.887E-09) ( 1.110E-12, 3.654E-14)  1.00E-07
  1.000E-03 2.20538E-14  0.000E+00 ( 1.484E-07, 4.887E-09) ( 1.138E-12, 3.748E-14)  1.00E-07
  1.250E-03 2.20522E-14  0.000E+00 ( 1.484E-07, 4.887E-09) ( 1.423E-12, 4.684E-14)  1.00E-07
  1.500E-03 2.20501E-14  0.000E+00 ( 1.484E-07, 4.887E-09) ( 1.707E-12, 5.621E-14)  1.00E-07
  1.750E-03 2.20477E-14  0.000E+00 ( 1.484E-07, 4.887E-09) ( 1.991E-12, 6.558E-14)  1.00E-07
  2.000E-03 2.20449E-14  0.000E+00 ( 1.484E-07, 4.887E-09) ( 2.276E-12, 7.495E-14)  1.00E-07
  2.250E-03 2.20417E-14  0.000E+00 ( 1.484E-07, 4.887E-09) ( 2.560E-12, 8.431E-14)  1.00E-07
  2.500E-03 2.20382E-14  0.000E+00 ( 1.484E-07, 4.887E-09) ( 2.844E-12, 9.368E-14)  1.00E-07
  2.750E-03 2.20343E-14  0.000E+00 ( 1.484E-07, 4.887E-09) ( 3.128E-12, 1.030E-13)  1.00E-07
  3.000E-03 2.20300E-14  0.000E+00 ( 1.483E-07, 4.887E-09) ( 3.412E-12, 1.124E-13)  1.00E-07
  3.250E-03 2.20254E-14  0.000E+00 ( 1.483E-07, 4.887E-09) ( 3.696E-12, 1.218E-13)  1.00E-07
  3.500E-03 2.20203E-14  0.000E+00 ( 1.483E-07, 4.887E-09) ( 3.980E-12, 1.311E-13)  1.00E-07
  3.750E-03 2.20149E-14  0.000E+00 ( 1.483E-07, 4.887E-09) ( 4.264E-12, 1.405E-13)  1.00E-07
  4.000E-03 2.20092E-14  0.000E+00 ( 1.483E-07, 4.886E-09) ( 4.548E-12, 1.499E-13)  1.00E-07
  4.250E-03 2.20030E-14  0.000E+00 ( 1.483E-07, 4.886E-09) ( 4.831E-12, 1.592E-13)  1.00E-07
  4.500E-03 2.19965E-14  0.000E+00 ( 1.482E-07, 4.886E-09) ( 5.115E-12, 1.686E-13)  1.00E-07
  4.750E-03 2.19897E-14  0.000E+00 ( 1.482E-07, 4.886E-09) ( 5.398E-12, 1.780E-13)  1.00E-07
  5.000E-03 2.19824E-14  0.000E+00 ( 1.482E-07, 4.886E-09) ( 5.681E-12, 1.873E-13)  1.00E-07
  5.250E-03 2.19748E-14  0.000E+00 ( 1.482E-07, 4.886E-09) ( 5.964E-12, 1.967E-13)  1.00E-07
  5.500E-03 2.19669E-14  0.000E+00 ( 1.481E-07, 4.886E-09) ( 6.247E-12, 2.060E-13)  1.00E-07
  5.750E-03 2.19585E-14  0.000E+00 ( 1.481E-07, 4.885E-09) ( 6.530E-12, 2.154E-13)  1.00E-07
  6.000E-03 2.19498E-14  0.000E+00 ( 1.481E-07, 4.885E-09) ( 6.812E-12, 2.248E-13)  1.00E-07
  6.250E-03 2.19408E-14  0.000E+00 ( 1.480E-07, 4.885E-09) ( 7.095E-12, 2.341E-13)  1.00E-07
  6.500E-03 2.19313E-14  0.000E+00 ( 1.480E-07, 4.885E-09) ( 7.377E-12, 2.435E-13)  1.00E-07
  6.750E-03 2.19215E-14  0.000E+00 ( 1.480E-07, 4.885E-09) ( 7.659E-12, 2.528E-13)  1.00E-07
  7.000E-03 2.19114E-14  0.000E+00 ( 1.479E-07, 4.884E-09) ( 7.941E-12, 2.622E-13)  1.00E-07
  7.250E-03 2.19009E-14  0.000E+00 ( 1.479E-07, 4.884E-09) ( 8.222E-12, 2.715E-13)  1.00E-07
  7.500E-03 2.18900E-14  0.000E+00 ( 1.479E-07, 4.884E-09) ( 8.504E-12, 2.809E-13)  1.00E-07
  7.750E-03 2.18787E-14  0.000E+00 ( 1.478E-07, 4.884E-09) ( 8.785E-12, 2.902E-13)  1.00E-07
  8.000E-03 2.18671E-14  0.000E+00 ( 1.478E-07, 4.883E-09) ( 9.066E-12, 2.996E-13)  1.00E-07
  8.250E-03 2.18552E-14  0.000E+00 ( 1.478E-07, 4.883E-09) ( 9.347E-12, 3.089E-13)  1.00E-07
  8.500E-03 2.18428E-14  0.000E+00 ( 1.477E-07, 4.883E-09) ( 9.627E-12, 3.183E-13)  1.00E-07
  8.750E-03 2.18302E-14  0.000E+00 ( 1.477E-07, 4.883E-09) ( 9.908E-12, 3.276E-13)  1.00E-07
  9.000E-03 2.18171E-14  0.000E+00 ( 1.476E-07, 4.882E-09) ( 1.019E-11, 3.369E-13)  1.00E-07
  9.250E-03 2.18038E-14  0.000E+00 ( 1.476E-07, 4.882E-09) ( 1.047E-11, 3.463E-13)  1.00E-07
  9.500E-03 2.17900E-14  0.000E+00 ( 1.475E-07, 4.882E-09) ( 1.075E-11, 3.556E-13)  1.00E-07
  9.750E-03 2.17759E-14  0.000E+00 ( 1.475E-07, 4.882E-09) ( 1.103E-11, 3.650E-13)  1.00E-07
  1.000E-02 2.17615E-14  0.000E+00 ( 1.474E-07, 4.881E-09) ( 1.131E-11, 3.743E-13)  1.00E-07
  1.250E-02 2.15979E-14  0.000E+00 ( 1.469E-07, 4.878E-09) ( 1.408E-11, 4.675E-13)  1.00E-07
  1.500E-02 2.14004E-14  0.000E+00 ( 1.462E-07, 4.874E-09) ( 1.682E-11, 5.606E-13)  1.00E-07
  1.750E-02 2.11704E-14  0.000E+00 ( 1.454E-07, 4.869E-09) ( 1.951E-11, 6.533E-13)  1.00E-07
  2.000E-02 2.09096E-14  0.000E+00 ( 1.445E-07, 4.863E-09) ( 2.216E-11, 7.458E-13)  1.00E-07
  2.250E-02 2.06196E-14  0.000E+00 ( 1.435E-07, 4.857E-09) ( 2.476E-11, 8.379E-13)  1.00E-07
  2.500E-02 2.03025E-14  0.000E+00 ( 1.424E-07, 4.849E-09) ( 2.730E-11, 9.296E-13)  1.00E-07
  2.750E-02 1.99602E-14  0.000E+00 ( 1.412E-07, 4.841E-09) ( 2.977E-11, 1.021E-12)  1.00E-07
  3.000E-02 1.95950E-14  0.000E+00 ( 1.399E-07, 4.833E-09) ( 3.218E-11, 1.112E-12)  1.00E-07
  3.250E-02 1.92091E-14  0.000E+00 ( 1.385E-07, 4.823E-09) ( 3.452E-11, 1.202E-12)  1.00E-07
  3.500E-02 1.88048E-14  0.000E+00 ( 1.370E-07, 4.813E-09) ( 3.678E-11, 1.292E-12)  1.00E-07
  3.750E-02 1.83843E-14  0.000E+00 ( 1.355E-07, 4.803E-09) ( 3.896E-11, 1.381E-12)  1.00E-07
  4.000E-02 1.79498E-14  0.000E+00 ( 1.339E-07, 4.791E-09) ( 4.107E-11, 1.470E-12)  1.00E-07
  4.250E-02 1.75037E-14  0.000E+00 ( 1.322E-07, 4.779E-09) ( 4.309E-11, 1.557E-12)  1.00E-07
  4.500E-02 1.70481E-14  0.000E+00 ( 1.305E-07, 4.766E-09) ( 4.502E-11, 1.645E-12)  1.00E-07
  4.750E-02 1.65852E-14  0.000E+00 ( 1.287E-07, 4.753E-09) ( 4.687E-11, 1.731E-12)  1.00E-07
  5.000E-02 1.61169E-14  0.000E+00 ( 1.269E-07, 4.739E-09) ( 4.864E-11, 1.817E-12)  1.00E-07
  5.250E-02 1.56451E-14  0.000E+00 ( 1.250E-07, 4.724E-09) ( 5.032E-11, 1.902E-12)  1.00E-07
  5.500E-02 1.51717E-14  0.000E+00 ( 1.231E-07, 4.709E-09) ( 5.191E-11, 1.986E-12)  1.00E-07
  5.750E-02 1.46984E-14  0.000E+00 ( 1.211E-07, 4.693E-09) ( 5.341E-11, 2.069E-12)  1.00E-07
  6.000E-02 1.42268E-14  0.000E+00 ( 1.192E-07, 4.677E-09) ( 5.483E-11, 2.152E-12)  1.00E-07
  6.250E-02 1.37582E-14  0.000E+00 ( 1.172E-07, 4.660E-09) ( 5.617E-11, 2.233E-12)  1.00E-07
  6.500E-02 1.32941E-14  0.000E+00 ( 1.152E-07, 4.642E-09) ( 5.742E-11, 2.314E-12)  1.00E-07
  6.750E-02 1.28355E-14  0.000E+00 ( 1.132E-07, 4.624E-09) ( 5.859E-11, 2.393E-12)  1.00E-07
  7.000E-02 1.23837E-14  0.000E+00 ( 1.112E-07, 4.605E-09) ( 5.968E-11, 2.472E-12)  1.00E-07
  7.250E-02 1.19394E-14  0.000E+00 ( 1.092E-07, 4.586E-09) ( 6.069E-11, 2.550E-12)  1.00E-07
  7.500E-02 1.15036E-14  0.000E+00 ( 1.072E-07, 4.567E-09) ( 6.162E-11, 2.626E-12)  1.00E-07
  7.750E-02 1.10768E-14  0.000E+00 ( 1.051E-07, 4.547E-09) ( 6.248E-11, 2.702E-12)  1.00E-07
  8.000E-02 1.06599E-14  0.000E+00 ( 1.031E-07, 4.526E-09) ( 6.327E-11, 2.776E-12)  1.00E-07
  8.250E-02 1.02531E-14  0.000E+00 ( 1.012E-07, 4.505E-09) ( 6.399E-11, 2.850E-12)  1.00E-07
  8.500E-02 9.85703E-15  0.000E+00 ( 9.918E-08, 4.484E-09) ( 6.464E-11, 2.922E-12)  1.00E-07
  8.750E-02 9.47189E-15  0.000E+00 ( 9.722E-08, 4.462E-09) ( 6.523E-11, 2.994E-12)  1.00E-07
  9.000E-02 9.09794E-15  0.000E+00 ( 9.528E-08, 4.440E-09) ( 6.575E-11, 3.064E-12)  1.00E-07
  9.250E-02 8.73536E-15  0.000E+00 ( 9.336E-08, 4.417E-09) ( 6.622E-11, 3.133E-12)  1.00E-07
  9.500E-02 8.38423E-15  0.000E+00 ( 9.146E-08, 4.394E-09) ( 6.662E-11, 3.201E-12)  1.00E-07
  9.750E-02 8.04459E-15  0.000E+00 ( 8.959E-08, 4.371E-09) ( 6.697E-11, 3.268E-12)  1.00E-07
  1.000E-01 7.71643E-15  0.000E+00 ( 8.774E-08, 4.347E-09) ( 6.727E-11, 3.333E-12)  1.00E-07
  1.250E-01 5.03457E-15  0.000E+00 ( 7.084E-08, 4.096E-09) ( 6.789E-11, 3.926E-12)  1.00E-07
  1.500E-01 3.26855E-15  0.000E+00 ( 5.704E-08, 3.829E-09) ( 6.561E-11, 4.404E-12)  1.00E-07
  1.750E-01 2.14091E-15  0.000E+00 ( 4.613E-08, 3.558E-09) ( 6.190E-11, 4.774E-12)  1.00E-07
  2.000E-01 1.42596E-15  0.000E+00 ( 3.762E-08, 3.292E-09) ( 5.769E-11, 5.049E-12)  1.00E-07
  2.250E-01 9.69752E-16  0.000E+00 ( 3.099E-08, 3.039E-09) ( 5.347E-11, 5.244E-12)  1.00E-07
  2.500E-01 6.74530E-16  0.000E+00 ( 2.582E-08, 2.803E-09) ( 4.950E-11, 5.373E-12)  1.00E-07
  2.750E-01 4.79992E-16  0.000E+00 ( 2.176E-08, 2.585E-09) ( 4.588E-11, 5.450E-12)  1.00E-07
  3.000E-01 3.49198E-16  0.000E+00 ( 1.853E-08, 2.385E-09) ( 4.263E-11, 5.487E-12)  1.00E-07
  3.250E-01 2.59417E-16  0.000E+00 ( 1.595E-08, 2.204E-09) ( 3.976E-11, 5.493E-12)  1.00E-07
  3.500E-01 1.96507E-16  0.000E+00 ( 1.387E-08, 2.040E-09) ( 3.722E-11, 5.476E-12)  1.00E-07
  3.750E-01 1.51539E-16  0.000E+00 ( 1.216E-08, 1.893E-09) ( 3.498E-11, 5.443E-12)  1.00E-07
  4.000E-01 1.18782E-16  0.000E+00 ( 1.076E-08, 1.760E-09) ( 3.299E-11, 5.397E-12)  1.00E-07
  4.250E-01 9.44908E-17  0.000E+00 ( 9.581E-09, 1.640E-09) ( 3.122E-11, 5.344E-12)  1.00E-07
  4.500E-01 7.61773E-17  0.000E+00 ( 8.592E-09, 1.532E-09) ( 2.965E-11, 5.285E-12)  1.00E-07
  4.750E-01 6.21570E-17  0.000E+00 ( 7.752E-09, 1.434E-09) ( 2.824E-11, 5.223E-12)  1.00E-07
  5.000E-01 5.12704E-17  0.000E+00 ( 7.033E-09, 1.345E-09) ( 2.696E-11, 5.158E-12)  1.00E-07
  5.250E-01 4.27066E-17  0.000E+00 ( 6.411E-09, 1.265E-09) ( 2.581E-11, 5.093E-12)  1.00E-07
  5.500E-01 3.58892E-17  0.000E+00 ( 5.871E-09, 1.192E-09) ( 2.476E-11, 5.028E-12)  1.00E-07
  5.750E-01 3.04025E-17  0.000E+00 ( 5.398E-09, 1.126E-09) ( 2.380E-11, 4.963E-12)  1.00E-07
  6.000E-01 2.59424E-17  0.000E+00 ( 4.981E-09, 1.065E-09) ( 2.292E-11, 4.899E-12)  1.00E-07
  6.250E-01 2.22834E-17  0.000E+00 ( 4.611E-09, 1.009E-09) ( 2.210E-11, 4.835E-12)  1.00E-07
  6.500E-01 1.92564E-17  0.000E+00 ( 4.282E-09, 9.576E-10) ( 2.134E-11, 4.773E-12)  1.00E-07
  6.750E-01 1.67328E-17  0.000E+00 ( 3.988E-09, 9.103E-10) ( 2.064E-11, 4.712E-12)  1.00E-07
  7.000E-01 1.46140E-17  0.000E+00 ( 3.723E-09, 8.667E-10) ( 1.999E-11, 4.652E-12)  1.00E-07
  7.250E-01 1.28234E-17  0.000E+00 ( 3.484E-09, 8.263E-10) ( 1.937E-11, 4.594E-12)  1.00E-07
  7.500E-01 1.13010E-17  0.000E+00 ( 3.268E-09, 7.888E-10) ( 1.879E-11, 4.537E-12)  1.00E-07
  7.750E-01 9.99936E-18  0.000E+00 ( 3.071E-09, 7.539E-10) ( 1.825E-11, 4.481E-12)  1.00E-07
  8.000E-01 8.88081E-18  0.000E+00 ( 2.891E-09, 7.215E-10) ( 1.774E-11, 4.426E-12)  1.00E-07
  8.250E-01 7.91495E-18  0.000E+00 ( 2.727E-09, 6.911E-10) ( 1.725E-11, 4.373E-12)  1.00E-07
  8.500E-01 7.07720E-18  0.000E+00 ( 2.576E-09, 6.628E-10) ( 1.679E-11, 4.320E-12)  1.01E-07
  8.750E-01 6.34753E-18  0.000E+00 ( 2.438E-09, 6.362E-10) ( 1.636E-11, 4.269E-12)  1.01E-07
  9.000E-01 5.70953E-18  0.000E+00 ( 2.310E-09, 6.113E-10) ( 1.594E-11, 4.219E-12)  1.00E-07
  9.250E-01 5.14964E-18  0.000E+00 ( 2.192E-09, 5.879E-10) ( 1.555E-11, 4.170E-12)  1.00E-07
  9.500E-01 4.65660E-18  0.000E+00 ( 2.082E-09, 5.658E-10) ( 1.517E-11, 4.122E-12)  1.00E-07
  9.750E-01 4.22102E-18  0.000E+00 ( 1.981E-09, 5.451E-10) ( 1.481E-11, 4.075E-12)  1.00E-07
  1.000E+00 3.83504E-18  0.000E+00 ( 1.886E-09, 5.255E-10) ( 1.447E-11, 4.030E-12)  1.00E-07
  1.100E+00 2.66855E-18  0.000E+00 ( 1.568E-09, 4.570E-10) ( 1.323E-11, 3.855E-12)  1.00E-07
  1.200E+00 1.91204E-18  0.000E+00 ( 1.323E-09, 4.015E-10) ( 1.218E-11, 3.695E-12)  1.00E-07
  1.300E+00 1.40439E-18  0.000E+00 ( 1.130E-09, 3.558E-10) ( 1.127E-11, 3.547E-12)  1.00E-07
  1.400E+00 1.05377E-18  0.000E+00 ( 9.761E-10, 3.176E-10) ( 1.048E-11, 3.410E-12)  1.00E-07
  1.500E+00 8.05529E-19  0.000E+00 ( 8.509E-10, 2.854E-10) ( 9.788E-12, 3.283E-12)  1.00E-07
  1.600E+00 6.25928E-19  0.000E+00 ( 7.479E-10, 2.580E-10) ( 9.177E-12, 3.166E-12)  1.00E-07
  1.700E+00 4.93488E-19  0.000E+00 ( 6.622E-10, 2.344E-10) ( 8.633E-12, 3.056E-12)  1.00E-07
  1.800E+00 3.94154E-19  0.000E+00 ( 5.902E-10, 2.140E-10) ( 8.147E-12, 2.954E-12)  1.00E-07
  1.900E+00 3.18510E-19  0.000E+00 ( 5.291E-10, 1.962E-10) ( 7.710E-12, 2.859E-12)  1.00E-07
  2.000E+00 2.60111E-19  0.000E+00 ( 4.769E-10, 1.806E-10) ( 7.316E-12, 2.770E-12)  1.00E-07
  2.100E+00 2.14464E-19  0.000E+00 ( 4.320E-10, 1.668E-10) ( 6.958E-12, 2.687E-12)  1.00E-07
  2.200E+00 1.78378E-19  0.000E+00 ( 3.930E-10, 1.546E-10) ( 6.631E-12, 2.608E-12)  1.00E-07
  2.300E+00 1.49554E-19  0.000E+00 ( 3.590E-10, 1.437E-10) ( 6.333E-12, 2.535E-12)  1.00E-07
  2.400E+00 1.26312E-19  0.000E+00 ( 3.291E-10, 1.339E-10) ( 6.059E-12, 2.466E-12)  1.00E-07
  2.500E+00 1.07406E-19  0.000E+00 ( 3.028E-10, 1.252E-10) ( 5.807E-12, 2.400E-12)  1.00E-07
  2.600E+00 9.19021E-20  0.000E+00 ( 2.795E-10, 1.173E-10) ( 5.574E-12, 2.339E-12)  1.00E-07
  2.700E+00 7.90936E-20  0.000E+00 ( 2.587E-10, 1.101E-10) ( 5.359E-12, 2.280E-12)  1.00E-07
  2.800E+00 6.84378E-20  0.000E+00 ( 2.402E-10, 1.036E-10) ( 5.158E-12, 2.225E-12)  1.00E-07
  2.900E+00 5.95156E-20  0.000E+00 ( 2.235E-10, 9.765E-11) ( 4.972E-12, 2.172E-12)  1.00E-07
  3.000E+00 5.19997E-20  0.000E+00 ( 2.085E-10, 9.222E-11) ( 4.798E-12, 2.122E-12)  1.00E-07
  3.100E+00 4.56326E-20  0.000E+00 ( 1.949E-10, 8.725E-11) ( 4.636E-12, 2.075E-12)  1.00E-07
  3.200E+00 4.02102E-20  0.000E+00 ( 1.826E-10, 8.268E-11) ( 4.483E-12, 2.030E-12)  1.00E-07
  3.300E+00 3.55693E-20  0.000E+00 ( 1.714E-10, 7.847E-11) ( 4.340E-12, 1.987E-12)  1.00E-07
  3.400E+00 3.15788E-20  0.000E+00 ( 1.612E-10, 7.458E-11) ( 4.206E-12, 1.945E-12)  1.00E-07
  3.500E+00 2.81322E-20  0.000E+00 ( 1.519E-10, 7.099E-11) ( 4.079E-12, 1.906E-12)  1.00E-07
  3.600E+00 2.51431E-20  0.000E+00 ( 1.433E-10, 6.765E-11) ( 3.959E-12, 1.868E-12)  1.00E-07
  3.700E+00 2.25406E-20  0.000E+00 ( 1.355E-10, 6.455E-11) ( 3.846E-12, 1.832E-12)  1.00E-07
  3.800E+00 2.02662E-20  0.000E+00 ( 1.282E-10, 6.166E-11) ( 3.739E-12, 1.798E-12)  1.00E-07
  3.900E+00 1.82715E-20  0.000E+00 ( 1.216E-10, 5.897E-11) ( 3.638E-12, 1.765E-12)  1.00E-07
  4.000E+00 1.65163E-20  0.000E+00 ( 1.154E-10, 5.646E-11) ( 3.541E-12, 1.733E-12)  1.00E-07
  4.100E+00 1.49668E-20  0.000E+00 ( 1.097E-10, 5.410E-11) ( 3.450E-12, 1.702E-12)  1.00E-07
  4.200E+00 1.35949E-20  0.000E+00 ( 1.043E-10, 5.190E-11) ( 3.363E-12, 1.673E-12)  1.00E-07
  4.300E+00 1.23767E-20  0.000E+00 ( 9.940E-11, 4.983E-11) ( 3.280E-12, 1.644E-12)  1.00E-07
  4.400E+00 1.12919E-20  0.000E+00 ( 9.479E-11, 4.789E-11) ( 3.201E-12, 1.617E-12)  1.00E-07
  4.500E+00 1.03234E-20  0.000E+00 ( 9.050E-11, 4.606E-11) ( 3.125E-12, 1.590E-12)  1.00E-07
  4.600E+00 9.45657E-21  0.000E+00 ( 8.648E-11, 4.433E-11) ( 3.053E-12, 1.565E-12)  1.00E-07
  4.700E+00 8.67887E-21  0.000E+00 ( 8.273E-11, 4.271E-11) ( 2.984E-12, 1.540E-12)  1.00E-07
  4.800E+00 7.97952E-21  0.000E+00 ( 7.921E-11, 4.117E-11) ( 2.918E-12, 1.517E-12)  1.00E-07
  4.900E+00 7.34923E-21  0.000E+00 ( 7.590E-11, 3.972E-11) ( 2.855E-12, 1.494E-12)  1.00E-07
  5.000E+00 6.77998E-21  0.000E+00 ( 7.280E-11, 3.835E-11) ( 2.794E-12, 1.471E-12)  1.00E-07
  5.100E+00 6.26482E-21  0.000E+00 ( 6.988E-11, 3.704E-11) ( 2.735E-12, 1.450E-12)  1.00E-07
  5.200E+00 5.79768E-21  0.000E+00 ( 6.713E-11, 3.581E-11) ( 2.679E-12, 1.429E-12)  1.00E-07
  5.300E+00 5.37330E-21  0.000E+00 ( 6.453E-11, 3.464E-11) ( 2.625E-12, 1.409E-12)  1.00E-07
  5.400E+00 4.98707E-21  0.000E+00 ( 6.209E-11, 3.352E-11) ( 2.574E-12, 1.389E-12)  1.00E-07
  5.500E+00 4.63494E-21  0.000E+00 ( 5.977E-11, 3.246E-11) ( 2.524E-12, 1.370E-12)  1.00E-07
  5.600E+00 4.31335E-21  0.000E+00 ( 5.759E-11, 3.145E-11) ( 2.476E-12, 1.352E-12)  1.00E-07
  5.700E+00 4.01920E-21  0.000E+00 ( 5.551E-11, 3.049E-11) ( 2.429E-12, 1.334E-12)  1.00E-07
  5.800E+00 3.74971E-21  0.000E+00 ( 5.355E-11, 2.957E-11) ( 2.385E-12, 1.317E-12)  1.00E-07
  5.900E+00 3.50244E-21  0.000E+00 ( 5.169E-11, 2.870E-11) ( 2.341E-12, 1.300E-12)  1.00E-07
  6.000E+00 3.27523E-21  0.000E+00 ( 4.992E-11, 2.786E-11) ( 2.300E-12, 1.283E-12)  1.00E-07
  6.100E+00 3.06617E-21  0.000E+00 ( 4.824E-11, 2.706E-11) ( 2.259E-12, 1.267E-12)  1.00E-07
  6.200E+00 2.87353E-21  0.000E+00 ( 4.664E-11, 2.630E-11) ( 2.220E-12, 1.252E-12)  1.00E-07
  6.300E+00 2.69579E-21  0.000E+00 ( 4.512E-11, 2.557E-11) ( 2.183E-12, 1.237E-12)  1.00E-07
  6.400E+00 2.53159E-21  0.000E+00 ( 4.367E-11, 2.487E-11) ( 2.146E-12, 1.222E-12)  1.00E-07
  6.500E+00 2.37971E-21  0.000E+00 ( 4.229E-11, 2.420E-11) ( 2.111E-12, 1.208E-12)  1.00E-07
  6.600E+00 2.23906E-21  0.000E+00 ( 4.097E-11, 2.355E-11) ( 2.077E-12, 1.193E-12)  1.00E-07
  6.700E+00 2.10865E-21  0.000E+00 ( 3.971E-11, 2.293E-11) ( 2.043E-12, 1.180E-12)  1.00E-07
  6.800E+00 1.98761E-21  0.000E+00 ( 3.851E-11, 2.234E-11) ( 2.011E-12, 1.167E-12)  1.00E-07
  6.900E+00 1.87513E-21  0.000E+00 ( 3.736E-11, 2.177E-11) ( 1.980E-12, 1.153E-12)  1.00E-07
  7.000E+00 1.77051E-21  0.000E+00 ( 3.626E-11, 2.122E-11) ( 1.950E-12, 1.141E-12)  1.00E-07
  7.100E+00 1.67308E-21  0.000E+00 ( 3.521E-11, 2.070E-11) ( 1.920E-12, 1.128E-12)  1.00E-07
  7.200E+00 1.58227E-21  0.000E+00 ( 3.420E-11, 2.019E-11) ( 1.891E-12, 1.116E-12)  1.00E-07
  7.300E+00 1.49754E-21  0.000E+00 ( 3.324E-11, 1.970E-11) ( 1.864E-12, 1.104E-12)  1.00E-07
  7.400E+00 1.41841E-21  0.000E+00 ( 3.231E-11, 1.923E-11) ( 1.837E-12, 1.093E-12)  1.00E-07
  7.500E+00 1.34444E-21  0.000E+00 ( 3.142E-11, 1.878E-11) ( 1.810E-12, 1.082E-12)  1.00E-07
  7.600E+00 1.27524E-21  0.000E+00 ( 3.057E-11, 1.834E-11) ( 1.785E-12, 1.071E-12)  1.00E-07
  7.700E+00 1.21043E-21  0.000E+00 ( 2.975E-11, 1.792E-11) ( 1.760E-12, 1.060E-12)  1.00E-07
  7.800E+00 1.14969E-21  0.000E+00 ( 2.896E-11, 1.751E-11) ( 1.736E-12, 1.049E-12)  1.00E-07
  7.900E+00 1.09272E-21  0.000E+00 ( 2.821E-11, 1.712E-11) ( 1.712E-12, 1.039E-12)  1.00E-07
  8.000E+00 1.03923E-21  0.000E+00 ( 2.748E-11, 1.674E-11) ( 1.689E-12, 1.029E-12)  1.00E-07
  8.100E+00 9.88984E-22  0.000E+00 ( 2.678E-11, 1.637E-11) ( 1.667E-12, 1.019E-12)  1.00E-07
  8.200E+00 9.41736E-22  0.000E+00 ( 2.610E-11, 1.602E-11) ( 1.645E-12, 1.009E-12)  1.00E-07
  8.300E+00 8.97279E-22  0.000E+00 ( 2.545E-11, 1.568E-11) ( 1.623E-12, 9.996E-13)  1.00E-07
  8.400E+00 8.55416E-22  0.000E+00 ( 2.483E-11, 1.535E-11) ( 1.603E-12, 9.903E-13)  1.00E-07
  8.500E+00 8.15967E-22  0.000E+00 ( 2.422E-11, 1.502E-11) ( 1.582E-12, 9.811E-13)  1.00E-07
  8.600E+00 7.78769E-22  0.000E+00 ( 2.364E-11, 1.471E-11) ( 1.562E-12, 9.722E-13)  1.00E-07
  8.700E+00 7.43667E-22  0.000E+00 ( 2.308E-11, 1.441E-11) ( 1.543E-12, 9.634E-13)  1.00E-07
  8.800E+00 7.10523E-22  0.000E+00 ( 2.254E-11, 1.412E-11) ( 1.524E-12, 9.548E-13)  1.00E-07
  8.900E+00 6.79205E-22  0.000E+00 ( 2.201E-11, 1.384E-11) ( 1.506E-12, 9.464E-13)  1.00E-07
  9.000E+00 6.49596E-22  0.000E+00 ( 2.151E-11, 1.356E-11) ( 1.488E-12, 9.381E-13)  1.00E-07
  9.100E+00 6.21584E-22  0.000E+00 ( 2.102E-11, 1.330E-11) ( 1.470E-12, 9.300E-13)  1.00E-07
  9.200E+00 5.95066E-22  0.000E+00 ( 2.054E-11, 1.304E-11) ( 1.453E-12, 9.220E-13)  1.00E-07
  9.300E+00 5.69949E-22  0.000E+00 ( 2.009E-11, 1.279E-11) ( 1.436E-12, 9.141E-13)  1.00E-07
  9.400E+00 5.46144E-22  0.000E+00 ( 1.964E-11, 1.255E-11) ( 1.419E-12, 9.065E-13)  1.00E-07
  9.500E+00 5.23569E-22  0.000E+00 ( 1.922E-11, 1.231E-11) ( 1.403E-12, 8.989E-13)  1.00E-07
  9.600E+00 5.02150E-22  0.000E+00 ( 1.880E-11, 1.208E-11) ( 1.388E-12, 8.915E-13)  1.00E-07
  9.700E+00 4.81816E-22  0.000E+00 ( 1.840E-11, 1.186E-11) ( 1.372E-12, 8.842E-13)  1.00E-07
  9.800E+00 4.62501E-22  0.000E+00 ( 1.801E-11, 1.164E-11) ( 1.357E-12, 8.770E-13)  1.00E-07
  9.900E+00 4.44146E-22  0.000E+00 ( 1.763E-11, 1.143E-11) ( 1.342E-12, 8.700E-13)  1.00E-07
  1.000E+01 4.26692E-22  0.000E+00 ( 1.727E-11, 1.123E-11) ( 1.328E-12, 8.631E-13)  1.00E-07
  1.025E+01 3.86669E-22  0.000E+00 ( 1.640E-11, 1.074E-11) ( 1.293E-12, 8.463E-13)  1.00E-07
  1.050E+01 3.51233E-22  0.000E+00 ( 1.559E-11, 1.028E-11) ( 1.259E-12, 8.302E-13)  1.00E-07
  1.075E+01 3.19767E-22  0.000E+00 ( 1.485E-11, 9.857E-12) ( 1.228E-12, 8.148E-13)  1.00E-07
  1.100E+01 2.91750E-22  0.000E+00 ( 1.415E-11, 9.456E-12) ( 1.198E-12, 7.999E-13)  1.00E-07
  1.125E+01 2.66736E-22  0.000E+00 ( 1.350E-11, 9.080E-12) ( 1.169E-12, 7.857E-13)  1.00E-07
  1.150E+01 2.44349E-22  0.000E+00 ( 1.290E-11, 8.726E-12) ( 1.141E-12, 7.719E-13)  1.00E-07
  1.175E+01 2.24263E-22  0.000E+00 ( 1.233E-11, 8.393E-12) ( 1.115E-12, 7.587E-13)  1.00E-07
  1.200E+01 2.06200E-22  0.000E+00 ( 1.180E-11, 8.079E-12) ( 1.090E-12, 7.459E-13)  1.00E-07
  1.225E+01 1.89921E-22  0.000E+00 ( 1.130E-11, 7.783E-12) ( 1.066E-12, 7.336E-13)  1.00E-07
  1.250E+01 1.75217E-22  0.000E+00 ( 1.083E-11, 7.503E-12) ( 1.042E-12, 7.217E-13)  1.00E-07
  1.275E+01 1.61911E-22  0.000E+00 ( 1.039E-11, 7.238E-12) ( 1.020E-12, 7.102E-13)  1.00E-07
  1.300E+01 1.49844E-22  0.000E+00 ( 9.977E-12, 6.987E-12) ( 9.989E-13, 6.991E-13)  1.00E-07
  1.325E+01 1.38881E-22  0.000E+00 ( 9.587E-12, 6.749E-12) ( 9.784E-13, 6.884E-13)  1.00E-07
  1.350E+01 1.28903E-22  0.000E+00 ( 9.218E-12, 6.523E-12) ( 9.586E-13, 6.780E-13)  1.00E-07
  1.375E+01 1.19806E-22  0.000E+00 ( 8.870E-12, 6.309E-12) ( 9.397E-13, 6.680E-13)  1.00E-07
  1.400E+01 1.11498E-22  0.000E+00 ( 8.541E-12, 6.105E-12) ( 9.214E-13, 6.582E-13)  1.00E-07
  1.425E+01 1.03898E-22  0.000E+00 ( 8.229E-12, 5.911E-12) ( 9.038E-13, 6.487E-13)  1.00E-07
  1.450E+01 9.69343E-23  0.000E+00 ( 7.934E-12, 5.726E-12) ( 8.868E-13, 6.396E-13)  1.00E-07
  1.475E+01 9.05449E-23  0.000E+00 ( 7.654E-12, 5.550E-12) ( 8.704E-13, 6.307E-13)  1.00E-07
  1.500E+01 8.46735E-23  0.000E+00 ( 7.389E-12, 5.382E-12) ( 8.545E-13, 6.220E-13)  1.00E-07
  1.525E+01 7.92705E-23  0.000E+00 ( 7.136E-12, 5.221E-12) ( 8.392E-13, 6.136E-13)  1.00E-07
  1.550E+01 7.42918E-23  0.000E+00 ( 6.896E-12, 5.068E-12) ( 8.244E-13, 6.055E-13)  1.00E-07
  1.575E+01 6.96979E-23  0.000E+00 ( 6.668E-12, 4.922E-12) ( 8.101E-13, 5.975E-13)  1.00E-07
  1.600E+01 6.54538E-23  0.000E+00 ( 6.451E-12, 4.781E-12) ( 7.963E-13, 5.898E-13)  1.00E-07
  1.625E+01 6.15278E-23  0.000E+00 ( 6.243E-12, 4.647E-12) ( 7.828E-13, 5.823E-13)  1.00E-07
  1.650E+01 5.78919E-23  0.000E+00 ( 6.046E-12, 4.519E-12) ( 7.699E-13, 5.750E-13)  1.00E-07
  1.675E+01 5.45205E-23  0.000E+00 ( 5.857E-12, 4.395E-12) ( 7.573E-13, 5.679E-13)  1.00E-07
  1.700E+01 5.13911E-23  0.000E+00 ( 5.677E-12, 4.277E-12) ( 7.451E-13, 5.609E-13)  1.00E-07
  1.725E+01 4.84830E-23  0.000E+00 ( 5.505E-12, 4.164E-12) ( 7.332E-13, 5.542E-13)  1.00E-07
  1.750E+01 4.57777E-23  0.000E+00 ( 5.340E-12, 4.055E-12) ( 7.217E-13, 5.476E-13)  1.00E-07
  1.775E+01 4.32584E-23  0.000E+00 ( 5.183E-12, 3.950E-12) ( 7.105E-13, 5.411E-13)  1.00E-07
  1.800E+01 4.09101E-23  0.000E+00 ( 5.032E-12, 3.849E-12) ( 6.997E-13, 5.348E-13)  1.00E-07
  1.825E+01 3.87190E-23  0.000E+00 ( 4.887E-12, 3.752E-12) ( 6.892E-13, 5.287E-13)  1.00E-07
  1.850E+01 3.66725E-23  0.000E+00 ( 4.749E-12, 3.659E-12) ( 6.789E-13, 5.227E-13)  1.00E-07
  1.875E+01 3.47594E-23  0.000E+00 ( 4.616E-12, 3.569E-12) ( 6.690E-13, 5.169E-13)  1.00E-07
  1.900E+01 3.29694E-23  0.000E+00 ( 4.488E-12, 3.483E-12) ( 6.593E-13, 5.112E-13)  1.00E-07
  1.925E+01 3.12932E-23  0.000E+00 ( 4.366E-12, 3.400E-12) ( 6.498E-13, 5.056E-13)  1.00E-07
  1.950E+01 2.97220E-23  0.000E+00 ( 4.248E-12, 3.319E-12) ( 6.406E-13, 5.001E-13)  1.00E-07
  1.975E+01 2.82482E-23  0.000E+00 ( 4.135E-12, 3.242E-12) ( 6.317E-13, 4.948E-13)  1.00E-07
  2.000E+01 2.68645E-23  0.000E+00 ( 4.026E-12, 3.167E-12) ( 6.230E-13, 4.896E-13)  1.00E-07
  2.025E+01 2.55645E-23  0.000E+00 ( 3.921E-12, 3.095E-12) ( 6.145E-13, 4.845E-13)  1.00E-07
  2.050E+01 2.43421E-23 -1.549E-04 ( 3.820E-12, 3.025E-12) ( 6.062E-13, 4.795E-13)  1.00E-07
  2.075E+01 2.31918E-23 -1.599E-04 ( 3.723E-12, 2.957E-12) ( 5.981E-13, 4.746E-13)  1.00E-07
  2.100E+01 2.21087E-23 -1.650E-04 ( 3.630E-12, 2.892E-12) ( 5.903E-13, 4.698E-13)  1.00E-07
  2.125E+01 2.10879E-23 -1.702E-04 ( 3.540E-12, 2.829E-12) ( 5.826E-13, 4.651E-13)  1.00E-07
  2.150E+01 2.01254E-23 -1.754E-04 ( 3.453E-12, 2.768E-12) ( 5.751E-13, 4.605E-13)  1.00E-07
  2.175E+01 1.92170E-23 -1.808E-04 ( 3.369E-12, 2.709E-12) ( 5.677E-13, 4.560E-13)  1.00E-07
  2.200E+01 1.83593E-23 -1.862E-04 ( 3.288E-12, 2.651E-12) ( 5.606E-13, 4.515E-13)  1.00E-07
  2.225E+01 1.75489E-23 -1.917E-04 ( 3.210E-12, 2.596E-12) ( 5.536E-13, 4.472E-13)  1.00E-07
  2.250E+01 1.67826E-23 -1.974E-04 ( 3.134E-12, 2.542E-12) ( 5.468E-13, 4.430E-13)  1.00E-07
  2.275E+01 1.60577E-23 -2.031E-04 ( 3.061E-12, 2.490E-12) ( 5.401E-13, 4.388E-13)  1.00E-07
  2.300E+01 1.53714E-23 -2.089E-04 ( 2.991E-12, 2.440E-12) ( 5.336E-13, 4.347E-13)  1.00E-07
  2.325E+01 1.47213E-23 -2.148E-04 ( 2.923E-12, 2.391E-12) ( 5.272E-13, 4.307E-13)  1.00E-07
  2.350E+01 1.41052E-23 -2.208E-04 ( 2.857E-12, 2.343E-12) ( 5.209E-13, 4.268E-13)  1.00E-07
  2.375E+01 1.35209E-23 -2.269E-04 ( 2.793E-12, 2.297E-12) ( 5.148E-13, 4.229E-13)  1.00E-07
  2.400E+01 1.29665E-23 -2.331E-04 ( 2.731E-12, 2.252E-12) ( 5.089E-13, 4.191E-13)  1.00E-07
  2.425E+01 1.24402E-23 -2.394E-04 ( 2.671E-12, 2.209E-12) ( 5.030E-13, 4.154E-13)  1.00E-07
  2.450E+01 1.19402E-23 -2.458E-04 ( 2.613E-12, 2.167E-12) ( 4.973E-13, 4.117E-13)  1.00E-07
  2.475E+01 1.14651E-23 -2.523E-04 ( 2.557E-12, 2.126E-12) ( 4.917E-13, 4.081E-13)  1.00E-07
  2.500E+01 1.10133E-23 -2.589E-04 ( 2.503E-12, 2.086E-12) ( 4.862E-13, 4.046E-13)  1.00E-07
  2.550E+01 1.01745E-23 -2.723E-04 ( 2.399E-12, 2.009E-12) ( 4.755E-13, 3.977E-13)  1.00E-07
  2.600E+01 9.41380E-24 -2.860E-04 ( 2.301E-12, 1.937E-12) ( 4.653E-13, 3.911E-13)  1.00E-07
  2.650E+01 8.72273E-24 -3.001E-04 ( 2.209E-12, 1.868E-12) ( 4.555E-13, 3.846E-13)  1.00E-07
  2.700E+01 8.09375E-24 -3.147E-04 ( 2.122E-12, 1.803E-12) ( 4.460E-13, 3.784E-13)  1.00E-07
  2.750E+01 7.52029E-24 -3.297E-04 ( 2.039E-12, 1.741E-12) ( 4.369E-13, 3.724E-13)  1.00E-07
  2.800E+01 6.99658E-24 -3.451E-04 ( 1.962E-12, 1.682E-12) ( 4.281E-13, 3.665E-13)  1.00E-07
  2.850E+01 6.51753E-24 -3.609E-04 ( 1.888E-12, 1.626E-12) ( 4.197E-13, 3.609E-13)  1.00E-07
  2.900E+01 6.07865E-24 -3.769E-04 ( 1.819E-12, 1.573E-12) ( 4.115E-13, 3.554E-13)  1.00E-07
  2.950E+01 5.67596E-24 -3.934E-04 ( 1.753E-12, 1.523E-12) ( 4.036E-13, 3.500E-13)  1.00E-07
  3.000E+01 5.30594E-24 -4.102E-04 ( 1.690E-12, 1.474E-12) ( 3.960E-13, 3.448E-13)  1.00E-07
  3.050E+01 4.96546E-24 -4.274E-04 ( 1.631E-12, 1.428E-12) ( 3.887E-13, 3.398E-13)  1.00E-07
  3.100E+01 4.65174E-24 -4.453E-04 ( 1.574E-12, 1.384E-12) ( 3.816E-13, 3.349E-13)  1.00E-07
  3.150E+01 4.36229E-24 -4.633E-04 ( 1.520E-12, 1.342E-12) ( 3.747E-13, 3.302E-13)  1.00E-07
  3.200E+01 4.09490E-24 -4.820E-04 ( 1.469E-12, 1.302E-12) ( 3.680E-13, 3.255E-13)  1.00E-07
  3.250E+01 3.84758E-24 -5.007E-04 ( 1.420E-12, 1.264E-12) ( 3.616E-13, 3.210E-13)  1.00E-07
  3.300E+01 3.61856E-24 -5.198E-04 ( 1.374E-12, 1.227E-12) ( 3.553E-13, 3.166E-13)  1.00E-07
  3.350E+01 3.40623E-24 -5.394E-04 ( 1.329E-12, 1.192E-12) ( 3.492E-13, 3.124E-13)  1.00E-07
  3.400E+01 3.20916E-24 -5.593E-04 ( 1.287E-12, 1.158E-12) ( 3.434E-13, 3.082E-13)  1.00E-07
  3.450E+01 3.02604E-24 -5.801E-04 ( 1.246E-12, 1.125E-12) ( 3.377E-13, 3.041E-13)  1.00E-07
  3.500E+01 2.85572E-24 -6.008E-04 ( 1.208E-12, 1.094E-12) ( 3.321E-13, 3.002E-13)  1.00E-07
  3.550E+01 2.69712E-24 -6.225E-04 ( 1.171E-12, 1.064E-12) ( 3.267E-13, 2.963E-13)  1.00E-07
  3.600E+01 2.54932E-24 -6.435E-04 ( 1.135E-12, 1.035E-12) ( 3.215E-13, 2.925E-13)  1.00E-07
  3.650E+01 2.41142E-24 -6.659E-04 ( 1.101E-12, 1.008E-12) ( 3.164E-13, 2.889E-13)  1.00E-07
  3.700E+01 2.28266E-24 -6.878E-04 ( 1.069E-12, 9.811E-13) ( 3.115E-13, 2.853E-13)  1.00E-07
  3.750E+01 2.16230E-24 -7.109E-04 ( 1.037E-12, 9.555E-13) ( 3.067E-13, 2.817E-13)  1.00E-07
  3.800E+01 2.04970E-24 -7.343E-04 ( 1.007E-12, 9.308E-13) ( 3.020E-13, 2.783E-13)  1.00E-07
  3.850E+01 1.94428E-24 -7.581E-04 ( 9.785E-13, 9.070E-13) ( 2.974E-13, 2.749E-13)  1.00E-07
  3.900E+01 1.84548E-24 -7.823E-04 ( 9.509E-13, 8.841E-13) ( 2.930E-13, 2.716E-13)  1.00E-07
  3.950E+01 1.75283E-24 -8.066E-04 ( 9.243E-13, 8.620E-13) ( 2.886E-13, 2.684E-13)  1.00E-07
  4.000E+01 1.66586E-24 -8.313E-04 ( 8.988E-13, 8.407E-13) ( 2.844E-13, 2.653E-13)  1.00E-07
  4.050E+01 1.58416E-24 -8.564E-04 ( 8.742E-13, 8.201E-13) ( 2.803E-13, 2.622E-13)  1.00E-07
  4.100E+01 1.50736E-24 -8.821E-04 ( 8.506E-13, 8.002E-13) ( 2.763E-13, 2.592E-13)  1.00E-07
  4.150E+01 1.43510E-24 -9.084E-04 ( 8.278E-13, 7.810E-13) ( 2.724E-13, 2.562E-13)  1.00E-07
  4.200E+01 1.36707E-24 -9.352E-04 ( 8.059E-13, 7.625E-13) ( 2.686E-13, 2.533E-13)  1.00E-07
  4.250E+01 1.30298E-24 -9.622E-04 ( 7.847E-13, 7.445E-13) ( 2.648E-13, 2.505E-13)  1.00E-07
  4.300E+01 1.24256E-24 -9.893E-04 ( 7.643E-13, 7.272E-13) ( 2.612E-13, 2.477E-13)  1.00E-07
  4.350E+01 1.18556E-24 -1.017E-03 ( 7.447E-13, 7.104E-13) ( 2.576E-13, 2.450E-13)  1.00E-07
  4.400E+01 1.13174E-24 -1.045E-03 ( 7.257E-13, 6.941E-13) ( 2.542E-13, 2.423E-13)  1.00E-07
  4.450E+01 1.08091E-24 -1.073E-03 ( 7.074E-13, 6.784E-13) ( 2.508E-13, 2.396E-13)  1.00E-07
  4.500E+01 1.03285E-24 -1.103E-03 ( 6.897E-13, 6.631E-13) ( 2.474E-13, 2.371E-13)  1.00E-07
  4.550E+01 9.87399E-25 -1.132E-03 ( 6.726E-13, 6.483E-13) ( 2.442E-13, 2.345E-13)  1.00E-07
  4.600E+01 9.44384E-25 -1.162E-03 ( 6.561E-13, 6.340E-13) ( 2.410E-13, 2.321E-13)  1.00E-07
  4.650E+01 9.03651E-25 -1.192E-03 ( 6.402E-13, 6.201E-13) ( 2.379E-13, 2.296E-13)  1.00E-07
  4.700E+01 8.65058E-25 -1.223E-03 ( 6.247E-13, 6.066E-13) ( 2.349E-13, 2.272E-13)  1.00E-07
  4.750E+01 8.28469E-25 -1.254E-03 ( 6.098E-13, 5.936E-13) ( 2.319E-13, 2.249E-13)  1.00E-07
  4.800E+01 7.93761E-25 -1.285E-03 ( 5.953E-13, 5.809E-13) ( 2.290E-13, 2.225E-13)  1.00E-07
  4.850E+01 7.60821E-25 -1.317E-03 ( 5.813E-13, 5.686E-13) ( 2.261E-13, 2.203E-13)  1.00E-07
  4.900E+01 7.29541E-25 -1.350E-03 ( 5.678E-13, 5.566E-13) ( 2.233E-13, 2.180E-13)  1.00E-07
  4.950E+01 6.99824E-25 -1.383E-03 ( 5.546E-13, 5.450E-13) ( 2.205E-13, 2.158E-13)  1.00E-07
  5.000E+01 6.71577E-25 -1.416E-03 ( 5.419E-13, 5.337E-13) ( 2.179E-13, 2.137E-13)  1.00E-07
  5.050E+01 6.44714E-25 -1.449E-03 ( 5.296E-13, 5.227E-13) ( 2.152E-13, 2.115E-13)  1.00E-07
  5.100E+01 6.19155E-25 -1.483E-03 ( 5.176E-13, 5.120E-13) ( 2.126E-13, 2.094E-13)  1.00E-07
  5.150E+01 5.94823E-25 -1.517E-03 ( 5.060E-13, 5.016E-13) ( 2.101E-13, 2.074E-13)  1.00E-07
  5.200E+01 5.71649E-25 -1.553E-03 ( 4.947E-13, 4.915E-13) ( 2.076E-13, 2.054E-13)  1.00E-07
  5.250E+01 5.49569E-25 -1.588E-03 ( 4.838E-13, 4.817E-13) ( 2.052E-13, 2.034E-13)  1.00E-07
  5.300E+01 5.28522E-25 -1.624E-03 ( 4.732E-13, 4.721E-13) ( 2.028E-13, 2.014E-13)  1.00E-07
  5.350E+01 5.08450E-25 -1.660E-03 ( 4.629E-13, 4.628E-13) ( 2.004E-13, 1.995E-13)  1.00E-07
  5.400E+01 4.89300E-25 -1.696E-03 ( 4.529E-13, 4.538E-13) ( 1.981E-13, 1.976E-13)  1.00E-07
  5.450E+01 4.71022E-25 -1.733E-03 ( 4.432E-13, 4.449E-13) ( 1.958E-13, 1.957E-13)  1.00E-07
  5.500E+01 4.53569E-25 -1.771E-03 ( 4.337E-13, 4.363E-13) ( 1.936E-13, 1.938E-13)  1.00E-07
  5.550E+01 4.36895E-25 -1.809E-03 ( 4.246E-13, 4.279E-13) ( 1.914E-13, 1.920E-13)  1.00E-07
  5.600E+01 4.20962E-25 -1.848E-03 ( 4.156E-13, 4.198E-13) ( 1.893E-13, 1.902E-13)  1.00E-07
  5.650E+01 4.05729E-25 -1.887E-03 ( 4.069E-13, 4.118E-13) ( 1.872E-13, 1.885E-13)  1.00E-07
  5.700E+01 3.91160E-25 -1.926E-03 ( 3.985E-13, 4.040E-13) ( 1.851E-13, 1.867E-13)  1.00E-07
  5.750E+01 3.77222E-25 -1.965E-03 ( 3.903E-13, 3.965E-13) ( 1.830E-13, 1.850E-13)  1.00E-07
  5.800E+01 3.63882E-25 -2.005E-03 ( 3.823E-13, 3.891E-13) ( 1.810E-13, 1.833E-13)  1.00E-07
  5.850E+01 3.51109E-25 -2.046E-03 ( 3.745E-13, 3.819E-13) ( 1.791E-13, 1.816E-13)  1.00E-07
  5.900E+01 3.38874E-25 -2.087E-03 ( 3.669E-13, 3.748E-13) ( 1.771E-13, 1.800E-13)  1.00E-07
  5.950E+01 3.27151E-25 -2.129E-03 ( 3.595E-13, 3.679E-13) ( 1.752E-13, 1.783E-13)  1.00E-07
  6.000E+01 3.15915E-25 -2.171E-03 ( 3.523E-13, 3.612E-13) ( 1.733E-13, 1.767E-13)  1.00E-07
  6.050E+01 3.05143E-25 -2.213E-03 ( 3.453E-13, 3.547E-13) ( 1.715E-13, 1.751E-13)  1.00E-07
  6.100E+01 2.94811E-25 -2.256E-03 ( 3.385E-13, 3.483E-13) ( 1.697E-13, 1.736E-13)  1.00E-07
  6.150E+01 2.84898E-25 -2.299E-03 ( 3.319E-13, 3.420E-13) ( 1.679E-13, 1.720E-13)  1.00E-07
  6.200E+01 2.75384E-25 -2.342E-03 ( 3.254E-13, 3.359E-13) ( 1.661E-13, 1.705E-13)  1.00E-07
  6.250E+01 2.66249E-25 -2.387E-03 ( 3.190E-13, 3.300E-13) ( 1.644E-13, 1.690E-13)  1.00E-07
  6.300E+01 2.57476E-25 -2.432E-03 ( 3.129E-13, 3.241E-13) ( 1.627E-13, 1.675E-13)  1.00E-07
  6.350E+01 2.49049E-25 -2.478E-03 ( 3.069E-13, 3.184E-13) ( 1.610E-13, 1.660E-13)  1.00E-07
  6.400E+01 2.40951E-25 -2.523E-03 ( 3.010E-13, 3.129E-13) ( 1.593E-13, 1.646E-13)  1.00E-07
  6.450E+01 2.33167E-25 -2.569E-03 ( 2.953E-13, 3.074E-13) ( 1.577E-13, 1.632E-13)  1.00E-07
  6.500E+01 2.25683E-25 -2.615E-03 ( 2.897E-13, 3.021E-13) ( 1.561E-13, 1.618E-13)  1.00E-07
  6.550E+01 2.18484E-25 -2.662E-03 ( 2.842E-13, 2.969E-13) ( 1.545E-13, 1.604E-13)  1.00E-07
  6.600E+01 2.11558E-25 -2.709E-03 ( 2.789E-13, 2.918E-13) ( 1.529E-13, 1.590E-13)  1.00E-07
  6.650E+01 2.04893E-25 -2.758E-03 ( 2.737E-13, 2.868E-13) ( 1.514E-13, 1.576E-13)  1.00E-07
  6.700E+01 1.98477E-25 -2.807E-03 ( 2.686E-13, 2.819E-13) ( 1.499E-13, 1.563E-13)  1.00E-07
  6.750E+01 1.92300E-25 -2.856E-03 ( 2.636E-13, 2.771E-13) ( 1.484E-13, 1.549E-13)  1.00E-07
  6.800E+01 1.86350E-25 -2.905E-03 ( 2.588E-13, 2.724E-13) ( 1.469E-13, 1.536E-13)  1.00E-07
  6.850E+01 1.80619E-25 -2.954E-03 ( 2.540E-13, 2.678E-13) ( 1.454E-13, 1.523E-13)  1.00E-07
  6.900E+01 1.75096E-25 -3.004E-03 ( 2.494E-13, 2.634E-13) ( 1.440E-13, 1.510E-13)  1.00E-07
  6.950E+01 1.69772E-25 -3.055E-03 ( 2.449E-13, 2.590E-13) ( 1.426E-13, 1.497E-13)  1.00E-07
  7.000E+01 1.64639E-25 -3.108E-03 ( 2.404E-13, 2.547E-13) ( 1.412E-13, 1.485E-13)  1.00E-07
  7.050E+01 1.59689E-25 -3.162E-03 ( 2.361E-13, 2.504E-13) ( 1.398E-13, 1.472E-13)  1.00E-07
  7.100E+01 1.54915E-25 -3.214E-03 ( 2.319E-13, 2.463E-13) ( 1.384E-13, 1.460E-13)  1.00E-07
  7.150E+01 1.50309E-25 -3.265E-03 ( 2.277E-13, 2.423E-13) ( 1.371E-13, 1.448E-13)  1.00E-07
  7.200E+01 1.45865E-25 -3.316E-03 ( 2.237E-13, 2.383E-13) ( 1.358E-13, 1.435E-13)  1.00E-07
  7.250E+01 1.41573E-25 -3.371E-03 ( 2.197E-13, 2.344E-13) ( 1.345E-13, 1.424E-13)  1.00E-07
  7.300E+01 1.37429E-25 -3.428E-03 ( 2.159E-13, 2.306E-13) ( 1.332E-13, 1.412E-13)  1.00E-07
  7.350E+01 1.33428E-25 -3.484E-03 ( 2.121E-13, 2.269E-13) ( 1.319E-13, 1.400E-13)  1.00E-07
  7.400E+01 1.29564E-25 -3.539E-03 ( 2.083E-13, 2.232E-13) ( 1.306E-13, 1.388E-13)  1.00E-07
  7.450E+01 1.25831E-25 -3.593E-03 ( 2.047E-13, 2.196E-13) ( 1.294E-13, 1.377E-13)  1.00E-07
  7.500E+01 1.22223E-25 -3.649E-03 ( 2.012E-13, 2.161E-13) ( 1.281E-13, 1.365E-13)  1.00E-07
  7.550E+01 1.18735E-25 -3.707E-03 ( 1.977E-13, 2.126E-13) ( 1.269E-13, 1.354E-13)  1.00E-07
  7.600E+01 1.15363E-25 -3.765E-03 ( 1.943E-13, 2.092E-13) ( 1.257E-13, 1.343E-13)  1.00E-07
  7.650E+01 1.12103E-25 -3.824E-03 ( 1.909E-13, 2.059E-13) ( 1.245E-13, 1.332E-13)  1.00E-07
  7.700E+01 1.08950E-25 -3.883E-03 ( 1.876E-13, 2.026E-13) ( 1.234E-13, 1.321E-13)  1.00E-07
  7.750E+01 1.05900E-25 -3.942E-03 ( 1.844E-13, 1.994E-13) ( 1.222E-13, 1.310E-13)  1.00E-07
  7.800E+01 1.02949E-25 -4.002E-03 ( 1.813E-13, 1.963E-13) ( 1.211E-13, 1.299E-13)  1.00E-07
  7.850E+01 1.00093E-25 -4.062E-03 ( 1.782E-13, 1.932E-13) ( 1.199E-13, 1.289E-13)  1.00E-07
  7.900E+01 9.73283E-26 -4.123E-03 ( 1.752E-13, 1.902E-13) ( 1.188E-13, 1.278E-13)  1.00E-07
  7.950E+01 9.46519E-26 -4.185E-03 ( 1.723E-13, 1.872E-13) ( 1.177E-13, 1.268E-13)  1.00E-07
  8.000E+01 9.20604E-26 -4.247E-03 ( 1.694E-13, 1.843E-13) ( 1.166E-13, 1.258E-13)  1.00E-07
  8.050E+01 8.95506E-26 -4.310E-03 ( 1.665E-13, 1.814E-13) ( 1.155E-13, 1.247E-13)  1.00E-07
  8.100E+01 8.71195E-26 -4.374E-03 ( 1.637E-13, 1.786E-13) ( 1.145E-13, 1.237E-13)  1.00E-07
  8.150E+01 8.47643E-26 -4.437E-03 ( 1.610E-13, 1.759E-13) ( 1.134E-13, 1.227E-13)  1.00E-07
  8.200E+01 8.24820E-26 -4.501E-03 ( 1.583E-13, 1.731E-13) ( 1.124E-13, 1.217E-13)  1.00E-07
  8.250E+01 8.02701E-26 -4.566E-03 ( 1.557E-13, 1.705E-13) ( 1.113E-13, 1.207E-13)  1.00E-07
  8.300E+01 7.81258E-26 -4.632E-03 ( 1.531E-13, 1.679E-13) ( 1.103E-13, 1.197E-13)  1.00E-07
  8.350E+01 7.60470E-26 -4.699E-03 ( 1.506E-13, 1.653E-13) ( 1.093E-13, 1.188E-13)  1.00E-07
  8.400E+01 7.40311E-26 -4.766E-03 ( 1.481E-13, 1.628E-13) ( 1.083E-13, 1.178E-13)  1.00E-07
  8.450E+01 7.20762E-26 -4.834E-03 ( 1.457E-13, 1.603E-13) ( 1.073E-13, 1.168E-13)  1.00E-07
  8.500E+01 7.01799E-26 -4.902E-03 ( 1.433E-13, 1.578E-13) ( 1.063E-13, 1.159E-13)  1.00E-07
  8.550E+01 6.83402E-26 -4.970E-03 ( 1.410E-13, 1.554E-13) ( 1.053E-13, 1.149E-13)  1.00E-07
  8.600E+01 6.65551E-26 -5.040E-03 ( 1.387E-13, 1.531E-13) ( 1.044E-13, 1.140E-13)  1.00E-07
  8.650E+01 6.48226E-26 -5.110E-03 ( 1.364E-13, 1.508E-13) ( 1.034E-13, 1.131E-13)  1.00E-07
  8.700E+01 6.31411E-26 -5.181E-03 ( 1.342E-13, 1.485E-13) ( 1.025E-13, 1.122E-13)  1.00E-07
  8.750E+01 6.15087E-26 -5.253E-03 ( 1.320E-13, 1.462E-13) ( 1.016E-13, 1.113E-13)  1.00E-07
  8.800E+01 5.99237E-26 -5.325E-03 ( 1.299E-13, 1.440E-13) ( 1.006E-13, 1.104E-13)  1.00E-07
  8.850E+01 5.83847E-26 -5.398E-03 ( 1.278E-13, 1.419E-13) ( 9.972E-14, 1.095E-13)  1.00E-07
  8.900E+01 5.68900E-26 -5.471E-03 ( 1.258E-13, 1.397E-13) ( 9.881E-14, 1.086E-13)  1.00E-07
  8.950E+01 5.54381E-26 -5.545E-03 ( 1.237E-13, 1.376E-13) ( 9.792E-14, 1.077E-13)  1.00E-07
  9.000E+01 5.40275E-26 -5.620E-03 ( 1.218E-13, 1.356E-13) ( 9.703E-14, 1.068E-13)  1.00E-07
  9.050E+01 5.26569E-26 -5.696E-03 ( 1.198E-13, 1.336E-13) ( 9.615E-14, 1.059E-13)  1.00E-07
  9.100E+01 5.13250E-26 -5.772E-03 ( 1.179E-13, 1.316E-13) ( 9.528E-14, 1.051E-13)  1.00E-07
  9.150E+01 5.00306E-26 -5.850E-03 ( 1.160E-13, 1.296E-13) ( 9.441E-14, 1.042E-13)  1.00E-07
  9.200E+01 4.87723E-26 -5.927E-03 ( 1.142E-13, 1.277E-13) ( 9.356E-14, 1.034E-13)  1.00E-07
  9.250E+01 4.75491E-26 -6.005E-03 ( 1.124E-13, 1.258E-13) ( 9.271E-14, 1.025E-13)  1.00E-07
  9.300E+01 4.63597E-26 -6.084E-03 ( 1.106E-13, 1.239E-13) ( 9.187E-14, 1.017E-13)  1.00E-07
  9.350E+01 4.52031E-26 -6.164E-03 ( 1.088E-13, 1.221E-13) ( 9.103E-14, 1.008E-13)  1.00E-07
  9.400E+01 4.40782E-26 -6.245E-03 ( 1.071E-13, 1.203E-13) ( 9.021E-14, 1.000E-13)  1.00E-07
  9.450E+01 4.29840E-26 -6.327E-03 ( 1.054E-13, 1.185E-13) ( 8.939E-14, 9.919E-14)  1.00E-07
  9.500E+01 4.19196E-26 -6.410E-03 ( 1.038E-13, 1.167E-13) ( 8.858E-14, 9.838E-14)  1.00E-07
  9.550E+01 4.08840E-26 -6.493E-03 ( 1.021E-13, 1.150E-13) ( 8.778E-14, 9.757E-14)  1.00E-07
  9.600E+01 3.98763E-26 -6.577E-03 ( 1.005E-13, 1.133E-13) ( 8.698E-14, 9.676E-14)  1.00E-07
  9.650E+01 3.88956E-26 -6.661E-03 ( 9.894E-14, 1.117E-13) ( 8.619E-14, 9.596E-14)  1.00E-07
  9.700E+01 3.79411E-26 -6.746E-03 ( 9.739E-14, 1.100E-13) ( 8.540E-14, 9.517E-14)  1.00E-07
  9.750E+01 3.70120E-26 -6.833E-03 ( 9.587E-14, 1.084E-13) ( 8.463E-14, 9.438E-14)  1.00E-07
  9.800E+01 3.61074E-26 -6.921E-03 ( 9.437E-14, 1.068E-13) ( 8.386E-14, 9.359E-14)  1.00E-07
  9.850E+01 3.52267E-26 -7.009E-03 ( 9.290E-14, 1.053E-13) ( 8.309E-14, 9.282E-14)  1.00E-07
  9.900E+01 3.43691E-26 -7.098E-03 ( 9.145E-14, 1.037E-13) ( 8.233E-14, 9.204E-14)  1.00E-07
  9.950E+01 3.35339E-26 -7.188E-03 ( 9.002E-14, 1.022E-13) ( 8.158E-14, 9.127E-14)  1.00E-07
  1.000E+02 3.27205E-26 -7.278E-03 ( 8.862E-14, 1.007E-13) ( 8.084E-14, 9.051E-14)  1.00E-07
  1.005E+02 3.19281E-26 -7.369E-03 ( 8.724E-14, 9.923E-14) ( 8.010E-14, 8.975E-14)  1.00E-07
  1.010E+02 3.11562E-26 -7.462E-03 ( 8.589E-14, 9.778E-14) ( 7.936E-14, 8.899E-14)  1.00E-07
  1.015E+02 3.04041E-26 -7.556E-03 ( 8.456E-14, 9.635E-14) ( 7.864E-14, 8.824E-14)  1.00E-07
  1.020E+02 2.96712E-26 -7.651E-03 ( 8.325E-14, 9.495E-14) ( 7.791E-14, 8.750E-14)  1.00E-07
  1.025E+02 2.89571E-26 -7.746E-03 ( 8.196E-14, 9.356E-14) ( 7.720E-14, 8.676E-14)  1.00E-07
  1.030E+02 2.82611E-26 -7.842E-03 ( 8.069E-14, 9.220E-14) ( 7.648E-14, 8.602E-14)  1.00E-07
  1.035E+02 2.75827E-26 -7.939E-03 ( 7.944E-14, 9.086E-14) ( 7.578E-14, 8.529E-14)  1.00E-07
  1.040E+02 2.69213E-26 -8.037E-03 ( 7.821E-14, 8.953E-14) ( 7.508E-14, 8.456E-14)  1.00E-07
  1.045E+02 2.62766E-26 -8.137E-03 ( 7.701E-14, 8.823E-14) ( 7.438E-14, 8.384E-14)  1.00E-07
  1.050E+02 2.56480E-26 -8.237E-03 ( 7.582E-14, 8.695E-14) ( 7.369E-14, 8.312E-14)  1.00E-07
  1.055E+02 2.50350E-26 -8.339E-03 ( 7.465E-14, 8.569E-14) ( 7.301E-14, 8.240E-14)  1.00E-07
  1.060E+02 2.44373E-26 -8.442E-03 ( 7.350E-14, 8.444E-14) ( 7.233E-14, 8.169E-14)  1.00E-07
  1.065E+02 2.38543E-26 -8.545E-03 ( 7.237E-14, 8.322E-14) ( 7.165E-14, 8.098E-14)  1.00E-07
  1.070E+02 2.32857E-26 -8.650E-03 ( 7.125E-14, 8.201E-14) ( 7.098E-14, 8.028E-14)  1.00E-07
  1.075E+02 2.27310E-26 -8.755E-03 ( 7.016E-14, 8.082E-14) ( 7.031E-14, 7.958E-14)  1.00E-07
  1.080E+02 2.21899E-26 -8.862E-03 ( 6.908E-14, 7.965E-14) ( 6.965E-14, 7.888E-14)  1.00E-07
  1.085E+02 2.16620E-26 -8.970E-03 ( 6.802E-14, 7.849E-14) ( 6.900E-14, 7.819E-14)  1.00E-07
  1.090E+02 2.11469E-26 -9.080E-03 ( 6.697E-14, 7.735E-14) ( 6.835E-14, 7.750E-14)  1.00E-07
  1.095E+02 2.06443E-26 -9.190E-03 ( 6.594E-14, 7.623E-14) ( 6.770E-14, 7.682E-14)  1.00E-07
  1.100E+02 2.01537E-26 -9.302E-03 ( 6.493E-14, 7.513E-14) ( 6.705E-14, 7.614E-14)  1.00E-07
  1.105E+02 1.96750E-26 -9.414E-03 ( 6.394E-14, 7.404E-14) ( 6.642E-14, 7.546E-14)  1.00E-07
  1.110E+02 1.92078E-26 -9.528E-03 ( 6.296E-14, 7.297E-14) ( 6.578E-14, 7.479E-14)  1.00E-07
  1.115E+02 1.87516E-26 -9.643E-03 ( 6.199E-14, 7.191E-14) ( 6.515E-14, 7.412E-14)  1.00E-07
  1.120E+02 1.83064E-26 -9.759E-03 ( 6.104E-14, 7.087E-14) ( 6.452E-14, 7.345E-14)  1.00E-07
  1.125E+02 1.78717E-26 -9.878E-03 ( 6.011E-14, 6.984E-14) ( 6.390E-14, 7.278E-14)  1.00E-07
  1.130E+02 1.74472E-26 -9.997E-03 ( 5.919E-14, 6.883E-14) ( 6.328E-14, 7.212E-14)  1.00E-07
  1.135E+02 1.70328E-26 -1.012E-02 ( 5.828E-14, 6.783E-14) ( 6.267E-14, 7.147E-14)  1.00E-07
  1.140E+02 1.66281E-26 -1.024E-02 ( 5.739E-14, 6.685E-14) ( 6.206E-14, 7.081E-14)  1.00E-07
  1.145E+02 1.62329E-26 -1.036E-02 ( 5.651E-14, 6.588E-14) ( 6.145E-14, 7.016E-14)  1.00E-07
  1.150E+02 1.58469E-26 -1.049E-02 ( 5.564E-14, 6.493E-14) ( 6.085E-14, 6.951E-14)  1.00E-07
  1.155E+02 1.54699E-26 -1.061E-02 ( 5.479E-14, 6.399E-14) ( 6.025E-14, 6.887E-14)  1.00E-07
  1.160E+02 1.51017E-26 -1.074E-02 ( 5.395E-14, 6.307E-14) ( 5.965E-14, 6.823E-14)  1.00E-07
  1.165E+02 1.47419E-26 -1.087E-02 ( 5.313E-14, 6.215E-14) ( 5.906E-14, 6.759E-14)  1.00E-07
  1.170E+02 1.43905E-26 -1.100E-02 ( 5.232E-14, 6.125E-14) ( 5.847E-14, 6.695E-14)  1.00E-07
  1.175E+02 1.40472E-26 -1.113E-02 ( 5.152E-14, 6.037E-14) ( 5.789E-14, 6.632E-14)  1.00E-07
  1.180E+02 1.37118E-26 -1.127E-02 ( 5.073E-14, 5.949E-14) ( 5.731E-14, 6.569E-14)  1.00E-07
  1.185E+02 1.33840E-26 -1.140E-02 ( 4.995E-14, 5.863E-14) ( 5.673E-14, 6.506E-14)  1.00E-07
  1.190E+02 1.30637E-26 -1.154E-02 ( 4.919E-14, 5.778E-14) ( 5.615E-14, 6.443E-14)  1.00E-07
  1.195E+02 1.27507E-26 -1.168E-02 ( 4.844E-14, 5.695E-14) ( 5.558E-14, 6.381E-14)  1.00E-07
  1.200E+02 1.24448E-26 -1.182E-02 ( 4.770E-14, 5.612E-14) ( 5.501E-14, 6.319E-14)  1.00E-07
  1.205E+02 1.21459E-26 -1.196E-02 ( 4.697E-14, 5.531E-14) ( 5.445E-14, 6.257E-14)  1.00E-07
  1.210E+02 1.18537E-26 -1.210E-02 ( 4.625E-14, 5.451E-14) ( 5.389E-14, 6.196E-14)  1.00E-07
  1.215E+02 1.15682E-26 -1.225E-02 ( 4.555E-14, 5.372E-14) ( 5.333E-14, 6.135E-14)  1.00E-07
  1.220E+02 1.12890E-26 -1.240E-02 ( 4.485E-14, 5.295E-14) ( 5.277E-14, 6.074E-14)  1.00E-07
  1.225E+02 1.10161E-26 -1.254E-02 ( 4.416E-14, 5.218E-14) ( 5.222E-14, 6.013E-14)  1.00E-07
  1.230E+02 1.07493E-26 -1.270E-02 ( 4.349E-14, 5.143E-14) ( 5.167E-14, 5.953E-14)  1.00E-07
  1.235E+02 1.04885E-26 -1.285E-02 ( 4.283E-14, 5.068E-14) ( 5.112E-14, 5.893E-14)  1.00E-07
  1.240E+02 1.02335E-26 -1.300E-02 ( 4.217E-14, 4.995E-14) ( 5.058E-14, 5.833E-14)  1.00E-07
  1.245E+02 9.98425E-27 -1.316E-02 ( 4.153E-14, 4.923E-14) ( 5.004E-14, 5.773E-14)  1.00E-07
  1.250E+02 9.74051E-27 -1.332E-02 ( 4.089E-14, 4.851E-14) ( 4.950E-14, 5.714E-14)  1.00E-07
  1.255E+02 9.50217E-27 -1.348E-02 ( 4.027E-14, 4.781E-14) ( 4.896E-14, 5.654E-14)  1.00E-07
  1.260E+02 9.26911E-27 -1.364E-02 ( 3.966E-14, 4.712E-14) ( 4.843E-14, 5.595E-14)  1.00E-07
  1.265E+02 9.04121E-27 -1.381E-02 ( 3.905E-14, 4.644E-14) ( 4.790E-14, 5.536E-14)  1.00E-07
  1.270E+02 8.81833E-27 -1.398E-02 ( 3.846E-14, 4.577E-14) ( 4.737E-14, 5.478E-14)  1.00E-07
  1.275E+02 8.60038E-27 -1.415E-02 ( 3.787E-14, 4.511E-14) ( 4.684E-14, 5.419E-14)  1.00E-07
  1.280E+02 8.38723E-27 -1.432E-02 ( 3.729E-14, 4.446E-14) ( 4.632E-14, 5.361E-14)  1.00E-07
  1.285E+02 8.17877E-27 -1.449E-02 ( 3.672E-14, 4.382E-14) ( 4.580E-14, 5.303E-14)  1.00E-07
  1.290E+02 7.97490E-27 -1.467E-02 ( 3.616E-14, 4.319E-14) ( 4.528E-14, 5.246E-14)  1.00E-07
  1.295E+02 7.77549E-27 -1.485E-02 ( 3.561E-14, 4.256E-14) ( 4.477E-14, 5.188E-14)  1.00E-07
  1.300E+02 7.58046E-27 -1.503E-02 ( 3.507E-14, 4.195E-14) ( 4.425E-14, 5.131E-14)  1.00E-07
  1.305E+02 7.38969E-27 -1.522E-02 ( 3.454E-14, 4.134E-14) ( 4.374E-14, 5.074E-14)  1.00E-07
  1.310E+02 7.20309E-27 -1.540E-02 ( 3.401E-14, 4.075E-14) ( 4.323E-14, 5.017E-14)  1.00E-07
  1.315E+02 7.02058E-27 -1.559E-02 ( 3.350E-14, 4.016E-14) ( 4.273E-14, 4.960E-14)  1.00E-07
  1.320E+02 6.84207E-27 -1.579E-02 ( 3.299E-14, 3.959E-14) ( 4.222E-14, 4.903E-14)  1.00E-07
  1.325E+02 6.66746E-27 -1.598E-02 ( 3.249E-14, 3.902E-14) ( 4.172E-14, 4.847E-14)  1.00E-07
  1.330E+02 6.49665E-27 -1.618E-02 ( 3.199E-14, 3.846E-14) ( 4.122E-14, 4.791E-14)  1.00E-07
  1.335E+02 6.32957E-27 -1.638E-02 ( 3.151E-14, 3.791E-14) ( 4.072E-14, 4.735E-14)  1.00E-07
  1.340E+02 6.16613E-27 -1.658E-02 ( 3.103E-14, 3.736E-14) ( 4.023E-14, 4.679E-14)  1.00E-07
  1.345E+02 6.00625E-27 -1.679E-02 ( 3.056E-14, 3.683E-14) ( 3.973E-14, 4.623E-14)  1.00E-07
  1.350E+02 5.84986E-27 -1.700E-02 ( 3.010E-14, 3.630E-14) ( 3.924E-14, 4.567E-14)  1.00E-07
  1.355E+02 5.69689E-27 -1.721E-02 ( 2.964E-14, 3.578E-14) ( 3.875E-14, 4.512E-14)  1.00E-07
  1.360E+02 5.54727E-27 -1.743E-02 ( 2.920E-14, 3.527E-14) ( 3.826E-14, 4.457E-14)  1.00E-07
  1.365E+02 5.40090E-27 -1.764E-02 ( 2.876E-14, 3.477E-14) ( 3.778E-14, 4.402E-14)  1.00E-07
  1.370E+02 5.25773E-27 -1.787E-02 ( 2.833E-14, 3.428E-14) ( 3.729E-14, 4.347E-14)  1.00E-07
  1.375E+02 5.11768E-27 -1.809E-02 ( 2.790E-14, 3.379E-14) ( 3.681E-14, 4.292E-14)  1.00E-07
  1.380E+02 4.98070E-27 -1.832E-02 ( 2.748E-14, 3.331E-14) ( 3.633E-14, 4.238E-14)  1.00E-07
  1.385E+02 4.84671E-27 -1.856E-02 ( 2.707E-14, 3.284E-14) ( 3.585E-14, 4.183E-14)  1.00E-07
  1.390E+02 4.71567E-27 -1.879E-02 ( 2.666E-14, 3.237E-14) ( 3.538E-14, 4.129E-14)  1.00E-07
  1.395E+02 4.58751E-27 -1.903E-02 ( 2.627E-14, 3.192E-14) ( 3.490E-14, 4.075E-14)  1.00E-07
  1.400E+02 4.46216E-27 -1.927E-02 ( 2.587E-14, 3.147E-14) ( 3.443E-14, 4.021E-14)  1.00E-07
  1.405E+02 4.33957E-27 -1.952E-02 ( 2.549E-14, 3.103E-14) ( 3.396E-14, 3.967E-14)  1.00E-07
  1.410E+02 4.21967E-27 -1.977E-02 ( 2.511E-14, 3.059E-14) ( 3.349E-14, 3.914E-14)  1.00E-07
  1.415E+02 4.10242E-27 -2.003E-02 ( 2.474E-14, 3.017E-14) ( 3.302E-14, 3.860E-14)  1.00E-07
  1.420E+02 3.98776E-27 -2.029E-02 ( 2.437E-14, 2.975E-14) ( 3.255E-14, 3.807E-14)  1.00E-07
  1.425E+02 3.87565E-27 -2.055E-02 ( 2.401E-14, 2.933E-14) ( 3.209E-14, 3.754E-14)  1.00E-07
  1.430E+02 3.76605E-27 -2.081E-02 ( 2.366E-14, 2.893E-14) ( 3.162E-14, 3.700E-14)  1.00E-07
  1.435E+02 3.65889E-27 -2.108E-02 ( 2.331E-14, 2.853E-14) ( 3.116E-14, 3.647E-14)  1.00E-07
  1.440E+02 3.55412E-27 -2.136E-02 ( 2.297E-14, 2.813E-14) ( 3.070E-14, 3.595E-14)  1.00E-07
  1.445E+02 3.45168E-27 -2.164E-02 ( 2.264E-14, 2.775E-14) ( 3.024E-14, 3.542E-14)  1.00E-07
  1.450E+02 3.35155E-27 -2.193E-02 ( 2.231E-14, 2.737E-14) ( 2.979E-14, 3.489E-14)  1.00E-07
  1.455E+02 3.25370E-27 -2.221E-02 ( 2.199E-14, 2.700E-14) ( 2.933E-14, 3.437E-14)  1.00E-07
  1.460E+02 3.15806E-27 -2.250E-02 ( 2.167E-14, 2.663E-14) ( 2.887E-14, 3.384E-14)  1.00E-07
  1.465E+02 3.06461E-27 -2.280E-02 ( 2.136E-14, 2.627E-14) ( 2.842E-14, 3.332E-14)  1.00E-07
  1.470E+02 2.97329E-27 -2.310E-02 ( 2.106E-14, 2.592E-14) ( 2.797E-14, 3.280E-14)  1.00E-07
  1.475E+02 2.88406E-27 -2.340E-02 ( 2.076E-14, 2.557E-14) ( 2.752E-14, 3.228E-14)  1.00E-07
  1.480E+02 2.79688E-27 -2.371E-02 ( 2.046E-14, 2.523E-14) ( 2.707E-14, 3.176E-14)  1.00E-07
  1.485E+02 2.71173E-27 -2.403E-02 ( 2.017E-14, 2.490E-14) ( 2.662E-14, 3.124E-14)  1.00E-07
  1.490E+02 2.62856E-27 -2.435E-02 ( 1.989E-14, 2.457E-14) ( 2.617E-14, 3.073E-14)  1.00E-07
  1.495E+02 2.54735E-27 -2.467E-02 ( 1.961E-14, 2.425E-14) ( 2.573E-14, 3.021E-14)  1.00E-07
  1.500E+02 2.46806E-27 -2.500E-02 ( 1.934E-14, 2.394E-14) ( 2.528E-14, 2.970E-14)  1.00E-07
  1.505E+02 2.39065E-27 -2.533E-02 ( 1.907E-14, 2.363E-14) ( 2.484E-14, 2.918E-14)  1.00E-07
  1.510E+02 2.31508E-27 -2.566E-02 ( 1.881E-14, 2.332E-14) ( 2.440E-14, 2.867E-14)  1.00E-07
  1.515E+02 2.24133E-27 -2.601E-02 ( 1.856E-14, 2.303E-14) ( 2.396E-14, 2.816E-14)  1.00E-07
  1.520E+02 2.16937E-27 -2.635E-02 ( 1.831E-14, 2.274E-14) ( 2.352E-14, 2.765E-14)  1.00E-07
  1.525E+02 2.09917E-27 -2.670E-02 ( 1.806E-14, 2.245E-14) ( 2.308E-14, 2.714E-14)  1.00E-07
  1.530E+02 2.03070E-27 -2.705E-02 ( 1.782E-14, 2.217E-14) ( 2.264E-14, 2.663E-14)  1.00E-07
  1.535E+02 1.96393E-27 -2.741E-02 ( 1.759E-14, 2.190E-14) ( 2.220E-14, 2.612E-14)  1.00E-07
  1.540E+02 1.89884E-27 -2.776E-02 ( 1.736E-14, 2.163E-14) ( 2.177E-14, 2.561E-14)  1.00E-07
  1.545E+02 1.83539E-27 -2.812E-02 ( 1.713E-14, 2.137E-14) ( 2.133E-14, 2.510E-14)  1.00E-07
  1.550E+02 1.77355E-27 -2.849E-02 ( 1.691E-14, 2.111E-14) ( 2.090E-14, 2.460E-14)  1.00E-07
  1.555E+02 1.71332E-27 -2.886E-02 ( 1.670E-14, 2.086E-14) ( 2.047E-14, 2.409E-14)  1.00E-07
  1.560E+02 1.65465E-27 -2.923E-02 ( 1.648E-14, 2.062E-14) ( 2.003E-14, 2.359E-14)  1.00E-07
  1.565E+02 1.59754E-27 -2.960E-02 ( 1.628E-14, 2.038E-14) ( 1.960E-14, 2.309E-14)  1.00E-07
  1.570E+02 1.54195E-27 -2.997E-02 ( 1.608E-14, 2.014E-14) ( 1.917E-14, 2.258E-14)  1.00E-07
  1.575E+02 1.48787E-27 -3.034E-02 ( 1.588E-14, 1.992E-14) ( 1.874E-14, 2.208E-14)  1.00E-07
  1.580E+02 1.43527E-27 -3.071E-02 ( 1.569E-14, 1.969E-14) ( 1.832E-14, 2.158E-14)  1.00E-07
  1.585E+02 1.38412E-27 -3.108E-02 ( 1.551E-14, 1.948E-14) ( 1.789E-14, 2.108E-14)  1.00E-07
  1.590E+02 1.33441E-27 -3.145E-02 ( 1.532E-14, 1.926E-14) ( 1.746E-14, 2.058E-14)  1.00E-07
  1.595E+02 1.28613E-27 -3.181E-02 ( 1.515E-14, 1.906E-14) ( 1.703E-14, 2.008E-14)  1.00E-07
  1.600E+02 1.23924E-27 -3.217E-02 ( 1.498E-14, 1.886E-14) ( 1.661E-14, 1.958E-14)  1.00E-07
  1.605E+02 1.19375E-27 -3.252E-02 ( 1.481E-14, 1.866E-14) ( 1.618E-14, 1.909E-14)  1.00E-07
  1.610E+02 1.14961E-27 -3.286E-02 ( 1.465E-14, 1.847E-14) ( 1.576E-14, 1.859E-14)  1.00E-07
  1.615E+02 1.10683E-27 -3.319E-02 ( 1.449E-14, 1.829E-14) ( 1.534E-14, 1.809E-14)  1.00E-07
  1.620E+02 1.06537E-27 -3.351E-02 ( 1.433E-14, 1.811E-14) ( 1.492E-14, 1.760E-14)  1.00E-07
  1.625E+02 1.02523E-27 -3.382E-02 ( 1.418E-14, 1.793E-14) ( 1.449E-14, 1.710E-14)  1.00E-07
  1.630E+02 9.86380E-28 -3.411E-02 ( 1.404E-14, 1.776E-14) ( 1.407E-14, 1.661E-14)  1.00E-07
  1.635E+02 9.48820E-28 -3.439E-02 ( 1.390E-14, 1.760E-14) ( 1.365E-14, 1.611E-14)  1.00E-07
  1.640E+02 9.12533E-28 -3.463E-02 ( 1.376E-14, 1.744E-14) ( 1.323E-14, 1.562E-14)  1.00E-07
  1.645E+02 8.77502E-28 -3.485E-02 ( 1.363E-14, 1.729E-14) ( 1.281E-14, 1.513E-14)  1.00E-07
  1.650E+02 8.43713E-28 -3.505E-02 ( 1.350E-14, 1.714E-14) ( 1.239E-14, 1.463E-14)  1.00E-07
  1.655E+02 8.11149E-28 -3.521E-02 ( 1.338E-14, 1.699E-14) ( 1.198E-14, 1.414E-14)  1.00E-07
  1.660E+02 7.79800E-28 -3.533E-02 ( 1.326E-14, 1.685E-14) ( 1.156E-14, 1.365E-14)  1.00E-07
  1.665E+02 7.49655E-28 -3.541E-02 ( 1.315E-14, 1.672E-14) ( 1.114E-14, 1.316E-14)  1.00E-07
  1.670E+02 7.20705E-28 -3.544E-02 ( 1.304E-14, 1.659E-14) ( 1.072E-14, 1.267E-14)  1.00E-07
  1.675E+02 6.92940E-28 -3.541E-02 ( 1.293E-14, 1.647E-14) ( 1.031E-14, 1.218E-14)  1.00E-07
  1.680E+02 6.66348E-28 -3.532E-02 ( 1.283E-14, 1.635E-14) ( 9.892E-15, 1.169E-14)  1.00E-07
  1.685E+02 6.40916E-28 -3.517E-02 ( 1.273E-14, 1.624E-14) ( 9.476E-15, 1.120E-14)  1.00E-07
  1.690E+02 6.16634E-28 -3.494E-02 ( 1.264E-14, 1.613E-14) ( 9.061E-15, 1.071E-14)  1.00E-07
  1.695E+02 5.93491E-28 -3.463E-02 ( 1.255E-14, 1.602E-14) ( 8.647E-15, 1.022E-14)  1.00E-07
  1.700E+02 5.71481E-28 -3.423E-02 ( 1.247E-14, 1.592E-14) ( 8.232E-15, 9.729E-15)  1.00E-07
  1.705E+02 5.50597E-28 -3.373E-02 ( 1.239E-14, 1.583E-14) ( 7.819E-15, 9.241E-15)  1.00E-07
  1.710E+02 5.30835E-28 -3.313E-02 ( 1.231E-14, 1.574E-14) ( 7.405E-15, 8.753E-15)  1.00E-07
  1.715E+02 5.12185E-28 -3.241E-02 ( 1.224E-14, 1.566E-14) ( 6.992E-15, 8.265E-15)  1.00E-07
  1.720E+02 4.94638E-28 -3.156E-02 ( 1.217E-14, 1.558E-14) ( 6.579E-15, 7.777E-15)  1.00E-07
  1.725E+02 4.78184E-28 -3.059E-02 ( 1.211E-14, 1.550E-14) ( 6.167E-15, 7.290E-15)  1.00E-07
  1.730E+02 4.62817E-28 -2.949E-02 ( 1.205E-14, 1.543E-14) ( 5.754E-15, 6.803E-15)  1.00E-07
  1.735E+02 4.48533E-28 -2.825E-02 ( 1.200E-14, 1.537E-14) ( 5.342E-15, 6.316E-15)  1.00E-07
  1.740E+02 4.35329E-28 -2.686E-02 ( 1.194E-14, 1.531E-14) ( 4.930E-15, 5.830E-15)  1.00E-07
  1.745E+02 4.23203E-28 -2.532E-02 ( 1.190E-14, 1.525E-14) ( 4.519E-15, 5.343E-15)  1.00E-07
  1.750E+02 4.12150E-28 -2.362E-02 ( 1.186E-14, 1.520E-14) ( 4.107E-15, 4.857E-15)  1.00E-07
  1.755E+02 4.02164E-28 -2.178E-02 ( 1.182E-14, 1.516E-14) ( 3.696E-15, 4.371E-15)  1.00E-07
  1.760E+02 3.93236E-28 -1.979E-02 ( 1.178E-14, 1.512E-14) ( 3.285E-15, 3.885E-15)  1.00E-07
  1.765E+02 3.85362E-28 -1.767E-02 ( 1.175E-14, 1.508E-14) ( 2.874E-15, 3.399E-15)  1.00E-07
  1.770E+02 3.78540E-28 -1.542E-02 ( 1.172E-14, 1.505E-14) ( 2.463E-15, 2.913E-15)  1.00E-07
  1.775E+02 3.72771E-28 -1.305E-02 ( 1.170E-14, 1.502E-14) ( 2.053E-15, 2.427E-15)  1.00E-07
  1.780E+02 3.68058E-28 -1.057E-02 ( 1.168E-14, 1.500E-14) ( 1.642E-15, 1.942E-15)  1.00E-07
  1.785E+02 3.64401E-28 -8.004E-03 ( 1.167E-14, 1.499E-14) ( 1.231E-15, 1.456E-15)  1.00E-07
  1.790E+02 3.61796E-28 -5.372E-03 ( 1.166E-14, 1.497E-14) ( 8.209E-16, 9.709E-16)  1.00E-07
  1.795E+02 3.60236E-28 -2.697E-03 ( 1.165E-14, 1.497E-14) ( 4.104E-16, 4.854E-16)  1.00E-07
  1.800E+02 3.59720E-28 -3.789E-17 ( 1.165E-14, 1.496E-14) ( 5.760E-30, 6.812E-30)  1.00E-07

  TOTAL ELASTIC CROSS SECTION = 2.899401E-19 cm**2
               FROM DCS TABLE = 2.892635E-19  (REL. DIF. = 2.33E-03)

  1ST TRANSPORT CROSS SECTION = 7.151884E-24 cm**2
               FROM DCS TABLE = 7.149712E-24  (REL. DIF. = 3.04E-04)

  2ND TRANSPORT CROSS SECTION = 2.044778E-23 cm**2

  WARNING: RELATIVE DIFFERENCES ARE TOO LARGE.
           THE DCS TABLE IS NOT CONSISTENT.

  **** DPWA0 ENDED ************************************************************

