 #  Scattering amplitudes (in cm)      MU=(1-cos(TH))/2
 #  Z =   9,   projectile: electron
 #  Kinetic energy = 3.70000E+06 eV
 #
 # TH (deg)      MU          Re(F)        Im(F)        Re(G)        Im(G)
 #--------------------------------------------------------------------------
  0.000E+00  0.00000E+00  1.48435E-07  4.88738E-09  0.00000E+00  0.00000E+00
  1.000E-04  7.61557E-13  1.48435E-07  4.88738E-09  1.13815E-13  3.74756E-15
  1.250E-04  1.18994E-12  1.48435E-07  4.88737E-09  1.42269E-13  4.68445E-15
  1.500E-04  1.71346E-12  1.48435E-07  4.88737E-09  1.70723E-13  5.62134E-15
  1.750E-04  2.33225E-12  1.48435E-07  4.88737E-09  1.99177E-13  6.55823E-15
  2.000E-04  3.04617E-12  1.48435E-07  4.88737E-09  2.27630E-13  7.49512E-15
  2.250E-04  3.85530E-12  1.48434E-07  4.88737E-09  2.56084E-13  8.43201E-15
  2.500E-04  4.75964E-12  1.48434E-07  4.88737E-09  2.84537E-13  9.36890E-15
  2.750E-04  5.75917E-12  1.48434E-07  4.88737E-09  3.12991E-13  1.03058E-14
  3.000E-04  6.85391E-12  1.48434E-07  4.88737E-09  3.41444E-13  1.12427E-14
  3.250E-04  8.04379E-12  1.48434E-07  4.88737E-09  3.69898E-13  1.21796E-14
  3.500E-04  9.32893E-12  1.48434E-07  4.88737E-09  3.98351E-13  1.31164E-14
  3.750E-04  1.07092E-11  1.48434E-07  4.88737E-09  4.26804E-13  1.40533E-14
  4.000E-04  1.21847E-11  1.48433E-07  4.88737E-09  4.55257E-13  1.49902E-14
  4.250E-04  1.37554E-11  1.48433E-07  4.88736E-09  4.83710E-13  1.59271E-14
  4.500E-04  1.54213E-11  1.48433E-07  4.88736E-09  5.12162E-13  1.68640E-14
  4.750E-04  1.71823E-11  1.48433E-07  4.88736E-09  5.40615E-13  1.78009E-14
  5.000E-04  1.90386E-11  1.48432E-07  4.88736E-09  5.69068E-13  1.87378E-14
  5.250E-04  2.09900E-11  1.48432E-07  4.88736E-09  5.97520E-13  1.96746E-14
  5.500E-04  2.30367E-11  1.48432E-07  4.88736E-09  6.25972E-13  2.06115E-14
  5.750E-04  2.51785E-11  1.48432E-07  4.88736E-09  6.54424E-13  2.15484E-14
  6.000E-04  2.74156E-11  1.48431E-07  4.88735E-09  6.82876E-13  2.24853E-14
  6.250E-04  2.97478E-11  1.48431E-07  4.88735E-09  7.11328E-13  2.34221E-14
  6.500E-04  3.21752E-11  1.48431E-07  4.88735E-09  7.39779E-13  2.43590E-14
  6.750E-04  3.46979E-11  1.48430E-07  4.88735E-09  7.68230E-13  2.52959E-14
  7.000E-04  3.73157E-11  1.48430E-07  4.88735E-09  7.96682E-13  2.62328E-14
  7.250E-04  4.00286E-11  1.48430E-07  4.88734E-09  8.25133E-13  2.71696E-14
  7.500E-04  4.28368E-11  1.48429E-07  4.88734E-09  8.53583E-13  2.81065E-14
  7.750E-04  4.57402E-11  1.48429E-07  4.88734E-09  8.82034E-13  2.90434E-14
  8.000E-04  4.87388E-11  1.48429E-07  4.88734E-09  9.10484E-13  2.99803E-14
  8.250E-04  5.18325E-11  1.48428E-07  4.88733E-09  9.38934E-13  3.09171E-14
  8.500E-04  5.50215E-11  1.48428E-07  4.88733E-09  9.67384E-13  3.18540E-14
  8.750E-04  5.83057E-11  1.48427E-07  4.88733E-09  9.95833E-13  3.27909E-14
  9.000E-04  6.16850E-11  1.48427E-07  4.88733E-09  1.02428E-12  3.37277E-14
  9.250E-04  6.51595E-11  1.48426E-07  4.88732E-09  1.05273E-12  3.46646E-14
  9.500E-04  6.87293E-11  1.48426E-07  4.88732E-09  1.08118E-12  3.56014E-14
  9.750E-04  7.23943E-11  1.48425E-07  4.88732E-09  1.10963E-12  3.65383E-14
  1.000E-03  7.61544E-11  1.48425E-07  4.88731E-09  1.13808E-12  3.74752E-14
  1.250E-03  1.18991E-10  1.48419E-07  4.88728E-09  1.42254E-12  4.68436E-14
  1.500E-03  1.71347E-10  1.48412E-07  4.88724E-09  1.70697E-12  5.62118E-14
  1.750E-03  2.33223E-10  1.48404E-07  4.88719E-09  1.99136E-12  6.55798E-14
  2.000E-03  3.04617E-10  1.48395E-07  4.88713E-09  2.27569E-12  7.49475E-14
  2.250E-03  3.85531E-10  1.48384E-07  4.88707E-09  2.55997E-12  8.43148E-14
  2.500E-03  4.75965E-10  1.48372E-07  4.88699E-09  2.84418E-12  9.36817E-14
  2.750E-03  5.75917E-10  1.48359E-07  4.88691E-09  3.12832E-12  1.03048E-13
  3.000E-03  6.85389E-10  1.48345E-07  4.88682E-09  3.41238E-12  1.12414E-13
  3.250E-03  8.04380E-10  1.48329E-07  4.88673E-09  3.69636E-12  1.21780E-13
  3.500E-03  9.32891E-10  1.48312E-07  4.88662E-09  3.98024E-12  1.31145E-13
  3.750E-03  1.07092E-09  1.48294E-07  4.88651E-09  4.26402E-12  1.40509E-13
  4.000E-03  1.21847E-09  1.48274E-07  4.88639E-09  4.54769E-12  1.49872E-13
  4.250E-03  1.37554E-09  1.48254E-07  4.88627E-09  4.83125E-12  1.59235E-13
  4.500E-03  1.54213E-09  1.48232E-07  4.88613E-09  5.11468E-12  1.68597E-13
  4.750E-03  1.71823E-09  1.48209E-07  4.88599E-09  5.39799E-12  1.77959E-13
  5.000E-03  1.90386E-09  1.48184E-07  4.88584E-09  5.68116E-12  1.87319E-13
  5.250E-03  2.09900E-09  1.48159E-07  4.88569E-09  5.96418E-12  1.96679E-13
  5.500E-03  2.30367E-09  1.48132E-07  4.88552E-09  6.24706E-12  2.06038E-13
  5.750E-03  2.51785E-09  1.48104E-07  4.88535E-09  6.52978E-12  2.15395E-13
  6.000E-03  2.74156E-09  1.48074E-07  4.88517E-09  6.81233E-12  2.24752E-13
  6.250E-03  2.97478E-09  1.48044E-07  4.88498E-09  7.09471E-12  2.34108E-13
  6.500E-03  3.21752E-09  1.48012E-07  4.88479E-09  7.37691E-12  2.43462E-13
  6.750E-03  3.46978E-09  1.47979E-07  4.88458E-09  7.65892E-12  2.52816E-13
  7.000E-03  3.73156E-09  1.47944E-07  4.88437E-09  7.94075E-12  2.62168E-13
  7.250E-03  4.00286E-09  1.47909E-07  4.88415E-09  8.22237E-12  2.71519E-13
  7.500E-03  4.28368E-09  1.47872E-07  4.88393E-09  8.50378E-12  2.80869E-13
  7.750E-03  4.57402E-09  1.47834E-07  4.88369E-09  8.78498E-12  2.90217E-13
  8.000E-03  4.87388E-09  1.47795E-07  4.88345E-09  9.06596E-12  2.99564E-13
  8.250E-03  5.18326E-09  1.47754E-07  4.88320E-09  9.34671E-12  3.08910E-13
  8.500E-03  5.50215E-09  1.47713E-07  4.88295E-09  9.62723E-12  3.18254E-13
  8.750E-03  5.83057E-09  1.47670E-07  4.88268E-09  9.90751E-12  3.27597E-13
  9.000E-03  6.16850E-09  1.47626E-07  4.88241E-09  1.01875E-11  3.36938E-13
  9.250E-03  6.51596E-09  1.47580E-07  4.88213E-09  1.04673E-11  3.46278E-13
  9.500E-03  6.87293E-09  1.47534E-07  4.88185E-09  1.07468E-11  3.55616E-13
  9.750E-03  7.23942E-09  1.47486E-07  4.88155E-09  1.10261E-11  3.64952E-13
  1.000E-02  7.61544E-09  1.47437E-07  4.88125E-09  1.13050E-11  3.74286E-13
  1.250E-02  1.18991E-08  1.46881E-07  4.87781E-09  1.40780E-11  4.67528E-13
  1.500E-02  1.71347E-08  1.46208E-07  4.87361E-09  1.68161E-11  5.60551E-13
  1.750E-02  2.33223E-08  1.45419E-07  4.86866E-09  1.95130E-11  6.53313E-13
  2.000E-02  3.04617E-08  1.44520E-07  4.86297E-09  2.21627E-11  7.45769E-13
  2.250E-02  3.85531E-08  1.43513E-07  4.85653E-09  2.47594E-11  8.37880E-13
  2.500E-02  4.75965E-08  1.42404E-07  4.84935E-09  2.72978E-11  9.29602E-13
  2.750E-02  5.75917E-08  1.41198E-07  4.84145E-09  2.97732E-11  1.02090E-12
  3.000E-02  6.85389E-08  1.39899E-07  4.83283E-09  3.21811E-11  1.11172E-12
  3.250E-02  8.04380E-08  1.38513E-07  4.82349E-09  3.45176E-11  1.20204E-12
  3.500E-02  9.32891E-08  1.37046E-07  4.81345E-09  3.67791E-11  1.29181E-12
  3.750E-02  1.07092E-07  1.35504E-07  4.80272E-09  3.89626E-11  1.38099E-12
  4.000E-02  1.21847E-07  1.33891E-07  4.79130E-09  4.10656E-11  1.46956E-12
  4.250E-02  1.37554E-07  1.32215E-07  4.77921E-09  4.30861E-11  1.55747E-12
  4.500E-02  1.54213E-07  1.30482E-07  4.76646E-09  4.50223E-11  1.64468E-12
  4.750E-02  1.71823E-07  1.28696E-07  4.75306E-09  4.68731E-11  1.73117E-12
  5.000E-02  1.90386E-07  1.26864E-07  4.73903E-09  4.86377E-11  1.81691E-12
  5.250E-02  2.09900E-07  1.24991E-07  4.72437E-09  5.03158E-11  1.90185E-12
  5.500E-02  2.30367E-07  1.23083E-07  4.70910E-09  5.19073E-11  1.98598E-12
  5.750E-02  2.51785E-07  1.21146E-07  4.69324E-09  5.34126E-11  2.06926E-12
  6.000E-02  2.74156E-07  1.19184E-07  4.67679E-09  5.48323E-11  2.15166E-12
  6.250E-02  2.97478E-07  1.17203E-07  4.65978E-09  5.61674E-11  2.23316E-12
  6.500E-02  3.21752E-07  1.15206E-07  4.64221E-09  5.74191E-11  2.31373E-12
  6.750E-02  3.46978E-07  1.13200E-07  4.62411E-09  5.85889E-11  2.39335E-12
  7.000E-02  3.73156E-07  1.11187E-07  4.60548E-09  5.96784E-11  2.47199E-12
  7.250E-02  4.00286E-07  1.09171E-07  4.58635E-09  6.06894E-11  2.54964E-12
  7.500E-02  4.28368E-07  1.07157E-07  4.56672E-09  6.16240E-11  2.62627E-12
  7.750E-02  4.57402E-07  1.05148E-07  4.54663E-09  6.24843E-11  2.70187E-12
  8.000E-02  4.87388E-07  1.03147E-07  4.52607E-09  6.32725E-11  2.77642E-12
  8.250E-02  5.18325E-07  1.01157E-07  4.50506E-09  6.39909E-11  2.84989E-12
  8.500E-02  5.50215E-07  9.91813E-08  4.48364E-09  6.46421E-11  2.92229E-12
  8.750E-02  5.83057E-07  9.72213E-08  4.46180E-09  6.52283E-11  2.99359E-12
  9.000E-02  6.16850E-07  9.52797E-08  4.43956E-09  6.57521E-11  3.06378E-12
  9.250E-02  6.51596E-07  9.33587E-08  4.41695E-09  6.62161E-11  3.13284E-12
  9.500E-02  6.87293E-07  9.14599E-08  4.39398E-09  6.66226E-11  3.20078E-12
  9.750E-02  7.23942E-07  8.95850E-08  4.37067E-09  6.69741E-11  3.26758E-12
  1.000E-01  7.61543E-07  8.77355E-08  4.34702E-09  6.72733E-11  3.33323E-12
  1.250E-01  1.18991E-06  7.08363E-08  4.09595E-09  6.78944E-11  3.92590E-12
  1.500E-01  1.71347E-06  5.70429E-08  3.82858E-09  6.56086E-11  4.40357E-12
  1.750E-01  2.33223E-06  4.61330E-08  3.55754E-09  6.19040E-11  4.77379E-12
  2.000E-01  3.04617E-06  3.76181E-08  3.29233E-09  5.76895E-11  5.04907E-12
  2.250E-01  3.85531E-06  3.09921E-08  3.03950E-09  5.34694E-11  5.24399E-12
  2.500E-01  4.75964E-06  2.58200E-08  2.80297E-09  4.94958E-11  5.37325E-12
  2.750E-01  5.75916E-06  2.17557E-08  2.58471E-09  4.58753E-11  5.45035E-12
  3.000E-01  6.85388E-06  1.85339E-08  2.38524E-09  4.26348E-11  5.48700E-12
  3.250E-01  8.04378E-06  1.59549E-08  2.20416E-09  3.97606E-11  5.49298E-12
  3.500E-01  9.32888E-06  1.38688E-08  2.04044E-09  3.72206E-11  5.47615E-12
  3.750E-01  1.07092E-05  1.21637E-08  1.89278E-09  3.49764E-11  5.44272E-12
  4.000E-01  1.21846E-05  1.07556E-08  1.75972E-09  3.29896E-11  5.39746E-12
  4.250E-01  1.37553E-05  9.58127E-09  1.63980E-09  3.12244E-11  5.34403E-12
  4.500E-01  1.54212E-05  8.59247E-09  1.53163E-09  2.96492E-11  5.28513E-12
  4.750E-01  1.71822E-05  7.75242E-09  1.43390E-09  2.82368E-11  5.22279E-12
  5.000E-01  1.90385E-05  7.03274E-09  1.34543E-09  2.69638E-11  5.15848E-12
  5.250E-01  2.09899E-05  6.41134E-09  1.26515E-09  2.58104E-11  5.09325E-12
  5.500E-01  2.30365E-05  5.87089E-09  1.19214E-09  2.47603E-11  5.02786E-12
  5.750E-01  2.51783E-05  5.39769E-09  1.12555E-09  2.37994E-11  4.96283E-12
  6.000E-01  2.74153E-05  4.98079E-09  1.06468E-09  2.29161E-11  4.89853E-12
  6.250E-01  2.97475E-05  4.61141E-09  1.00887E-09  2.21007E-11  4.83520E-12
  6.500E-01  3.21749E-05  4.28240E-09  9.57583E-10  2.13450E-11  4.77298E-12
  6.750E-01  3.46974E-05  3.98794E-09  9.10329E-10  2.06418E-11  4.71198E-12
  7.000E-01  3.73152E-05  3.72323E-09  8.66685E-10  1.99855E-11  4.65224E-12
  7.250E-01  4.00281E-05  3.48428E-09  8.26281E-10  1.93709E-11  4.59378E-12
  7.500E-01  4.28362E-05  3.26778E-09  7.88794E-10  1.87938E-11  4.53660E-12
  7.750E-01  4.57395E-05  3.07093E-09  7.53938E-10  1.82504E-11  4.48069E-12
  8.000E-01  4.87380E-05  2.89136E-09  7.21463E-10  1.77376E-11  4.42601E-12
  8.250E-01  5.18317E-05  2.72708E-09  6.91148E-10  1.72527E-11  4.37255E-12
  8.500E-01  5.50205E-05  2.57635E-09  6.62797E-10  1.67931E-11  4.32027E-12
  8.750E-01  5.83045E-05  2.43771E-09  6.36238E-10  1.63568E-11  4.26914E-12
  9.000E-01  6.16838E-05  2.30988E-09  6.11315E-10  1.59420E-11  4.21913E-12
  9.250E-01  6.51582E-05  2.19175E-09  5.87893E-10  1.55469E-11  4.17019E-12
  9.500E-01  6.87277E-05  2.08235E-09  5.65847E-10  1.51701E-11  4.12231E-12
  9.750E-01  7.23925E-05  1.98083E-09  5.45069E-10  1.48104E-11  4.07545E-12
  1.000E+00  7.61524E-05  1.88645E-09  5.25458E-10  1.44664E-11  4.02957E-12
  1.100E+00  9.21439E-05  1.56827E-09  4.57038E-10  1.32293E-11  3.85543E-12
  1.200E+00  1.09658E-04  1.32313E-09  4.01517E-10  1.21762E-11  3.69503E-12
  1.300E+00  1.28695E-04  1.13034E-09  3.55777E-10  1.12691E-11  3.54700E-12
  1.400E+00  1.49255E-04  9.76102E-10  3.17610E-10  1.04801E-11  3.41011E-12
  1.500E+00  1.71338E-04  8.50862E-10  2.85407E-10  9.78813E-12  3.28329E-12
  1.600E+00  1.94942E-04  7.47853E-10  2.57973E-10  9.17684E-12  3.16559E-12
  1.700E+00  2.20070E-04  6.62164E-10  2.34400E-10  8.63334E-12  3.05614E-12
  1.800E+00  2.46720E-04  5.90159E-10  2.13988E-10  8.14730E-12  2.95417E-12
  1.900E+00  2.74892E-04  5.29104E-10  1.96191E-10  7.71036E-12  2.85900E-12
  2.000E+00  3.04586E-04  4.76909E-10  1.80578E-10  7.31566E-12  2.77002E-12
  2.100E+00  3.35803E-04  4.31956E-10  1.66800E-10  6.95754E-12  2.68665E-12
  2.200E+00  3.68542E-04  3.92979E-10  1.54579E-10  6.63127E-12  2.60842E-12
  2.300E+00  4.02802E-04  3.58973E-10  1.43687E-10  6.33291E-12  2.53488E-12
  2.400E+00  4.38585E-04  3.29136E-10  1.33936E-10  6.05910E-12  2.46562E-12
  2.500E+00  4.75889E-04  3.02818E-10  1.25169E-10  5.80701E-12  2.40029E-12
  2.600E+00  5.14715E-04  2.79493E-10  1.17258E-10  5.57421E-12  2.33858E-12
  2.700E+00  5.55063E-04  2.58726E-10  1.10094E-10  5.35861E-12  2.28018E-12
  2.800E+00  5.96931E-04  2.40160E-10  1.03584E-10  5.15841E-12  2.22485E-12
  2.900E+00  6.40321E-04  2.23497E-10  9.76496E-11  4.97205E-12  2.17234E-12
  3.000E+00  6.85233E-04  2.08487E-10  9.22249E-11  4.79818E-12  2.12245E-12
  3.100E+00  7.31665E-04  1.94920E-10  8.72522E-11  4.63559E-12  2.07499E-12
  3.200E+00  7.79618E-04  1.82619E-10  8.26820E-11  4.48324E-12  2.02977E-12
  3.300E+00  8.29092E-04  1.71432E-10  7.84715E-11  4.34021E-12  1.98664E-12
  3.400E+00  8.80086E-04  1.61228E-10  7.45833E-11  4.20568E-12  1.94547E-12
  3.500E+00  9.32601E-04  1.51898E-10  7.09851E-11  4.07894E-12  1.90611E-12
  3.600E+00  9.86636E-04  1.43345E-10  6.76483E-11  3.95932E-12  1.86845E-12
  3.700E+00  1.04219E-03  1.35484E-10  6.45478E-11  3.84626E-12  1.83237E-12
  3.800E+00  1.09927E-03  1.28245E-10  6.16616E-11  3.73923E-12  1.79779E-12
  3.900E+00  1.15786E-03  1.21563E-10  5.89701E-11  3.63778E-12  1.76460E-12
  4.000E+00  1.21797E-03  1.15384E-10  5.64559E-11  3.54148E-12  1.73272E-12
  4.100E+00  1.27961E-03  1.09658E-10  5.41035E-11  3.44996E-12  1.70208E-12
  4.200E+00  1.34276E-03  1.04342E-10  5.18993E-11  3.36288E-12  1.67259E-12
  4.300E+00  1.40743E-03  9.93986E-11  4.98307E-11  3.27991E-12  1.64420E-12
  4.400E+00  1.47362E-03  9.47938E-11  4.78869E-11  3.20079E-12  1.61685E-12
  4.500E+00  1.54133E-03  9.04974E-11  4.60577E-11  3.12525E-12  1.59047E-12
  4.600E+00  1.61056E-03  8.64828E-11  4.43343E-11  3.05307E-12  1.56501E-12
  4.700E+00  1.68131E-03  8.27259E-11  4.27084E-11  2.98401E-12  1.54043E-12
  4.800E+00  1.75357E-03  7.92054E-11  4.11729E-11  2.91789E-12  1.51668E-12
  4.900E+00  1.82735E-03  7.59019E-11  3.97209E-11  2.85452E-12  1.49372E-12
  5.000E+00  1.90265E-03  7.27980E-11  3.83466E-11  2.79375E-12  1.47150E-12
  5.100E+00  1.97947E-03  6.98782E-11  3.70442E-11  2.73540E-12  1.44999E-12
  5.200E+00  2.05780E-03  6.71281E-11  3.58089E-11  2.67935E-12  1.42916E-12
  5.300E+00  2.13765E-03  6.45350E-11  3.46361E-11  2.62547E-12  1.40897E-12
  5.400E+00  2.21902E-03  6.20872E-11  3.35215E-11  2.57362E-12  1.38939E-12
  5.500E+00  2.30190E-03  5.97742E-11  3.24613E-11  2.52370E-12  1.37040E-12
  5.600E+00  2.38630E-03  5.75862E-11  3.14520E-11  2.47560E-12  1.35197E-12
  5.700E+00  2.47222E-03  5.55145E-11  3.04903E-11  2.42924E-12  1.33407E-12
  5.800E+00  2.55965E-03  5.35511E-11  2.95732E-11  2.38450E-12  1.31668E-12
  5.900E+00  2.64859E-03  5.16885E-11  2.86979E-11  2.34132E-12  1.29978E-12
  6.000E+00  2.73905E-03  4.99200E-11  2.78620E-11  2.29962E-12  1.28334E-12
  6.100E+00  2.83103E-03  4.82395E-11  2.70630E-11  2.25931E-12  1.26735E-12
  6.200E+00  2.92452E-03  4.66412E-11  2.62989E-11  2.22034E-12  1.25179E-12
  6.300E+00  3.01952E-03  4.51198E-11  2.55674E-11  2.18263E-12  1.23664E-12
  6.400E+00  3.11604E-03  4.36707E-11  2.48669E-11  2.14613E-12  1.22189E-12
  6.500E+00  3.21407E-03  4.22891E-11  2.41955E-11  2.11078E-12  1.20751E-12
  6.600E+00  3.31362E-03  4.09712E-11  2.35517E-11  2.07653E-12  1.19349E-12
  6.700E+00  3.41468E-03  3.97130E-11  2.29339E-11  2.04333E-12  1.17983E-12
  6.800E+00  3.51725E-03  3.85110E-11  2.23406E-11  2.01113E-12  1.16650E-12
  6.900E+00  3.62133E-03  3.73620E-11  2.17707E-11  1.97988E-12  1.15350E-12
  7.000E+00  3.72692E-03  3.62628E-11  2.12229E-11  1.94955E-12  1.14080E-12
  7.100E+00  3.83403E-03  3.52107E-11  2.06961E-11  1.92010E-12  1.12841E-12
  7.200E+00  3.94265E-03  3.42030E-11  2.01891E-11  1.89149E-12  1.11630E-12
  7.300E+00  4.05278E-03  3.32373E-11  1.97009E-11  1.86368E-12  1.10448E-12
  7.400E+00  4.16442E-03  3.23113E-11  1.92307E-11  1.83664E-12  1.09292E-12
  7.500E+00  4.27757E-03  3.14229E-11  1.87776E-11  1.81035E-12  1.08163E-12
  7.600E+00  4.39223E-03  3.05700E-11  1.83407E-11  1.78476E-12  1.07058E-12
  7.700E+00  4.50840E-03  2.97509E-11  1.79192E-11  1.75986E-12  1.05977E-12
  7.800E+00  4.62608E-03  2.89637E-11  1.75124E-11  1.73561E-12  1.04920E-12
  7.900E+00  4.74527E-03  2.82068E-11  1.71197E-11  1.71199E-12  1.03886E-12
  8.000E+00  4.86597E-03  2.74788E-11  1.67404E-11  1.68898E-12  1.02873E-12
  8.100E+00  4.98817E-03  2.67781E-11  1.63738E-11  1.66655E-12  1.01882E-12
  8.200E+00  5.11188E-03  2.61035E-11  1.60195E-11  1.64468E-12  1.00911E-12
  8.300E+00  5.23711E-03  2.54536E-11  1.56767E-11  1.62336E-12  9.99601E-13
  8.400E+00  5.36383E-03  2.48272E-11  1.53452E-11  1.60255E-12  9.90282E-13
  8.500E+00  5.49207E-03  2.42234E-11  1.50243E-11  1.58225E-12  9.81149E-13
  8.600E+00  5.62181E-03  2.36409E-11  1.47135E-11  1.56244E-12  9.72197E-13
  8.700E+00  5.75306E-03  2.30789E-11  1.44126E-11  1.54309E-12  9.63419E-13
  8.800E+00  5.88581E-03  2.25363E-11  1.41210E-11  1.52420E-12  9.54812E-13
  8.900E+00  6.02007E-03  2.20123E-11  1.38384E-11  1.50574E-12  9.46369E-13
  9.000E+00  6.15583E-03  2.15061E-11  1.35643E-11  1.48770E-12  9.38085E-13
  9.100E+00  6.29310E-03  2.10168E-11  1.32985E-11  1.47007E-12  9.29957E-13
  9.200E+00  6.43187E-03  2.05438E-11  1.30407E-11  1.45283E-12  9.21979E-13
  9.300E+00  6.57214E-03  2.00862E-11  1.27904E-11  1.43598E-12  9.14148E-13
  9.400E+00  6.71392E-03  1.96436E-11  1.25474E-11  1.41949E-12  9.06459E-13
  9.500E+00  6.85720E-03  1.92151E-11  1.23114E-11  1.40336E-12  8.98908E-13
  9.600E+00  7.00198E-03  1.88003E-11  1.20822E-11  1.38758E-12  8.91492E-13
  9.700E+00  7.14827E-03  1.83985E-11  1.18595E-11  1.37213E-12  8.84206E-13
  9.800E+00  7.29605E-03  1.80092E-11  1.16430E-11  1.35701E-12  8.77047E-13
  9.900E+00  7.44534E-03  1.76320E-11  1.14325E-11  1.34220E-12  8.70012E-13
  1.000E+01  7.59612E-03  1.72662E-11  1.12277E-11  1.32769E-12  8.63098E-13
  1.025E+01  7.97965E-03  1.63993E-11  1.07399E-11  1.29270E-12  8.46318E-13
  1.050E+01  8.37255E-03  1.55949E-11  1.02837E-11  1.25943E-12  8.30225E-13
  1.075E+01  8.77480E-03  1.48473E-11  9.85664E-12  1.22775E-12  8.14775E-13
  1.100E+01  9.18641E-03  1.41512E-11  9.45612E-12  1.19754E-12  7.99930E-13
  1.125E+01  9.60736E-03  1.35021E-11  9.07999E-12  1.16872E-12  7.85654E-13
  1.150E+01  1.00376E-02  1.28958E-11  8.72628E-12  1.14119E-12  7.71912E-13
  1.175E+01  1.04773E-02  1.23287E-11  8.39323E-12  1.11487E-12  7.58676E-13
  1.200E+01  1.09262E-02  1.17975E-11  8.07923E-12  1.08967E-12  7.45915E-13
  1.225E+01  1.13844E-02  1.12993E-11  7.78283E-12  1.06553E-12  7.33605E-13
  1.250E+01  1.18520E-02  1.08314E-11  7.50274E-12  1.04239E-12  7.21721E-13
  1.275E+01  1.23288E-02  1.03914E-11  7.23775E-12  1.02018E-12  7.10240E-13
  1.300E+01  1.28150E-02  9.97708E-12  6.98679E-12  9.98852E-13  6.99141E-13
  1.325E+01  1.33104E-02  9.58660E-12  6.74887E-12  9.78352E-13  6.88405E-13
  1.350E+01  1.38150E-02  9.21813E-12  6.52310E-12  9.58634E-13  6.78014E-13
  1.375E+01  1.43290E-02  8.87007E-12  6.30864E-12  9.39654E-13  6.67951E-13
  1.400E+01  1.48521E-02  8.54095E-12  6.10474E-12  9.21372E-13  6.58199E-13
  1.425E+01  1.53845E-02  8.22942E-12  5.91072E-12  9.03752E-13  6.48745E-13
  1.450E+01  1.59262E-02  7.93427E-12  5.72593E-12  8.86757E-13  6.39573E-13
  1.475E+01  1.64770E-02  7.65437E-12  5.54980E-12  8.70355E-13  6.30672E-13
  1.500E+01  1.70371E-02  7.38870E-12  5.38178E-12  8.54517E-13  6.22029E-13
  1.525E+01  1.76063E-02  7.13631E-12  5.22138E-12  8.39214E-13  6.13632E-13
  1.550E+01  1.81848E-02  6.89635E-12  5.06813E-12  8.24420E-13  6.05471E-13
  1.575E+01  1.87724E-02  6.66801E-12  4.92161E-12  8.10109E-13  5.97535E-13
  1.600E+01  1.93692E-02  6.45056E-12  4.78143E-12  7.96259E-13  5.89815E-13
  1.625E+01  1.99751E-02  6.24333E-12  4.64722E-12  7.82848E-13  5.82302E-13
  1.650E+01  2.05901E-02  6.04569E-12  4.51865E-12  7.69856E-13  5.74987E-13
  1.675E+01  2.12143E-02  5.85706E-12  4.39539E-12  7.57263E-13  5.67862E-13
  1.700E+01  2.18476E-02  5.67691E-12  4.27716E-12  7.45052E-13  5.60920E-13
  1.725E+01  2.24900E-02  5.50473E-12  4.16369E-12  7.33206E-13  5.54153E-13
  1.750E+01  2.31415E-02  5.34008E-12  4.05471E-12  7.21708E-13  5.47555E-13
  1.775E+01  2.38021E-02  5.18251E-12  3.94999E-12  7.10544E-13  5.41118E-13
  1.800E+01  2.44717E-02  5.03164E-12  3.84930E-12  6.99699E-13  5.34838E-13
  1.825E+01  2.51504E-02  4.88708E-12  3.75245E-12  6.89161E-13  5.28707E-13
  1.850E+01  2.58382E-02  4.74851E-12  3.65924E-12  6.78916E-13  5.22721E-13
  1.875E+01  2.65349E-02  4.61559E-12  3.56947E-12  6.68952E-13  5.16875E-13
  1.900E+01  2.72407E-02  4.48802E-12  3.48299E-12  6.59258E-13  5.11162E-13
  1.925E+01  2.79555E-02  4.36552E-12  3.39964E-12  6.49824E-13  5.05579E-13
  1.950E+01  2.86793E-02  4.24783E-12  3.31925E-12  6.40639E-13  5.00121E-13
  1.975E+01  2.94120E-02  4.13470E-12  3.24170E-12  6.31693E-13  4.94783E-13
  2.000E+01  3.01537E-02  4.02590E-12  3.16684E-12  6.22977E-13  4.89561E-13
  2.025E+01  3.09043E-02  3.92121E-12  3.09456E-12  6.14484E-13  4.84453E-13
  2.050E+01  3.16639E-02  3.82044E-12  3.02473E-12  6.06203E-13  4.79452E-13
  2.075E+01  3.24324E-02  3.72338E-12  2.95725E-12  5.98128E-13  4.74557E-13
  2.100E+01  3.32098E-02  3.62987E-12  2.89200E-12  5.90250E-13  4.69764E-13
  2.125E+01  3.39961E-02  3.53972E-12  2.82889E-12  5.82564E-13  4.65069E-13
  2.150E+01  3.47912E-02  3.45279E-12  2.76783E-12  5.75061E-13  4.60469E-13
  2.175E+01  3.55952E-02  3.36893E-12  2.70872E-12  5.67736E-13  4.55962E-13
  2.200E+01  3.64081E-02  3.28798E-12  2.65149E-12  5.60583E-13  4.51544E-13
  2.225E+01  3.72297E-02  3.20983E-12  2.59604E-12  5.53594E-13  4.47212E-13
  2.250E+01  3.80602E-02  3.13433E-12  2.54232E-12  5.46766E-13  4.42964E-13
  2.275E+01  3.88995E-02  3.06139E-12  2.49025E-12  5.40091E-13  4.38798E-13
  2.300E+01  3.97476E-02  2.99087E-12  2.43975E-12  5.33566E-13  4.34711E-13
  2.325E+01  4.06044E-02  2.92269E-12  2.39077E-12  5.27186E-13  4.30700E-13
  2.350E+01  4.14700E-02  2.85672E-12  2.34325E-12  5.20944E-13  4.26764E-13
  2.375E+01  4.23443E-02  2.79289E-12  2.29712E-12  5.14838E-13  4.22900E-13
  2.400E+01  4.32273E-02  2.73110E-12  2.25234E-12  5.08863E-13  4.19106E-13
  2.425E+01  4.41190E-02  2.67126E-12  2.20884E-12  5.03014E-13  4.15380E-13
  2.450E+01  4.50194E-02  2.61330E-12  2.16658E-12  4.97288E-13  4.11720E-13
  2.475E+01  4.59284E-02  2.55714E-12  2.12552E-12  4.91681E-13  4.08125E-13
  2.500E+01  4.68461E-02  2.50270E-12  2.08561E-12  4.86189E-13  4.04593E-13
  2.550E+01  4.87074E-02  2.39872E-12  2.00905E-12  4.75537E-13  3.97709E-13
  2.600E+01  5.06030E-02  2.30086E-12  1.93660E-12  4.65306E-13  3.91055E-13
  2.650E+01  5.25328E-02  2.20864E-12  1.86795E-12  4.55470E-13  3.84621E-13
  2.700E+01  5.44967E-02  2.12164E-12  1.80286E-12  4.46009E-13  3.78394E-13
  2.750E+01  5.64946E-02  2.03948E-12  1.74106E-12  4.36900E-13  3.72363E-13
  2.800E+01  5.85262E-02  1.96181E-12  1.68234E-12  4.28124E-13  3.66520E-13
  2.850E+01  6.05914E-02  1.88831E-12  1.62650E-12  4.19664E-13  3.60856E-13
  2.900E+01  6.26901E-02  1.81869E-12  1.57334E-12  4.11503E-13  3.55360E-13
  2.950E+01  6.48222E-02  1.75268E-12  1.52271E-12  4.03625E-13  3.50027E-13
  3.000E+01  6.69873E-02  1.69005E-12  1.47443E-12  3.96016E-13  3.44848E-13
  3.050E+01  6.91854E-02  1.63056E-12  1.42836E-12  3.88662E-13  3.39816E-13
  3.100E+01  7.14163E-02  1.57401E-12  1.38437E-12  3.81550E-13  3.34924E-13
  3.150E+01  7.36799E-02  1.52021E-12  1.34234E-12  3.74669E-13  3.30167E-13
  3.200E+01  7.59760E-02  1.46899E-12  1.30214E-12  3.68008E-13  3.25538E-13
  3.250E+01  7.83043E-02  1.42019E-12  1.26367E-12  3.61556E-13  3.21033E-13
  3.300E+01  8.06647E-02  1.37365E-12  1.22684E-12  3.55303E-13  3.16645E-13
  3.350E+01  8.30571E-02  1.32925E-12  1.19155E-12  3.49241E-13  3.12370E-13
  3.400E+01  8.54812E-02  1.28685E-12  1.15771E-12  3.43360E-13  3.08204E-13
  3.450E+01  8.79369E-02  1.24634E-12  1.12524E-12  3.37653E-13  3.04141E-13
  3.500E+01  9.04240E-02  1.20761E-12  1.09407E-12  3.32112E-13  3.00179E-13
  3.550E+01  9.29422E-02  1.17055E-12  1.06414E-12  3.26730E-13  2.96312E-13
  3.600E+01  9.54915E-02  1.13507E-12  1.03537E-12  3.21500E-13  2.92538E-13
  3.650E+01  9.80716E-02  1.10109E-12  1.00771E-12  3.16415E-13  2.88852E-13
  3.700E+01  1.00682E-01  1.06852E-12  9.81094E-13  3.11470E-13  2.85251E-13
  3.750E+01  1.03323E-01  1.03728E-12  9.55476E-13  3.06658E-13  2.81733E-13
  3.800E+01  1.05995E-01  1.00731E-12  9.30805E-13  3.01975E-13  2.78294E-13
  3.850E+01  1.08696E-01  9.78532E-13  9.07033E-13  2.97415E-13  2.74931E-13
  3.900E+01  1.11427E-01  9.50892E-13  8.84118E-13  2.92974E-13  2.71641E-13
  3.950E+01  1.14188E-01  9.24330E-13  8.62018E-13  2.88646E-13  2.68423E-13
  4.000E+01  1.16978E-01  8.98789E-13  8.40695E-13  2.84428E-13  2.65273E-13
  4.050E+01  1.19797E-01  8.74220E-13  8.20111E-13  2.80315E-13  2.62189E-13
  4.100E+01  1.22645E-01  8.50572E-13  8.00234E-13  2.76303E-13  2.59169E-13
  4.150E+01  1.25522E-01  8.27801E-13  7.81030E-13  2.72388E-13  2.56211E-13
  4.200E+01  1.28428E-01  8.05865E-13  7.62469E-13  2.68568E-13  2.53312E-13
  4.250E+01  1.31361E-01  7.84725E-13  7.44523E-13  2.64838E-13  2.50471E-13
  4.300E+01  1.34323E-01  7.64344E-13  7.27165E-13  2.61195E-13  2.47686E-13
  4.350E+01  1.37313E-01  7.44685E-13  7.10368E-13  2.57636E-13  2.44954E-13
  4.400E+01  1.40330E-01  7.25714E-13  6.94109E-13  2.54159E-13  2.42275E-13
  4.450E+01  1.43375E-01  7.07401E-13  6.78365E-13  2.50760E-13  2.39647E-13
  4.500E+01  1.46447E-01  6.89714E-13  6.63113E-13  2.47437E-13  2.37068E-13
  4.550E+01  1.49545E-01  6.72628E-13  6.48334E-13  2.44186E-13  2.34536E-13
  4.600E+01  1.52671E-01  6.56114E-13  6.34008E-13  2.41007E-13  2.32050E-13
  4.650E+01  1.55823E-01  6.40150E-13  6.20116E-13  2.37896E-13  2.29609E-13
  4.700E+01  1.59001E-01  6.24710E-13  6.06642E-13  2.34851E-13  2.27212E-13
  4.750E+01  1.62205E-01  6.09772E-13  5.93568E-13  2.31870E-13  2.24856E-13
  4.800E+01  1.65435E-01  5.95315E-13  5.80878E-13  2.28951E-13  2.22542E-13
  4.850E+01  1.68690E-01  5.81317E-13  5.68557E-13  2.26091E-13  2.20267E-13
  4.900E+01  1.71970E-01  5.67761E-13  5.56591E-13  2.23290E-13  2.18030E-13
  4.950E+01  1.75276E-01  5.54628E-13  5.44967E-13  2.20545E-13  2.15831E-13
  5.000E+01  1.78606E-01  5.41902E-13  5.33671E-13  2.17855E-13  2.13669E-13
  5.050E+01  1.81961E-01  5.29566E-13  5.22692E-13  2.15217E-13  2.11541E-13
  5.100E+01  1.85340E-01  5.17604E-13  5.12016E-13  2.12631E-13  2.09448E-13
  5.150E+01  1.88743E-01  5.06001E-13  5.01634E-13  2.10094E-13  2.07389E-13
  5.200E+01  1.92169E-01  4.94742E-13  4.91534E-13  2.07605E-13  2.05362E-13
  5.250E+01  1.95619E-01  4.83816E-13  4.81706E-13  2.05163E-13  2.03367E-13
  5.300E+01  1.99092E-01  4.73209E-13  4.72141E-13  2.02767E-13  2.01403E-13
  5.350E+01  2.02589E-01  4.62910E-13  4.62829E-13  2.00415E-13  1.99468E-13
  5.400E+01  2.06107E-01  4.52906E-13  4.53761E-13  1.98105E-13  1.97563E-13
  5.450E+01  2.09649E-01  4.43187E-13  4.44929E-13  1.95838E-13  1.95686E-13
  5.500E+01  2.13212E-01  4.33741E-13  4.36325E-13  1.93610E-13  1.93838E-13
  5.550E+01  2.16797E-01  4.24559E-13  4.27940E-13  1.91422E-13  1.92016E-13
  5.600E+01  2.20404E-01  4.15631E-13  4.19767E-13  1.89272E-13  1.90220E-13
  5.650E+01  2.24032E-01  4.06948E-13  4.11800E-13  1.87160E-13  1.88450E-13
  5.700E+01  2.27680E-01  3.98503E-13  4.04031E-13  1.85083E-13  1.86706E-13
  5.750E+01  2.31350E-01  3.90285E-13  3.96454E-13  1.83042E-13  1.84986E-13
  5.800E+01  2.35040E-01  3.82288E-13  3.89062E-13  1.81035E-13  1.83289E-13
  5.850E+01  2.38751E-01  3.74502E-13  3.81850E-13  1.79062E-13  1.81616E-13
  5.900E+01  2.42481E-01  3.66921E-13  3.74811E-13  1.77120E-13  1.79966E-13
  5.950E+01  2.46231E-01  3.59538E-13  3.67941E-13  1.75211E-13  1.78337E-13
  6.000E+01  2.50000E-01  3.52347E-13  3.61233E-13  1.73332E-13  1.76731E-13
  6.050E+01  2.53788E-01  3.45340E-13  3.54684E-13  1.71484E-13  1.75145E-13
  6.100E+01  2.57595E-01  3.38513E-13  3.48287E-13  1.69664E-13  1.73580E-13
  6.150E+01  2.61421E-01  3.31859E-13  3.42038E-13  1.67873E-13  1.72036E-13
  6.200E+01  2.65264E-01  3.25371E-13  3.35933E-13  1.66110E-13  1.70511E-13
  6.250E+01  2.69126E-01  3.19045E-13  3.29966E-13  1.64374E-13  1.69005E-13
  6.300E+01  2.73005E-01  3.12874E-13  3.24135E-13  1.62665E-13  1.67518E-13
  6.350E+01  2.76901E-01  3.06856E-13  3.18435E-13  1.60981E-13  1.66050E-13
  6.400E+01  2.80814E-01  3.00984E-13  3.12862E-13  1.59322E-13  1.64600E-13
  6.450E+01  2.84744E-01  2.95255E-13  3.07412E-13  1.57688E-13  1.63167E-13
  6.500E+01  2.88691E-01  2.89664E-13  3.02082E-13  1.56078E-13  1.61751E-13
  6.550E+01  2.92653E-01  2.84205E-13  2.96868E-13  1.54492E-13  1.60352E-13
  6.600E+01  2.96632E-01  2.78875E-13  2.91768E-13  1.52928E-13  1.58970E-13
  6.650E+01  3.00625E-01  2.73670E-13  2.86776E-13  1.51386E-13  1.57604E-13
  6.700E+01  3.04634E-01  2.68587E-13  2.81892E-13  1.49867E-13  1.56254E-13
  6.750E+01  3.08658E-01  2.63621E-13  2.77111E-13  1.48368E-13  1.54919E-13
  6.800E+01  3.12697E-01  2.58771E-13  2.72431E-13  1.46891E-13  1.53599E-13
  6.850E+01  3.16749E-01  2.54031E-13  2.67849E-13  1.45434E-13  1.52294E-13
  6.900E+01  3.20816E-01  2.49399E-13  2.63362E-13  1.43996E-13  1.51003E-13
  6.950E+01  3.24896E-01  2.44871E-13  2.58967E-13  1.42579E-13  1.49727E-13
  7.000E+01  3.28990E-01  2.40443E-13  2.54663E-13  1.41180E-13  1.48465E-13
  7.050E+01  3.33097E-01  2.36113E-13  2.50446E-13  1.39799E-13  1.47216E-13
  7.100E+01  3.37216E-01  2.31881E-13  2.46315E-13  1.38437E-13  1.45981E-13
  7.150E+01  3.41348E-01  2.27743E-13  2.42267E-13  1.37093E-13  1.44758E-13
  7.200E+01  3.45492E-01  2.23695E-13  2.38300E-13  1.35766E-13  1.43549E-13
  7.250E+01  3.49647E-01  2.19732E-13  2.34411E-13  1.34456E-13  1.42352E-13
  7.300E+01  3.53814E-01  2.15854E-13  2.30599E-13  1.33162E-13  1.41168E-13
  7.350E+01  3.57992E-01  2.12060E-13  2.26862E-13  1.31885E-13  1.39995E-13
  7.400E+01  3.62181E-01  2.08348E-13  2.23198E-13  1.30624E-13  1.38834E-13
  7.450E+01  3.66381E-01  2.04714E-13  2.19605E-13  1.29379E-13  1.37685E-13
  7.500E+01  3.70590E-01  2.01157E-13  2.16082E-13  1.28148E-13  1.36548E-13
  7.550E+01  3.74810E-01  1.97673E-13  2.12625E-13  1.26933E-13  1.35421E-13
  7.600E+01  3.79039E-01  1.94261E-13  2.09235E-13  1.25732E-13  1.34306E-13
  7.650E+01  3.83277E-01  1.90920E-13  2.05908E-13  1.24546E-13  1.33201E-13
  7.700E+01  3.87524E-01  1.87647E-13  2.02645E-13  1.23374E-13  1.32107E-13
  7.750E+01  3.91780E-01  1.84442E-13  1.99442E-13  1.22216E-13  1.31023E-13
  7.800E+01  3.96044E-01  1.81302E-13  1.96299E-13  1.21071E-13  1.29950E-13
  7.850E+01  4.00316E-01  1.78225E-13  1.93214E-13  1.19939E-13  1.28886E-13
  7.900E+01  4.04596E-01  1.75209E-13  1.90186E-13  1.18820E-13  1.27832E-13
  7.950E+01  4.08882E-01  1.72253E-13  1.87214E-13  1.17714E-13  1.26788E-13
  8.000E+01  4.13176E-01  1.69356E-13  1.84295E-13  1.16620E-13  1.25753E-13
  8.050E+01  4.17476E-01  1.66516E-13  1.81429E-13  1.15539E-13  1.24728E-13
  8.100E+01  4.21783E-01  1.63732E-13  1.78615E-13  1.14470E-13  1.23711E-13
  8.150E+01  4.26095E-01  1.61003E-13  1.75852E-13  1.13412E-13  1.22704E-13
  8.200E+01  4.30413E-01  1.58326E-13  1.73137E-13  1.12366E-13  1.21705E-13
  8.250E+01  4.34737E-01  1.55701E-13  1.70471E-13  1.11331E-13  1.20715E-13
  8.300E+01  4.39065E-01  1.53126E-13  1.67852E-13  1.10307E-13  1.19733E-13
  8.350E+01  4.43398E-01  1.50601E-13  1.65279E-13  1.09294E-13  1.18760E-13
  8.400E+01  4.47736E-01  1.48123E-13  1.62751E-13  1.08292E-13  1.17795E-13
  8.450E+01  4.52077E-01  1.45692E-13  1.60267E-13  1.07300E-13  1.16838E-13
  8.500E+01  4.56422E-01  1.43308E-13  1.57825E-13  1.06319E-13  1.15889E-13
  8.550E+01  4.60770E-01  1.40968E-13  1.55426E-13  1.05347E-13  1.14948E-13
  8.600E+01  4.65122E-01  1.38671E-13  1.53068E-13  1.04386E-13  1.14014E-13
  8.650E+01  4.69476E-01  1.36417E-13  1.50750E-13  1.03434E-13  1.13088E-13
  8.700E+01  4.73832E-01  1.34204E-13  1.48472E-13  1.02492E-13  1.12169E-13
  8.750E+01  4.78190E-01  1.32032E-13  1.46232E-13  1.01559E-13  1.11257E-13
  8.800E+01  4.82550E-01  1.29900E-13  1.44030E-13  1.00635E-13  1.10353E-13
  8.850E+01  4.86912E-01  1.27807E-13  1.41865E-13  9.97200E-14  1.09455E-13
  8.900E+01  4.91274E-01  1.25752E-13  1.39735E-13  9.88140E-14  1.08565E-13
  8.950E+01  4.95637E-01  1.23733E-13  1.37642E-13  9.79168E-14  1.07681E-13
  9.000E+01  5.00000E-01  1.21751E-13  1.35582E-13  9.70282E-14  1.06804E-13
  9.050E+01  5.04363E-01  1.19804E-13  1.33557E-13  9.61479E-14  1.05933E-13
  9.100E+01  5.08726E-01  1.17892E-13  1.31565E-13  9.52758E-14  1.05069E-13
  9.150E+01  5.13088E-01  1.16014E-13  1.29606E-13  9.44119E-14  1.04212E-13
  9.200E+01  5.17450E-01  1.14169E-13  1.27678E-13  9.35559E-14  1.03360E-13
  9.250E+01  5.21810E-01  1.12356E-13  1.25782E-13  9.27077E-14  1.02515E-13
  9.300E+01  5.26168E-01  1.10576E-13  1.23916E-13  9.18672E-14  1.01675E-13
  9.350E+01  5.30524E-01  1.08826E-13  1.22081E-13  9.10343E-14  1.00842E-13
  9.400E+01  5.34878E-01  1.07106E-13  1.20274E-13  9.02087E-14  1.00015E-13
  9.450E+01  5.39230E-01  1.05416E-13  1.18497E-13  8.93905E-14  9.91928E-14
  9.500E+01  5.43578E-01  1.03755E-13  1.16748E-13  8.85794E-14  9.83767E-14
  9.550E+01  5.47923E-01  1.02123E-13  1.15027E-13  8.77754E-14  9.75662E-14
  9.600E+01  5.52264E-01  1.00519E-13  1.13332E-13  8.69783E-14  9.67611E-14
  9.650E+01  5.56602E-01  9.89422E-14  1.11665E-13  8.61880E-14  9.59615E-14
  9.700E+01  5.60935E-01  9.73920E-14  1.10024E-13  8.54044E-14  9.51672E-14
  9.750E+01  5.65263E-01  9.58679E-14  1.08408E-13  8.46274E-14  9.43781E-14
  9.800E+01  5.69587E-01  9.43694E-14  1.06817E-13  8.38569E-14  9.35942E-14
  9.850E+01  5.73905E-01  9.28961E-14  1.05252E-13  8.30927E-14  9.28154E-14
  9.900E+01  5.78217E-01  9.14475E-14  1.03710E-13  8.23348E-14  9.20415E-14
  9.950E+01  5.82524E-01  9.00232E-14  1.02192E-13  8.15830E-14  9.12726E-14
  1.000E+02  5.86824E-01  8.86225E-14  1.00698E-13  8.08373E-14  9.05085E-14
  1.005E+02  5.91118E-01  8.72449E-14  9.92266E-14  8.00976E-14  8.97492E-14
  1.010E+02  5.95404E-01  8.58901E-14  9.77777E-14  7.93637E-14  8.89945E-14
  1.015E+02  5.99684E-01  8.45575E-14  9.63508E-14  7.86355E-14  8.82445E-14
  1.020E+02  6.03956E-01  8.32467E-14  9.49457E-14  7.79131E-14  8.74991E-14
  1.025E+02  6.08220E-01  8.19574E-14  9.35620E-14  7.71962E-14  8.67581E-14
  1.030E+02  6.12476E-01  8.06892E-14  9.21992E-14  7.64848E-14  8.60216E-14
  1.035E+02  6.16723E-01  7.94417E-14  9.08570E-14  7.57787E-14  8.52894E-14
  1.040E+02  6.20961E-01  7.82144E-14  8.95350E-14  7.50780E-14  8.45615E-14
  1.045E+02  6.25190E-01  7.70068E-14  8.82328E-14  7.43826E-14  8.38378E-14
  1.050E+02  6.29410E-01  7.58187E-14  8.69502E-14  7.36922E-14  8.31182E-14
  1.055E+02  6.33619E-01  7.46497E-14  8.56867E-14  7.30070E-14  8.24028E-14
  1.060E+02  6.37819E-01  7.34994E-14  8.44421E-14  7.23267E-14  8.16914E-14
  1.065E+02  6.42008E-01  7.23676E-14  8.32161E-14  7.16513E-14  8.09840E-14
  1.070E+02  6.46186E-01  7.12539E-14  8.20083E-14  7.09807E-14  8.02805E-14
  1.075E+02  6.50353E-01  7.01580E-14  8.08184E-14  7.03149E-14  7.95808E-14
  1.080E+02  6.54508E-01  6.90794E-14  7.96461E-14  6.96537E-14  7.88850E-14
  1.085E+02  6.58652E-01  6.80178E-14  7.84911E-14  6.89972E-14  7.81929E-14
  1.090E+02  6.62784E-01  6.69731E-14  7.73532E-14  6.83452E-14  7.75045E-14
  1.095E+02  6.66903E-01  6.59448E-14  7.62320E-14  6.76976E-14  7.68197E-14
  1.100E+02  6.71010E-01  6.49328E-14  7.51273E-14  6.70544E-14  7.61385E-14
  1.105E+02  6.75104E-01  6.39367E-14  7.40388E-14  6.64155E-14  7.54608E-14
  1.110E+02  6.79184E-01  6.29563E-14  7.29663E-14  6.57809E-14  7.47866E-14
  1.115E+02  6.83251E-01  6.19912E-14  7.19095E-14  6.51505E-14  7.41159E-14
  1.120E+02  6.87303E-01  6.10412E-14  7.08682E-14  6.45242E-14  7.34485E-14
  1.125E+02  6.91342E-01  6.01059E-14  6.98420E-14  6.39020E-14  7.27844E-14
  1.130E+02  6.95366E-01  5.91852E-14  6.88308E-14  6.32837E-14  7.21237E-14
  1.135E+02  6.99375E-01  5.82789E-14  6.78344E-14  6.26694E-14  7.14661E-14
  1.140E+02  7.03368E-01  5.73868E-14  6.68524E-14  6.20589E-14  7.08118E-14
  1.145E+02  7.07347E-01  5.65085E-14  6.58848E-14  6.14523E-14  7.01606E-14
  1.150E+02  7.11309E-01  5.56438E-14  6.49312E-14  6.08494E-14  6.95124E-14
  1.155E+02  7.15256E-01  5.47925E-14  6.39915E-14  6.02502E-14  6.88674E-14
  1.160E+02  7.19186E-01  5.39542E-14  6.30654E-14  5.96547E-14  6.82253E-14
  1.165E+02  7.23099E-01  5.31290E-14  6.21527E-14  5.90627E-14  6.75862E-14
  1.170E+02  7.26995E-01  5.23165E-14  6.12533E-14  5.84743E-14  6.69500E-14
  1.175E+02  7.30874E-01  5.15166E-14  6.03669E-14  5.78893E-14  6.63167E-14
  1.180E+02  7.34736E-01  5.07290E-14  5.94934E-14  5.73078E-14  6.56862E-14
  1.185E+02  7.38579E-01  4.99536E-14  5.86326E-14  5.67296E-14  6.50585E-14
  1.190E+02  7.42405E-01  4.91901E-14  5.77842E-14  5.61548E-14  6.44336E-14
  1.195E+02  7.46212E-01  4.84382E-14  5.69481E-14  5.55832E-14  6.38114E-14
  1.200E+02  7.50000E-01  4.76980E-14  5.61241E-14  5.50148E-14  6.31918E-14
  1.205E+02  7.53769E-01  4.69691E-14  5.53120E-14  5.44496E-14  6.25749E-14
  1.210E+02  7.57519E-01  4.62515E-14  5.45118E-14  5.38876E-14  6.19606E-14
  1.215E+02  7.61249E-01  4.55450E-14  5.37232E-14  5.33286E-14  6.13489E-14
  1.220E+02  7.64960E-01  4.48494E-14  5.29460E-14  5.27726E-14  6.07397E-14
  1.225E+02  7.68650E-01  4.41644E-14  5.21802E-14  5.22196E-14  6.01329E-14
  1.230E+02  7.72320E-01  4.34899E-14  5.14254E-14  5.16696E-14  5.95286E-14
  1.235E+02  7.75968E-01  4.28257E-14  5.06816E-14  5.11224E-14  5.89268E-14
  1.240E+02  7.79596E-01  4.21718E-14  4.99487E-14  5.05781E-14  5.83273E-14
  1.245E+02  7.83203E-01  4.15281E-14  4.92265E-14  5.00366E-14  5.77301E-14
  1.250E+02  7.86788E-01  4.08943E-14  4.85148E-14  4.94978E-14  5.71353E-14
  1.255E+02  7.90351E-01  4.02703E-14  4.78136E-14  4.89618E-14  5.65427E-14
  1.260E+02  7.93893E-01  3.96559E-14  4.71226E-14  4.84284E-14  5.59524E-14
  1.265E+02  7.97411E-01  3.90509E-14  4.64417E-14  4.78977E-14  5.53643E-14
  1.270E+02  8.00908E-01  3.84553E-14  4.57709E-14  4.73696E-14  5.47784E-14
  1.275E+02  8.04381E-01  3.78689E-14  4.51099E-14  4.68440E-14  5.41946E-14
  1.280E+02  8.07831E-01  3.72917E-14  4.44587E-14  4.63210E-14  5.36129E-14
  1.285E+02  8.11257E-01  3.67235E-14  4.38171E-14  4.58004E-14  5.30333E-14
  1.290E+02  8.14660E-01  3.61642E-14  4.31851E-14  4.52823E-14  5.24558E-14
  1.295E+02  8.18039E-01  3.56135E-14  4.25624E-14  4.47665E-14  5.18803E-14
  1.300E+02  8.21394E-01  3.50715E-14  4.19490E-14  4.42532E-14  5.13068E-14
  1.305E+02  8.24724E-01  3.45378E-14  4.13447E-14  4.37421E-14  5.07353E-14
  1.310E+02  8.28030E-01  3.40125E-14  4.07495E-14  4.32334E-14  5.01656E-14
  1.315E+02  8.31310E-01  3.34956E-14  4.01632E-14  4.27269E-14  4.95979E-14
  1.320E+02  8.34565E-01  3.29869E-14  3.95858E-14  4.22226E-14  4.90321E-14
  1.325E+02  8.37795E-01  3.24862E-14  3.90172E-14  4.17205E-14  4.84681E-14
  1.330E+02  8.40999E-01  3.19935E-14  3.84571E-14  4.12206E-14  4.79060E-14
  1.335E+02  8.44177E-01  3.15085E-14  3.79055E-14  4.07228E-14  4.73456E-14
  1.340E+02  8.47329E-01  3.10312E-14  3.73624E-14  4.02271E-14  4.67870E-14
  1.345E+02  8.50455E-01  3.05616E-14  3.68276E-14  3.97334E-14  4.62301E-14
  1.350E+02  8.53553E-01  3.00995E-14  3.63011E-14  3.92417E-14  4.56750E-14
  1.355E+02  8.56625E-01  2.96450E-14  3.57827E-14  3.87520E-14  4.51215E-14
  1.360E+02  8.59670E-01  2.91978E-14  3.52723E-14  3.82643E-14  4.45697E-14
  1.365E+02  8.62687E-01  2.87579E-14  3.47699E-14  3.77785E-14  4.40195E-14
  1.370E+02  8.65677E-01  2.83251E-14  3.42754E-14  3.72946E-14  4.34710E-14
  1.375E+02  8.68639E-01  2.78994E-14  3.37887E-14  3.68126E-14  4.29240E-14
  1.380E+02  8.71572E-01  2.74806E-14  3.33096E-14  3.63324E-14  4.23785E-14
  1.385E+02  8.74478E-01  2.70688E-14  3.28382E-14  3.58540E-14  4.18347E-14
  1.390E+02  8.77355E-01  2.66639E-14  3.23744E-14  3.53773E-14  4.12923E-14
  1.395E+02  8.80203E-01  2.62658E-14  3.19180E-14  3.49024E-14  4.07514E-14
  1.400E+02  8.83022E-01  2.58744E-14  3.14691E-14  3.44293E-14  4.02119E-14
  1.405E+02  8.85812E-01  2.54895E-14  3.10274E-14  3.39578E-14  3.96739E-14
  1.410E+02  8.88573E-01  2.51111E-14  3.05929E-14  3.34879E-14  3.91373E-14
  1.415E+02  8.91304E-01  2.47391E-14  3.01657E-14  3.30197E-14  3.86021E-14
  1.420E+02  8.94005E-01  2.43735E-14  2.97455E-14  3.25531E-14  3.80683E-14
  1.425E+02  8.96677E-01  2.40143E-14  2.93323E-14  3.20881E-14  3.75358E-14
  1.430E+02  8.99318E-01  2.36615E-14  2.89262E-14  3.16246E-14  3.70047E-14
  1.435E+02  9.01928E-01  2.33149E-14  2.85269E-14  3.11626E-14  3.64748E-14
  1.440E+02  9.04508E-01  2.29743E-14  2.81345E-14  3.07021E-14  3.59462E-14
  1.445E+02  9.07058E-01  2.26394E-14  2.77488E-14  3.02431E-14  3.54189E-14
  1.450E+02  9.09576E-01  2.23107E-14  2.73697E-14  2.97856E-14  3.48928E-14
  1.455E+02  9.12063E-01  2.19880E-14  2.69974E-14  2.93294E-14  3.43679E-14
  1.460E+02  9.14519E-01  2.16713E-14  2.66317E-14  2.88746E-14  3.38442E-14
  1.465E+02  9.16943E-01  2.13604E-14  2.62724E-14  2.84212E-14  3.33217E-14
  1.470E+02  9.19335E-01  2.10552E-14  2.59197E-14  2.79692E-14  3.28003E-14
  1.475E+02  9.21696E-01  2.07555E-14  2.55733E-14  2.75184E-14  3.22801E-14
  1.480E+02  9.24024E-01  2.04615E-14  2.52333E-14  2.70690E-14  3.17609E-14
  1.485E+02  9.26320E-01  2.01731E-14  2.48996E-14  2.66208E-14  3.12429E-14
  1.490E+02  9.28584E-01  1.98902E-14  2.45721E-14  2.61739E-14  3.07259E-14
  1.495E+02  9.30815E-01  1.96130E-14  2.42509E-14  2.57281E-14  3.02100E-14
  1.500E+02  9.33013E-01  1.93411E-14  2.39358E-14  2.52836E-14  2.96951E-14
  1.505E+02  9.35178E-01  1.90747E-14  2.36268E-14  2.48402E-14  2.91812E-14
  1.510E+02  9.37310E-01  1.88135E-14  2.33239E-14  2.43980E-14  2.86683E-14
  1.515E+02  9.39409E-01  1.85575E-14  2.30269E-14  2.39569E-14  2.81563E-14
  1.520E+02  9.41474E-01  1.83068E-14  2.27359E-14  2.35169E-14  2.76453E-14
  1.525E+02  9.43505E-01  1.80612E-14  2.24508E-14  2.30780E-14  2.71353E-14
  1.530E+02  9.45503E-01  1.78210E-14  2.21716E-14  2.26402E-14  2.66261E-14
  1.535E+02  9.47467E-01  1.75859E-14  2.18983E-14  2.22034E-14  2.61179E-14
  1.540E+02  9.49397E-01  1.73558E-14  2.16307E-14  2.17676E-14  2.56105E-14
  1.545E+02  9.51293E-01  1.71307E-14  2.13689E-14  2.13328E-14  2.51039E-14
  1.550E+02  9.53154E-01  1.69105E-14  2.11128E-14  2.08989E-14  2.45982E-14
  1.555E+02  9.54981E-01  1.66953E-14  2.08623E-14  2.04660E-14  2.40934E-14
  1.560E+02  9.56773E-01  1.64850E-14  2.06175E-14  2.00341E-14  2.35893E-14
  1.565E+02  9.58530E-01  1.62796E-14  2.03782E-14  1.96030E-14  2.30860E-14
  1.570E+02  9.60252E-01  1.60792E-14  2.01446E-14  1.91728E-14  2.25835E-14
  1.575E+02  9.61940E-01  1.58835E-14  1.99165E-14  1.87435E-14  2.20817E-14
  1.580E+02  9.63592E-01  1.56926E-14  1.96938E-14  1.83150E-14  2.15806E-14
  1.585E+02  9.65209E-01  1.55064E-14  1.94766E-14  1.78874E-14  2.10803E-14
  1.590E+02  9.66790E-01  1.53248E-14  1.92648E-14  1.74605E-14  2.05806E-14
  1.595E+02  9.68336E-01  1.51479E-14  1.90584E-14  1.70345E-14  2.00816E-14
  1.600E+02  9.69846E-01  1.49757E-14  1.88574E-14  1.66092E-14  1.95833E-14
  1.605E+02  9.71321E-01  1.48082E-14  1.86617E-14  1.61846E-14  1.90856E-14
  1.610E+02  9.72759E-01  1.46454E-14  1.84714E-14  1.57607E-14  1.85886E-14
  1.615E+02  9.74162E-01  1.44870E-14  1.82863E-14  1.53376E-14  1.80921E-14
  1.620E+02  9.75528E-01  1.43331E-14  1.81064E-14  1.49151E-14  1.75963E-14
  1.625E+02  9.76858E-01  1.41837E-14  1.79318E-14  1.44933E-14  1.71010E-14
  1.630E+02  9.78152E-01  1.40387E-14  1.77624E-14  1.40722E-14  1.66062E-14
  1.635E+02  9.79410E-01  1.38983E-14  1.75981E-14  1.36516E-14  1.61120E-14
  1.640E+02  9.80631E-01  1.37624E-14  1.74390E-14  1.32317E-14  1.56184E-14
  1.645E+02  9.81815E-01  1.36309E-14  1.72851E-14  1.28123E-14  1.51252E-14
  1.650E+02  9.82963E-01  1.35038E-14  1.71362E-14  1.23935E-14  1.46325E-14
  1.655E+02  9.84074E-01  1.33810E-14  1.69924E-14  1.19753E-14  1.41403E-14
  1.660E+02  9.85148E-01  1.32624E-14  1.68537E-14  1.15576E-14  1.36486E-14
  1.665E+02  9.86185E-01  1.31482E-14  1.67200E-14  1.11403E-14  1.31573E-14
  1.670E+02  9.87185E-01  1.30383E-14  1.65914E-14  1.07236E-14  1.26664E-14
  1.675E+02  9.88148E-01  1.29329E-14  1.64677E-14  1.03074E-14  1.21759E-14
  1.680E+02  9.89074E-01  1.28318E-14  1.63491E-14  9.89156E-15  1.16858E-14
  1.685E+02  9.89962E-01  1.27349E-14  1.62354E-14  9.47619E-15  1.11961E-14
  1.690E+02  9.90814E-01  1.26421E-14  1.61267E-14  9.06123E-15  1.07068E-14
  1.695E+02  9.91627E-01  1.25535E-14  1.60229E-14  8.64667E-15  1.02177E-14
  1.700E+02  9.92404E-01  1.24691E-14  1.59240E-14  8.23248E-15  9.72906E-15
  1.705E+02  9.93143E-01  1.23889E-14  1.58300E-14  7.81865E-15  9.24069E-15
  1.710E+02  9.93844E-01  1.23131E-14  1.57410E-14  7.40516E-15  8.75262E-15
  1.715E+02  9.94508E-01  1.22414E-14  1.56568E-14  6.99199E-15  8.26483E-15
  1.720E+02  9.95134E-01  1.21740E-14  1.55776E-14  6.57913E-15  7.77730E-15
  1.725E+02  9.95722E-01  1.21106E-14  1.55031E-14  6.16656E-15  7.29002E-15
  1.730E+02  9.96273E-01  1.20512E-14  1.54335E-14  5.75425E-15  6.80297E-15
  1.735E+02  9.96786E-01  1.19959E-14  1.53688E-14  5.34219E-15  6.31614E-15
  1.740E+02  9.97261E-01  1.19448E-14  1.53088E-14  4.93036E-15  5.82951E-15
  1.745E+02  9.97698E-01  1.18979E-14  1.52537E-14  4.51875E-15  5.34306E-15
  1.750E+02  9.98097E-01  1.18552E-14  1.52035E-14  4.10733E-15  4.85679E-15
  1.755E+02  9.98459E-01  1.18166E-14  1.51581E-14  3.69609E-15  4.37067E-15
  1.760E+02  9.98782E-01  1.17821E-14  1.51174E-14  3.28501E-15  3.88469E-15
  1.765E+02  9.99067E-01  1.17514E-14  1.50816E-14  2.87408E-15  3.39883E-15
  1.770E+02  9.99315E-01  1.17248E-14  1.50504E-14  2.46327E-15  2.91309E-15
  1.775E+02  9.99524E-01  1.17022E-14  1.50241E-14  2.05256E-15  2.42743E-15
  1.780E+02  9.99695E-01  1.16839E-14  1.50026E-14  1.64194E-15  1.94185E-15
  1.785E+02  9.99829E-01  1.16699E-14  1.49859E-14  1.23139E-15  1.45633E-15
  1.790E+02  9.99924E-01  1.16601E-14  1.49741E-14  8.20893E-16  9.70862E-16
  1.795E+02  9.99981E-01  1.16542E-14  1.49670E-14  4.10436E-16  4.85423E-16
  1.800E+02  1.00000E+00  1.16525E-14  1.49646E-14  5.75977E-30  6.81211E-30
