 #
 # Subroutine ELSEPA. Elastic scattering of electrons and positrons
 #                    by neutral atoms and positive ions
 #
 # Projectile: electron
 # Kinetic energy = 3.70000E+06 eV = 1.35973E+05 a.u.
 #
 # Element:  I,  Z =  53,  atomic weight = 1.26904E+02 g/mol
 #
 # Nuclear model: Fermi distribution
 #                Average radius = 5.37703E-13 cm
 #                Skin thickness = 5.46000E-14 cm
 #
 # Number of electrons = 53
 #
 # Electron density: Read from file z_053.den   
 #                   Number of data points =  749
 #                   Volume integral = 5.30000E+01
 #
 # Furness-McCarthy exchange potential
 #
 # Total elastic cross section = 5.80420E-18 cm**2 = 2.07272E-01 a0**2
 # 1st transport cross section = 2.49328E-22 cm**2 = 8.90365E-06 a0**2
 # 2nd transport cross section = 6.90065E-22 cm**2 = 2.46427E-05 a0**2
 #
 #
 # Differential cross section:                       MU=(1-COS(THETA))/2
 #
 #  THETA        MU          DCS          DCS        Sherman      error
 #  (deg)                 (cm**2/sr)   (a0**2/sr)    function
 #----------------------------------------------------------------------
  0.000E+00  0.00000E+00  7.82402E-13  2.79401E+04  0.00000E+00  1.0E-07
  1.000E-04  7.61557E-13  7.82400E-13  2.79400E+04  0.00000E+00  1.0E-07
  1.250E-04  1.18994E-12  7.82398E-13  2.79400E+04  0.00000E+00  1.0E-07
  1.500E-04  1.71346E-12  7.82397E-13  2.79399E+04  0.00000E+00  1.0E-07
  1.750E-04  2.33225E-12  7.82395E-13  2.79398E+04  0.00000E+00  1.0E-07
  2.000E-04  3.04617E-12  7.82392E-13  2.79397E+04  0.00000E+00  1.0E-07
  2.250E-04  3.85530E-12  7.82390E-13  2.79396E+04  0.00000E+00  1.0E-07
  2.500E-04  4.75964E-12  7.82387E-13  2.79395E+04  0.00000E+00  1.0E-07
  2.750E-04  5.75917E-12  7.82383E-13  2.79394E+04  0.00000E+00  1.0E-07
  3.000E-04  6.85391E-12  7.82380E-13  2.79393E+04  0.00000E+00  1.0E-07
  3.250E-04  8.04379E-12  7.82376E-13  2.79392E+04  0.00000E+00  1.0E-07
  3.500E-04  9.32893E-12  7.82372E-13  2.79390E+04  0.00000E+00  1.0E-07
  3.750E-04  1.07092E-11  7.82367E-13  2.79388E+04  0.00000E+00  1.0E-07
  4.000E-04  1.21847E-11  7.82362E-13  2.79387E+04  0.00000E+00  1.0E-07
  4.250E-04  1.37554E-11  7.82357E-13  2.79385E+04  0.00000E+00  1.0E-07
  4.500E-04  1.54213E-11  7.82352E-13  2.79383E+04  0.00000E+00  1.0E-07
  4.750E-04  1.71823E-11  7.82346E-13  2.79381E+04  0.00000E+00  1.0E-07
  5.000E-04  1.90386E-11  7.82340E-13  2.79379E+04  0.00000E+00  1.0E-07
  5.250E-04  2.09900E-11  7.82333E-13  2.79376E+04  0.00000E+00  1.0E-07
  5.500E-04  2.30367E-11  7.82327E-13  2.79374E+04  0.00000E+00  1.0E-07
  5.750E-04  2.51785E-11  7.82320E-13  2.79371E+04  0.00000E+00  1.0E-07
  6.000E-04  2.74156E-11  7.82312E-13  2.79369E+04  0.00000E+00  1.0E-07
  6.250E-04  2.97478E-11  7.82305E-13  2.79366E+04  0.00000E+00  1.0E-07
  6.500E-04  3.21752E-11  7.82297E-13  2.79363E+04  0.00000E+00  1.0E-07
  6.750E-04  3.46979E-11  7.82288E-13  2.79360E+04  0.00000E+00  1.0E-07
  7.000E-04  3.73157E-11  7.82280E-13  2.79357E+04  0.00000E+00  1.0E-07
  7.250E-04  4.00286E-11  7.82271E-13  2.79354E+04  0.00000E+00  1.0E-07
  7.500E-04  4.28368E-11  7.82262E-13  2.79351E+04  0.00000E+00  1.0E-07
  7.750E-04  4.57402E-11  7.82252E-13  2.79347E+04  0.00000E+00  1.0E-07
  8.000E-04  4.87388E-11  7.82242E-13  2.79344E+04  0.00000E+00  1.0E-07
  8.250E-04  5.18325E-11  7.82232E-13  2.79340E+04  0.00000E+00  1.0E-07
  8.500E-04  5.50215E-11  7.82221E-13  2.79336E+04  0.00000E+00  1.0E-07
  8.750E-04  5.83057E-11  7.82211E-13  2.79333E+04  0.00000E+00  1.0E-07
  9.000E-04  6.16850E-11  7.82200E-13  2.79329E+04  0.00000E+00  1.0E-07
  9.250E-04  6.51595E-11  7.82188E-13  2.79324E+04  0.00000E+00  1.0E-07
  9.500E-04  6.87293E-11  7.82176E-13  2.79320E+04  0.00000E+00  1.0E-07
  9.750E-04  7.23943E-11  7.82164E-13  2.79316E+04  0.00000E+00  1.0E-07
  1.000E-03  7.61544E-11  7.82152E-13  2.79312E+04  0.00000E+00  1.0E-07
  1.250E-03  1.18991E-10  7.82011E-13  2.79261E+04  0.00000E+00  1.0E-07
  1.500E-03  1.71347E-10  7.81839E-13  2.79200E+04  0.00000E+00  1.0E-07
  1.750E-03  2.33223E-10  7.81636E-13  2.79127E+04  0.00000E+00  1.0E-07
  2.000E-03  3.04617E-10  7.81401E-13  2.79044E+04  0.00000E+00  1.0E-07
  2.250E-03  3.85531E-10  7.81136E-13  2.78949E+04  0.00000E+00  1.0E-07
  2.500E-03  4.75965E-10  7.80839E-13  2.78843E+04  0.00000E+00  1.0E-07
  2.750E-03  5.75917E-10  7.80512E-13  2.78726E+04  0.00000E+00  1.0E-07
  3.000E-03  6.85389E-10  7.80153E-13  2.78598E+04  0.00000E+00  1.0E-07
  3.250E-03  8.04380E-10  7.79763E-13  2.78459E+04  0.00000E+00  1.0E-07
  3.500E-03  9.32891E-10  7.79343E-13  2.78308E+04  0.00000E+00  1.0E-07
  3.750E-03  1.07092E-09  7.78892E-13  2.78147E+04  0.00000E+00  1.0E-07
  4.000E-03  1.21847E-09  7.78410E-13  2.77975E+04  0.00000E+00  1.0E-07
  4.250E-03  1.37554E-09  7.77898E-13  2.77792E+04  0.00000E+00  1.0E-07
  4.500E-03  1.54213E-09  7.77355E-13  2.77598E+04  0.00000E+00  1.0E-07
  4.750E-03  1.71823E-09  7.76782E-13  2.77394E+04  0.00000E+00  1.0E-07
  5.000E-03  1.90386E-09  7.76178E-13  2.77178E+04  0.00000E+00  1.0E-07
  5.250E-03  2.09900E-09  7.75544E-13  2.76952E+04  0.00000E+00  1.0E-07
  5.500E-03  2.30367E-09  7.74880E-13  2.76715E+04  0.00000E+00  1.0E-07
  5.750E-03  2.51785E-09  7.74186E-13  2.76467E+04  0.00000E+00  1.0E-07
  6.000E-03  2.74156E-09  7.73462E-13  2.76208E+04  0.00000E+00  1.0E-07
  6.250E-03  2.97478E-09  7.72709E-13  2.75939E+04  0.00000E+00  1.0E-07
  6.500E-03  3.21752E-09  7.71926E-13  2.75660E+04  0.00000E+00  1.0E-07
  6.750E-03  3.46978E-09  7.71113E-13  2.75370E+04  0.00000E+00  1.0E-07
  7.000E-03  3.73156E-09  7.70272E-13  2.75069E+04  0.00000E+00  1.0E-07
  7.250E-03  4.00286E-09  7.69401E-13  2.74758E+04  0.00000E+00  1.0E-07
  7.500E-03  4.28368E-09  7.68501E-13  2.74437E+04  0.00000E+00  1.0E-07
  7.750E-03  4.57402E-09  7.67572E-13  2.74105E+04  0.00000E+00  1.0E-07
  8.000E-03  4.87388E-09  7.66614E-13  2.73763E+04  0.00000E+00  1.0E-07
  8.250E-03  5.18326E-09  7.65628E-13  2.73411E+04  0.00000E+00  1.0E-07
  8.500E-03  5.50215E-09  7.64614E-13  2.73048E+04  0.00000E+00  1.0E-07
  8.750E-03  5.83057E-09  7.63571E-13  2.72676E+04  0.00000E+00  1.0E-07
  9.000E-03  6.16850E-09  7.62500E-13  2.72294E+04  0.00000E+00  1.0E-07
  9.250E-03  6.51596E-09  7.61402E-13  2.71902E+04  0.00000E+00  1.0E-07
  9.500E-03  6.87293E-09  7.60276E-13  2.71499E+04  0.00000E+00  1.0E-07
  9.750E-03  7.23942E-09  7.59122E-13  2.71087E+04  0.00000E+00  1.0E-07
  1.000E-02  7.61544E-09  7.57941E-13  2.70666E+04  0.00000E+00  1.0E-07
  1.250E-02  1.18991E-08  7.44680E-13  2.65930E+04  0.00000E+00  1.0E-07
  1.500E-02  1.71347E-08  7.28938E-13  2.60309E+04  0.00000E+00  1.0E-07
  1.750E-02  2.33223E-08  7.10968E-13  2.53891E+04  0.00000E+00  1.0E-07
  2.000E-02  3.04617E-08  6.91047E-13  2.46777E+04  0.00000E+00  1.0E-07
  2.250E-02  3.85531E-08  6.69466E-13  2.39071E+04  0.00000E+00  1.0E-07
  2.500E-02  4.75965E-08  6.46525E-13  2.30878E+04  0.00000E+00  1.0E-07
  2.750E-02  5.75917E-08  6.22521E-13  2.22306E+04  0.00000E+00  1.0E-07
  3.000E-02  6.85389E-08  5.97745E-13  2.13459E+04  0.00000E+00  1.0E-07
  3.250E-02  8.04380E-08  5.72471E-13  2.04433E+04  0.00000E+00  1.0E-07
  3.500E-02  9.32891E-08  5.46957E-13  1.95322E+04  0.00000E+00  1.0E-07
  3.750E-02  1.07092E-07  5.21435E-13  1.86208E+04  0.00000E+00  1.0E-07
  4.000E-02  1.21847E-07  4.96114E-13  1.77165E+04  0.00000E+00  1.0E-07
  4.250E-02  1.37554E-07  4.71176E-13  1.68260E+04  0.00000E+00  1.0E-07
  4.500E-02  1.54213E-07  4.46775E-13  1.59546E+04  0.00000E+00  1.0E-07
  4.750E-02  1.71823E-07  4.23041E-13  1.51071E+04  0.00000E+00  1.0E-07
  5.000E-02  1.90386E-07  4.00077E-13  1.42870E+04  0.00000E+00  1.0E-07
  5.250E-02  2.09900E-07  3.77965E-13  1.34974E+04  0.00000E+00  1.0E-07
  5.500E-02  2.30367E-07  3.56761E-13  1.27402E+04  0.00000E+00  1.0E-07
  5.750E-02  2.51785E-07  3.36508E-13  1.20169E+04  0.00000E+00  1.0E-07
  6.000E-02  2.74156E-07  3.17227E-13  1.13284E+04  0.00000E+00  1.0E-07
  6.250E-02  2.97478E-07  2.98927E-13  1.06749E+04  0.00000E+00  1.0E-07
  6.500E-02  3.21752E-07  2.81604E-13  1.00563E+04  0.00000E+00  1.0E-07
  6.750E-02  3.46978E-07  2.65244E-13  9.47205E+03  0.00000E+00  1.0E-07
  7.000E-02  3.73156E-07  2.49826E-13  8.92146E+03  0.00000E+00  1.0E-07
  7.250E-02  4.00286E-07  2.35321E-13  8.40347E+03  0.00000E+00  1.0E-07
  7.500E-02  4.28368E-07  2.21695E-13  7.91687E+03  0.00000E+00  1.0E-07
  7.750E-02  4.57402E-07  2.08911E-13  7.46036E+03  0.00000E+00  1.0E-07
  8.000E-02  4.87388E-07  1.96930E-13  7.03251E+03  0.00000E+00  1.0E-07
  8.250E-02  5.18325E-07  1.85712E-13  6.63188E+03  0.00000E+00  1.0E-07
  8.500E-02  5.50215E-07  1.75213E-13  6.25699E+03  0.00000E+00  1.0E-07
  8.750E-02  5.83057E-07  1.65395E-13  5.90636E+03  0.00000E+00  1.0E-07
  9.000E-02  6.16850E-07  1.56215E-13  5.57853E+03  0.00000E+00  1.0E-07
  9.250E-02  6.51596E-07  1.47634E-13  5.27210E+03  0.00000E+00  1.0E-07
  9.500E-02  6.87293E-07  1.39613E-13  4.98568E+03  0.00000E+00  1.0E-07
  9.750E-02  7.23942E-07  1.32116E-13  4.71796E+03  0.00000E+00  1.0E-07
  1.000E-01  7.61543E-07  1.25108E-13  4.46768E+03  0.00000E+00  1.0E-07
  1.250E-01  1.18991E-06  7.54433E-14  2.69413E+03  0.00000E+00  1.0E-07
  1.500E-01  1.71347E-06  4.85785E-14  1.73477E+03  0.00000E+00  1.0E-07
  1.750E-01  2.33223E-06  3.28595E-14  1.17343E+03  0.00000E+00  1.0E-07
  2.000E-01  3.04617E-06  2.29973E-14  8.21249E+02  0.00000E+00  1.0E-07
  2.250E-01  3.85531E-06  1.64932E-14  5.88982E+02  0.00000E+00  1.0E-07
  2.500E-01  4.75964E-06  1.20620E-14  4.30741E+02  0.00000E+00  1.0E-07
  2.750E-01  5.75916E-06  8.97754E-15  3.20594E+02  0.00000E+00  1.0E-07
  3.000E-01  6.85388E-06  6.79595E-15  2.42688E+02  0.00000E+00  1.0E-07
  3.250E-01  8.04378E-06  5.23107E-15  1.86805E+02  0.00000E+00  1.0E-07
  3.500E-01  9.32888E-06  4.09274E-15  1.46154E+02  0.00000E+00  1.2E-07
  3.750E-01  1.07092E-05  3.25254E-15  1.16150E+02  0.00000E+00  1.0E-07
  4.000E-01  1.21846E-05  2.62287E-15  9.36644E+01  0.00000E+00  1.5E-07
  4.250E-01  1.37553E-05  2.14356E-15  7.65480E+01  0.00000E+00  1.0E-07
  4.500E-01  1.54212E-05  1.77301E-15  6.33152E+01  0.00000E+00  1.8E-07
  4.750E-01  1.71822E-05  1.48219E-15  5.29298E+01  0.00000E+00  1.0E-07
  5.000E-01  1.90385E-05  1.25068E-15  4.46628E+01  0.00000E+00  1.9E-07
  5.250E-01  2.09899E-05  1.06397E-15  3.79950E+01  0.00000E+00  1.0E-07
  5.500E-01  2.30365E-05  9.11576E-16  3.25530E+01  0.00000E+00  1.8E-07
  5.750E-01  2.51783E-05  7.85874E-16  2.80641E+01  0.00000E+00  1.6E-07
  6.000E-01  2.74153E-05  6.81216E-16  2.43267E+01  0.00000E+00  1.5E-07
  6.250E-01  2.97475E-05  5.93363E-16  2.11894E+01  0.00000E+00  2.2E-07
  6.500E-01  3.21749E-05  5.19091E-16  1.85371E+01  0.00000E+00  1.0E-07
  6.750E-01  3.46974E-05  4.55912E-16  1.62809E+01  0.00000E+00  2.7E-07
  7.000E-01  3.73152E-05  4.01877E-16  1.43513E+01  0.00000E+00  1.0E-07
  7.250E-01  4.00281E-05  3.55441E-16  1.26930E+01  0.00000E+00  3.1E-07
  7.500E-01  4.28362E-05  3.15368E-16  1.12620E+01  0.00000E+00  1.0E-07
  7.750E-01  4.57395E-05  2.80653E-16  1.00223E+01  0.00000E+00  3.2E-07
  8.000E-01  4.87380E-05  2.50476E-16  8.94467E+00  0.00000E+00  1.4E-07
  8.250E-01  5.18317E-05  2.24159E-16  8.00487E+00  0.00000E+00  3.1E-07
  8.500E-01  5.50205E-05  2.01140E-16  7.18284E+00  0.00000E+00  2.4E-07
  8.750E-01  5.83045E-05  1.80948E-16  6.46176E+00  0.00000E+00  2.6E-07
  9.000E-01  6.16838E-05  1.63187E-16  5.82752E+00  0.00000E+00  3.4E-07
  9.250E-01  6.51582E-05  1.47525E-16  5.26820E+00  0.00000E+00  1.9E-07
  9.500E-01  6.87277E-05  1.33677E-16  4.77369E+00  0.00000E+00  4.2E-07
  9.750E-01  7.23925E-05  1.21404E-16  4.33540E+00  0.00000E+00  1.0E-07
  1.000E+00  7.61524E-05  1.10499E-16  3.94599E+00  0.00000E+00  1.0E-07
  1.100E+00  9.21439E-05  7.74091E-17  2.76433E+00  0.00000E+00  1.0E-07
  1.200E+00  1.09658E-04  5.58609E-17  1.99483E+00  0.00000E+00  1.0E-07
  1.300E+00  1.28695E-04  4.13570E-17  1.47689E+00  0.00000E+00  1.0E-07
  1.400E+00  1.49255E-04  3.13006E-17  1.11777E+00  0.00000E+00  1.0E-07
  1.500E+00  1.71338E-04  2.41427E-17  8.62152E-01  0.00000E+00  1.0E-07
  1.600E+00  1.94942E-04  1.89296E-17  6.75987E-01  0.00000E+00  1.0E-07
  1.700E+00  2.20070E-04  1.50558E-17  5.37654E-01  0.00000E+00  1.0E-07
  1.800E+00  2.46720E-04  1.21264E-17  4.33042E-01  0.00000E+00  1.0E-07
  1.900E+00  2.74892E-04  9.87667E-18  3.52702E-01  0.00000E+00  1.0E-07
  2.000E+00  3.04586E-04  8.12511E-18  2.90153E-01  0.00000E+00  1.0E-07
  2.100E+00  3.35803E-04  6.74473E-18  2.40859E-01  0.00000E+00  1.0E-07
  2.200E+00  3.68542E-04  5.64491E-18  2.01583E-01  0.00000E+00  1.0E-07
  2.300E+00  4.02802E-04  4.75992E-18  1.69980E-01  0.00000E+00  1.0E-07
  2.400E+00  4.38585E-04  4.04135E-18  1.44319E-01  0.00000E+00  1.0E-07
  2.500E+00  4.75889E-04  3.45310E-18  1.23312E-01  0.00000E+00  1.0E-07
  2.600E+00  5.14715E-04  2.96785E-18  1.05984E-01  0.00000E+00  1.0E-07
  2.700E+00  5.55063E-04  2.56476E-18  9.15893E-02  0.00000E+00  1.0E-07
  2.800E+00  5.96931E-04  2.22773E-18  7.95538E-02  0.00000E+00  1.0E-07
  2.900E+00  6.40321E-04  1.94422E-18  6.94295E-02  0.00000E+00  1.0E-07
  3.000E+00  6.85233E-04  1.70438E-18  6.08644E-02  0.00000E+00  1.0E-07
  3.100E+00  7.31665E-04  1.50039E-18  5.35799E-02  0.00000E+00  1.0E-07
  3.200E+00  7.79618E-04  1.32603E-18  4.73534E-02  0.00000E+00  1.0E-07
  3.300E+00  8.29092E-04  1.17629E-18  4.20061E-02  0.00000E+00  1.0E-07
  3.400E+00  8.80086E-04  1.04712E-18  3.73935E-02  0.00000E+00  1.0E-07
  3.500E+00  9.32601E-04  9.35233E-19  3.33978E-02  0.00000E+00  1.0E-07
  3.600E+00  9.86636E-04  8.37923E-19  2.99228E-02  0.00000E+00  1.0E-07
  3.700E+00  1.04219E-03  7.52972E-19  2.68891E-02  0.00000E+00  1.0E-07
  3.800E+00  1.09927E-03  6.78545E-19  2.42313E-02  2.94640E-05  1.0E-07
  3.900E+00  1.15786E-03  6.13116E-19  2.18948E-02  3.08119E-05  1.0E-07
  4.000E+00  1.21797E-03  5.55411E-19  1.98341E-02  3.21830E-05  1.0E-07
  4.100E+00  1.27961E-03  5.04360E-19  1.80110E-02  3.35658E-05  1.0E-07
  4.200E+00  1.34276E-03  4.59063E-19  1.63934E-02  3.49673E-05  1.0E-07
  4.300E+00  1.40743E-03  4.18757E-19  1.49541E-02  3.63903E-05  1.0E-07
  4.400E+00  1.47362E-03  3.82798E-19  1.36700E-02  3.78194E-05  1.0E-07
  4.500E+00  1.54133E-03  3.50632E-19  1.25213E-02  3.92637E-05  1.0E-07
  4.600E+00  1.61056E-03  3.21790E-19  1.14913E-02  4.07242E-05  1.0E-07
  4.700E+00  1.68131E-03  2.95867E-19  1.05656E-02  4.21862E-05  1.0E-07
  4.800E+00  1.75357E-03  2.72514E-19  9.73167E-03  4.36630E-05  1.0E-07
  4.900E+00  1.82735E-03  2.51432E-19  8.97880E-03  4.51546E-05  1.0E-07
  5.000E+00  1.90265E-03  2.32360E-19  8.29771E-03  4.66438E-05  1.0E-07
  5.100E+00  1.97947E-03  2.15071E-19  7.68031E-03  4.81428E-05  1.0E-07
  5.200E+00  2.05780E-03  1.99368E-19  7.11957E-03  4.96504E-05  1.0E-07
  5.300E+00  2.13765E-03  1.85081E-19  6.60936E-03  5.11498E-05  1.0E-07
  5.400E+00  2.21902E-03  1.72057E-19  6.14427E-03  5.26582E-05  1.0E-07
  5.500E+00  2.30190E-03  1.60165E-19  5.71961E-03  5.41752E-05  1.0E-07
  5.600E+00  2.38630E-03  1.49289E-19  5.33121E-03  5.56801E-05  1.0E-07
  5.700E+00  2.47222E-03  1.39326E-19  4.97541E-03  5.71886E-05  1.0E-07
  5.800E+00  2.55965E-03  1.30184E-19  4.64896E-03  5.87000E-05  1.0E-07
  5.900E+00  2.64859E-03  1.21785E-19  4.34901E-03  6.01927E-05  1.0E-07
  6.000E+00  2.73905E-03  1.14056E-19  4.07300E-03  6.16880E-05  1.0E-07
  6.100E+00  2.83103E-03  1.06934E-19  3.81867E-03  6.31877E-05  1.0E-07
  6.200E+00  2.92452E-03  1.00362E-19  3.58400E-03  6.46632E-05  1.0E-07
  6.300E+00  3.01952E-03  9.42910E-20  3.36719E-03  6.61376E-05  1.0E-07
  6.400E+00  3.11604E-03  8.86746E-20  3.16663E-03  6.76139E-05  1.0E-07
  6.500E+00  3.21407E-03  8.34729E-20  2.98087E-03  6.90550E-05  1.0E-07
  6.600E+00  3.31362E-03  7.86493E-20  2.80862E-03  7.04958E-05  1.0E-07
  6.700E+00  3.41468E-03  7.41713E-20  2.64871E-03  7.19427E-05  1.0E-07
  6.800E+00  3.51725E-03  7.00096E-20  2.50009E-03  7.33353E-05  1.0E-07
  6.900E+00  3.62133E-03  6.61375E-20  2.36181E-03  7.47412E-05  1.0E-07
  7.000E+00  3.72692E-03  6.25311E-20  2.23303E-03  7.61451E-05  1.0E-07
  7.100E+00  3.83403E-03  5.91689E-20  2.11296E-03  7.74651E-05  1.0E-07
  7.200E+00  3.94265E-03  5.60310E-20  2.00090E-03  7.88586E-05  1.0E-07
  7.300E+00  4.05278E-03  5.30998E-20  1.89623E-03  8.01623E-05  1.0E-07
  7.400E+00  4.16442E-03  5.03591E-20  1.79836E-03  8.14650E-05  1.0E-07
  7.500E+00  4.27757E-03  4.77941E-20  1.70676E-03  8.27728E-05  1.0E-07
  7.600E+00  4.39223E-03  4.53916E-20  1.62096E-03  8.40101E-05  1.0E-07
  7.700E+00  4.50840E-03  4.31391E-20  1.54052E-03  8.52552E-05  1.0E-07
  7.800E+00  4.62608E-03  4.10255E-20  1.46505E-03  8.64733E-05  1.0E-07
  7.900E+00  4.74527E-03  3.90408E-20  1.39417E-03  8.76495E-05  1.0E-07
  8.000E+00  4.86597E-03  3.71755E-20  1.32756E-03  8.88121E-05  1.0E-07
  8.100E+00  4.98817E-03  3.54211E-20  1.26491E-03  8.99431E-05  1.0E-07
  8.200E+00  5.11188E-03  3.37697E-20  1.20594E-03  9.10351E-05  1.0E-07
  8.300E+00  5.23711E-03  3.22142E-20  1.15039E-03  9.21054E-05  1.0E-07
  8.400E+00  5.36383E-03  3.07479E-20  1.09803E-03  9.31455E-05  1.0E-07
  8.500E+00  5.49207E-03  2.93647E-20  1.04863E-03  9.41479E-05  1.0E-07
  8.600E+00  5.62181E-03  2.80589E-20  1.00200E-03  9.51199E-05  1.0E-07
  8.700E+00  5.75306E-03  2.68256E-20  9.57958E-04  9.60554E-05  1.0E-07
  8.800E+00  5.88581E-03  2.56598E-20  9.16327E-04  9.69499E-05  1.0E-07
  8.900E+00  6.02007E-03  2.45571E-20  8.76950E-04  9.78113E-05  1.0E-07
  9.000E+00  6.15583E-03  2.35135E-20  8.39682E-04  9.86373E-05  1.0E-07
  9.100E+00  6.29310E-03  2.25252E-20  8.04390E-04  9.94220E-05  1.0E-07
  9.200E+00  6.43187E-03  2.15887E-20  7.70947E-04  1.00167E-04  1.0E-07
  9.300E+00  6.57214E-03  2.07008E-20  7.39239E-04  1.00870E-04  1.0E-07
  9.400E+00  6.71392E-03  1.98585E-20  7.09159E-04  1.01528E-04  1.0E-07
  9.500E+00  6.85720E-03  1.90589E-20  6.80605E-04  1.02145E-04  1.0E-07
  9.600E+00  7.00198E-03  1.82995E-20  6.53487E-04  1.02722E-04  1.0E-07
  9.700E+00  7.14827E-03  1.75779E-20  6.27718E-04  1.03254E-04  1.0E-07
  9.800E+00  7.29605E-03  1.68918E-20  6.03217E-04  1.03739E-04  1.0E-07
  9.900E+00  7.44534E-03  1.62392E-20  5.79912E-04  1.04176E-04  1.0E-07
  1.000E+01  7.59612E-03  1.56180E-20  5.57731E-04  1.04565E-04  1.0E-07
  1.025E+01  7.97965E-03  1.41914E-20  5.06785E-04  1.05331E-04  1.0E-07
  1.050E+01  8.37255E-03  1.29254E-20  4.61575E-04  1.05782E-04  1.0E-07
  1.075E+01  8.77480E-03  1.17987E-20  4.21341E-04  1.05904E-04  1.0E-07
  1.100E+01  9.18641E-03  1.07933E-20  3.85436E-04  1.05692E-04  1.0E-07
  1.125E+01  9.60736E-03  9.89374E-21  3.53312E-04  1.05120E-04  1.0E-07
  1.150E+01  1.00376E-02  9.08687E-21  3.24498E-04  1.04187E-04  1.0E-07
  1.175E+01  1.04773E-02  8.36141E-21  2.98591E-04  1.02868E-04  1.0E-07
  1.200E+01  1.09262E-02  7.70766E-21  2.75246E-04  1.01157E-04  1.0E-07
  1.225E+01  1.13844E-02  7.11724E-21  2.54161E-04  9.90387E-05  1.0E-07
  1.250E+01  1.18520E-02  6.58289E-21  2.35079E-04  9.64962E-05  1.0E-07
  1.275E+01  1.23288E-02  6.09830E-21  2.17774E-04  0.00000E+00  1.0E-07
  1.300E+01  1.28150E-02  5.65800E-21  2.02051E-04  0.00000E+00  1.0E-07
  1.325E+01  1.33104E-02  5.25718E-21  1.87737E-04  0.00000E+00  1.0E-07
  1.350E+01  1.38150E-02  4.89165E-21  1.74684E-04  0.00000E+00  1.0E-07
  1.375E+01  1.43290E-02  4.55773E-21  1.62759E-04  0.00000E+00  1.0E-07
  1.400E+01  1.48521E-02  4.25217E-21  1.51848E-04  0.00000E+00  1.0E-07
  1.425E+01  1.53845E-02  3.97211E-21  1.41846E-04  0.00000E+00  1.0E-07
  1.450E+01  1.59262E-02  3.71502E-21  1.32666E-04  0.00000E+00  1.0E-07
  1.475E+01  1.64770E-02  3.47867E-21  1.24226E-04  0.00000E+00  1.0E-07
  1.500E+01  1.70371E-02  3.26107E-21  1.16455E-04  0.00000E+00  1.0E-07
  1.525E+01  1.76063E-02  3.06045E-21  1.09291E-04  0.00000E+00  1.0E-07
  1.550E+01  1.81848E-02  2.87524E-21  1.02677E-04  0.00000E+00  1.0E-07
  1.575E+01  1.87724E-02  2.70402E-21  9.65622E-05  0.00000E+00  1.0E-07
  1.600E+01  1.93692E-02  2.54554E-21  9.09028E-05  0.00000E+00  1.0E-07
  1.625E+01  1.99751E-02  2.39867E-21  8.56579E-05  0.00000E+00  1.0E-07
  1.650E+01  2.05901E-02  2.26239E-21  8.07914E-05  0.00000E+00  1.0E-07
  1.675E+01  2.12143E-02  2.13580E-21  7.62708E-05  0.00000E+00  1.0E-07
  1.700E+01  2.18476E-02  2.01808E-21  7.20668E-05  0.00000E+00  1.0E-07
  1.725E+01  2.24900E-02  1.90848E-21  6.81529E-05  0.00000E+00  1.0E-07
  1.750E+01  2.31415E-02  1.80633E-21  6.45052E-05  0.00000E+00  1.0E-07
  1.775E+01  2.38021E-02  1.71104E-21  6.11022E-05  0.00000E+00  1.0E-07
  1.800E+01  2.44717E-02  1.62204E-21  5.79242E-05  0.00000E+00  1.0E-07
  1.825E+01  2.51504E-02  1.53885E-21  5.49534E-05  0.00000E+00  1.0E-07
  1.850E+01  2.58382E-02  1.46102E-21  5.21739E-05  0.00000E+00  1.0E-07
  1.875E+01  2.65349E-02  1.38812E-21  4.95707E-05  0.00000E+00  1.0E-07
  1.900E+01  2.72407E-02  1.31979E-21  4.71306E-05 -1.49727E-04  1.0E-07
  1.925E+01  2.79555E-02  1.25568E-21  4.48413E-05 -1.67201E-04  1.0E-07
  1.950E+01  2.86793E-02  1.19549E-21  4.26917E-05 -1.85312E-04  1.0E-07
  1.975E+01  2.94120E-02  1.13892E-21  4.06716E-05 -2.04120E-04  1.0E-07
  2.000E+01  3.01537E-02  1.08572E-21  3.87716E-05 -2.23584E-04  1.0E-07
  2.025E+01  3.09043E-02  1.03564E-21  3.69833E-05 -2.43744E-04  1.0E-07
  2.050E+01  3.16639E-02  9.88465E-22  3.52987E-05 -2.64582E-04  1.0E-07
  2.075E+01  3.24324E-02  9.43995E-22  3.37107E-05 -2.86103E-04  1.0E-07
  2.100E+01  3.32098E-02  9.02043E-22  3.22126E-05 -3.08318E-04  1.0E-07
  2.125E+01  3.39961E-02  8.62439E-22  3.07982E-05 -3.31209E-04  1.0E-07
  2.150E+01  3.47912E-02  8.25023E-22  2.94621E-05 -3.54804E-04  1.0E-07
  2.175E+01  3.55952E-02  7.89652E-22  2.81990E-05 -3.79091E-04  1.0E-07
  2.200E+01  3.64081E-02  7.56192E-22  2.70041E-05 -4.04085E-04  1.0E-07
  2.225E+01  3.72297E-02  7.24518E-22  2.58730E-05 -4.29786E-04  1.0E-07
  2.250E+01  3.80602E-02  6.94517E-22  2.48016E-05 -4.56197E-04  1.0E-07
  2.275E+01  3.88995E-02  6.66082E-22  2.37862E-05 -4.83339E-04  1.0E-07
  2.300E+01  3.97476E-02  6.39115E-22  2.28232E-05 -5.11204E-04  1.0E-07
  2.325E+01  4.06044E-02  6.13525E-22  2.19094E-05 -5.39810E-04  1.0E-07
  2.350E+01  4.14700E-02  5.89228E-22  2.10417E-05 -5.69151E-04  1.0E-07
  2.375E+01  4.23443E-02  5.66145E-22  2.02174E-05 -5.99234E-04  1.0E-07
  2.400E+01  4.32273E-02  5.44204E-22  1.94339E-05 -6.30065E-04  1.0E-07
  2.425E+01  4.41190E-02  5.23336E-22  1.86887E-05 -6.61635E-04  1.0E-07
  2.450E+01  4.50194E-02  5.03479E-22  1.79795E-05 -6.93948E-04  1.0E-07
  2.475E+01  4.59284E-02  4.84573E-22  1.73044E-05 -7.26995E-04  1.0E-07
  2.500E+01  4.68461E-02  4.66563E-22  1.66613E-05 -7.60788E-04  1.0E-07
  2.550E+01  4.87074E-02  4.33033E-22  1.54639E-05 -8.30613E-04  1.0E-07
  2.600E+01  5.06030E-02  4.02519E-22  1.43742E-05 -9.03443E-04  1.0E-07
  2.650E+01  5.25328E-02  3.74697E-22  1.33807E-05 -9.79343E-04  1.0E-07
  2.700E+01  5.44967E-02  3.49284E-22  1.24732E-05 -1.05834E-03  1.0E-07
  2.750E+01  5.64946E-02  3.26031E-22  1.16428E-05 -1.14045E-03  1.0E-07
  2.800E+01  5.85262E-02  3.04719E-22  1.08817E-05 -1.22567E-03  1.0E-07
  2.850E+01  6.05914E-02  2.85153E-22  1.01830E-05 -1.31397E-03  1.0E-07
  2.900E+01  6.26901E-02  2.67164E-22  9.54060E-06 -1.40537E-03  1.0E-07
  2.950E+01  6.48222E-02  2.50599E-22  8.94904E-06 -1.49987E-03  1.0E-07
  3.000E+01  6.69873E-02  2.35322E-22  8.40352E-06 -1.59755E-03  1.0E-07
  3.050E+01  6.91854E-02  2.21216E-22  7.89975E-06 -1.69842E-03  1.0E-07
  3.100E+01  7.14163E-02  2.08171E-22  7.43391E-06 -1.80246E-03  1.0E-07
  3.150E+01  7.36799E-02  1.96092E-22  7.00258E-06 -1.90970E-03  1.0E-07
  3.200E+01  7.59760E-02  1.84894E-22  6.60268E-06 -2.02008E-03  1.0E-07
  3.250E+01  7.83043E-02  1.74499E-22  6.23148E-06 -2.13362E-03  1.0E-07
  3.300E+01  8.06647E-02  1.64838E-22  5.88649E-06 -2.25035E-03  1.0E-07
  3.350E+01  8.30571E-02  1.55850E-22  5.56550E-06 -2.37025E-03  1.0E-07
  3.400E+01  8.54812E-02  1.47478E-22  5.26652E-06 -2.49344E-03  1.0E-07
  3.450E+01  8.79369E-02  1.39671E-22  4.98773E-06 -2.61977E-03  1.0E-07
  3.500E+01  9.04240E-02  1.32383E-22  4.72748E-06 -2.74939E-03  1.0E-07
  3.550E+01  9.29422E-02  1.25573E-22  4.48430E-06 -2.88203E-03  1.0E-07
  3.600E+01  9.54915E-02  1.19204E-22  4.25684E-06 -3.01831E-03  1.0E-07
  3.650E+01  9.80716E-02  1.13240E-22  4.04388E-06 -3.15706E-03  1.0E-07
  3.700E+01  1.00682E-01  1.07651E-22  3.84430E-06 -3.29975E-03  1.0E-07
  3.750E+01  1.03323E-01  1.02409E-22  3.65711E-06 -3.44523E-03  1.0E-07
  3.800E+01  1.05995E-01  9.74882E-23  3.48137E-06 -3.59413E-03  1.0E-07
  3.850E+01  1.08696E-01  9.28641E-23  3.31624E-06 -3.74615E-03  1.0E-07
  3.900E+01  1.11427E-01  8.85154E-23  3.16094E-06 -3.90141E-03  1.0E-07
  3.950E+01  1.14188E-01  8.44224E-23  3.01478E-06 -4.05988E-03  1.0E-07
  4.000E+01  1.16978E-01  8.05670E-23  2.87710E-06 -4.22156E-03  1.0E-07
  4.050E+01  1.19797E-01  7.69326E-23  2.74731E-06 -4.38648E-03  1.0E-07
  4.100E+01  1.22645E-01  7.35040E-23  2.62487E-06 -4.55459E-03  1.0E-07
  4.150E+01  1.25522E-01  7.02672E-23  2.50929E-06 -4.72590E-03  1.0E-07
  4.200E+01  1.28428E-01  6.72091E-23  2.40008E-06 -4.90042E-03  1.0E-07
  4.250E+01  1.31361E-01  6.43179E-23  2.29684E-06 -5.07815E-03  1.0E-07
  4.300E+01  1.34323E-01  6.15826E-23  2.19915E-06 -5.25913E-03  1.0E-07
  4.350E+01  1.37313E-01  5.89930E-23  2.10668E-06 -5.44331E-03  1.0E-07
  4.400E+01  1.40330E-01  5.65398E-23  2.01907E-06 -5.63071E-03  1.0E-07
  4.450E+01  1.43375E-01  5.42144E-23  1.93603E-06 -5.82128E-03  1.0E-07
  4.500E+01  1.46447E-01  5.20087E-23  1.85726E-06 -6.01503E-03  1.0E-07
  4.550E+01  1.49545E-01  4.99153E-23  1.78251E-06 -6.21197E-03  1.0E-07
  4.600E+01  1.52671E-01  4.79272E-23  1.71151E-06 -6.41214E-03  1.0E-07
  4.650E+01  1.55823E-01  4.60381E-23  1.64405E-06 -6.61557E-03  1.0E-07
  4.700E+01  1.59001E-01  4.42420E-23  1.57991E-06 -6.82222E-03  1.0E-07
  4.750E+01  1.62205E-01  4.25334E-23  1.51889E-06 -7.03207E-03  1.0E-07
  4.800E+01  1.65435E-01  4.09072E-23  1.46082E-06 -7.24506E-03  1.0E-07
  4.850E+01  1.68690E-01  3.93585E-23  1.40552E-06 -7.46120E-03  1.0E-07
  4.900E+01  1.71970E-01  3.78830E-23  1.35283E-06 -7.68054E-03  1.0E-07
  4.950E+01  1.75276E-01  3.64763E-23  1.30259E-06 -7.90312E-03  1.0E-07
  5.000E+01  1.78606E-01  3.51347E-23  1.25468E-06 -8.12898E-03  1.0E-07
  5.050E+01  1.81961E-01  3.38545E-23  1.20896E-06 -8.35808E-03  1.0E-07
  5.100E+01  1.85340E-01  3.26322E-23  1.16532E-06 -8.59036E-03  1.0E-07
  5.150E+01  1.88743E-01  3.14649E-23  1.12363E-06 -8.82578E-03  1.0E-07
  5.200E+01  1.92169E-01  3.03494E-23  1.08380E-06 -9.06433E-03  1.0E-07
  5.250E+01  1.95619E-01  2.92830E-23  1.04572E-06 -9.30607E-03  1.0E-07
  5.300E+01  1.99092E-01  2.82631E-23  1.00929E-06 -9.55108E-03  1.0E-07
  5.350E+01  2.02589E-01  2.72871E-23  9.74441E-07 -9.79939E-03  1.0E-07
  5.400E+01  2.06107E-01  2.63529E-23  9.41079E-07 -1.00510E-02  1.0E-07
  5.450E+01  2.09649E-01  2.54583E-23  9.09131E-07 -1.03058E-02  1.0E-07
  5.500E+01  2.13212E-01  2.46012E-23  8.78525E-07 -1.05637E-02  1.0E-07
  5.550E+01  2.16797E-01  2.37798E-23  8.49192E-07 -1.08247E-02  1.0E-07
  5.600E+01  2.20404E-01  2.29922E-23  8.21068E-07 -1.10890E-02  1.0E-07
  5.650E+01  2.24032E-01  2.22368E-23  7.94092E-07 -1.13565E-02  1.0E-07
  5.700E+01  2.27680E-01  2.15120E-23  7.68208E-07 -1.16274E-02  1.0E-07
  5.750E+01  2.31350E-01  2.08163E-23  7.43362E-07 -1.19016E-02  1.0E-07
  5.800E+01  2.35040E-01  2.01482E-23  7.19504E-07 -1.21791E-02  1.0E-07
  5.850E+01  2.38751E-01  1.95065E-23  6.96588E-07 -1.24597E-02  1.0E-07
  5.900E+01  2.42481E-01  1.88898E-23  6.74569E-07 -1.27434E-02  1.0E-07
  5.950E+01  2.46231E-01  1.82972E-23  6.53403E-07 -1.30304E-02  1.0E-07
  6.000E+01  2.50000E-01  1.77272E-23  6.33051E-07 -1.33206E-02  1.0E-07
  6.050E+01  2.53788E-01  1.71790E-23  6.13474E-07 -1.36143E-02  1.0E-07
  6.100E+01  2.57595E-01  1.66515E-23  5.94637E-07 -1.39114E-02  1.0E-07
  6.150E+01  2.61421E-01  1.61438E-23  5.76507E-07 -1.42119E-02  1.0E-07
  6.200E+01  2.65264E-01  1.56550E-23  5.59051E-07 -1.45155E-02  1.0E-07
  6.250E+01  2.69126E-01  1.51843E-23  5.42240E-07 -1.48222E-02  1.0E-07
  6.300E+01  2.73005E-01  1.47308E-23  5.26045E-07 -1.51322E-02  1.0E-07
  6.350E+01  2.76901E-01  1.42937E-23  5.10438E-07 -1.54455E-02  1.0E-07
  6.400E+01  2.80814E-01  1.38724E-23  4.95393E-07 -1.57624E-02  1.0E-07
  6.450E+01  2.84744E-01  1.34662E-23  4.80885E-07 -1.60828E-02  1.0E-07
  6.500E+01  2.88691E-01  1.30743E-23  4.66892E-07 -1.64067E-02  1.0E-07
  6.550E+01  2.92653E-01  1.26963E-23  4.53392E-07 -1.67338E-02  1.0E-07
  6.600E+01  2.96632E-01  1.23315E-23  4.40365E-07 -1.70640E-02  1.0E-07
  6.650E+01  3.00625E-01  1.19793E-23  4.27790E-07 -1.73975E-02  1.0E-07
  6.700E+01  3.04634E-01  1.16393E-23  4.15648E-07 -1.77343E-02  1.0E-07
  6.750E+01  3.08658E-01  1.13109E-23  4.03920E-07 -1.80748E-02  1.0E-07
  6.800E+01  3.12697E-01  1.09936E-23  3.92590E-07 -1.84191E-02  1.0E-07
  6.850E+01  3.16749E-01  1.06870E-23  3.81641E-07 -1.87672E-02  1.0E-07
  6.900E+01  3.20816E-01  1.03907E-23  3.71059E-07 -1.91186E-02  1.0E-07
  6.950E+01  3.24896E-01  1.01042E-23  3.60829E-07 -1.94730E-02  1.0E-07
  7.000E+01  3.28990E-01  9.82722E-24  3.50937E-07 -1.98302E-02  1.0E-07
  7.050E+01  3.33097E-01  9.55929E-24  3.41368E-07 -2.01905E-02  1.0E-07
  7.100E+01  3.37216E-01  9.30003E-24  3.32110E-07 -2.05556E-02  1.0E-07
  7.150E+01  3.41348E-01  9.04912E-24  3.23150E-07 -2.09259E-02  1.0E-07
  7.200E+01  3.45492E-01  8.80625E-24  3.14477E-07 -2.12999E-02  1.0E-07
  7.250E+01  3.49647E-01  8.57118E-24  3.06082E-07 -2.16744E-02  1.0E-07
  7.300E+01  3.53814E-01  8.34357E-24  2.97954E-07 -2.20520E-02  1.0E-07
  7.350E+01  3.57992E-01  8.12308E-24  2.90081E-07 -2.24347E-02  1.0E-07
  7.400E+01  3.62181E-01  7.90946E-24  2.82452E-07 -2.28225E-02  1.0E-07
  7.450E+01  3.66381E-01  7.70246E-24  2.75060E-07 -2.32138E-02  1.0E-07
  7.500E+01  3.70590E-01  7.50184E-24  2.67896E-07 -2.36083E-02  1.0E-07
  7.550E+01  3.74810E-01  7.30739E-24  2.60952E-07 -2.40059E-02  1.0E-07
  7.600E+01  3.79039E-01  7.11886E-24  2.54219E-07 -2.44071E-02  1.0E-07
  7.650E+01  3.83277E-01  6.93602E-24  2.47690E-07 -2.48122E-02  1.0E-07
  7.700E+01  3.87524E-01  6.75868E-24  2.41357E-07 -2.52214E-02  1.0E-07
  7.750E+01  3.91780E-01  6.58663E-24  2.35213E-07 -2.56349E-02  1.0E-07
  7.800E+01  3.96044E-01  6.41968E-24  2.29251E-07 -2.60523E-02  1.0E-07
  7.850E+01  4.00316E-01  6.25765E-24  2.23465E-07 -2.64734E-02  1.0E-07
  7.900E+01  4.04596E-01  6.10038E-24  2.17849E-07 -2.68983E-02  1.0E-07
  7.950E+01  4.08882E-01  5.94770E-24  2.12396E-07 -2.73268E-02  1.0E-07
  8.000E+01  4.13176E-01  5.79944E-24  2.07102E-07 -2.77594E-02  1.0E-07
  8.050E+01  4.17476E-01  5.65545E-24  2.01960E-07 -2.81961E-02  1.0E-07
  8.100E+01  4.21783E-01  5.51557E-24  1.96965E-07 -2.86372E-02  1.0E-07
  8.150E+01  4.26095E-01  5.37968E-24  1.92112E-07 -2.90825E-02  1.0E-07
  8.200E+01  4.30413E-01  5.24763E-24  1.87396E-07 -2.95319E-02  1.0E-07
  8.250E+01  4.34737E-01  5.11930E-24  1.82813E-07 -2.99852E-02  1.0E-07
  8.300E+01  4.39065E-01  4.99456E-24  1.78359E-07 -3.04426E-02  1.0E-07
  8.350E+01  4.43398E-01  4.87329E-24  1.74028E-07 -3.09042E-02  1.0E-07
  8.400E+01  4.47736E-01  4.75537E-24  1.69817E-07 -3.13701E-02  1.0E-07
  8.450E+01  4.52077E-01  4.64069E-24  1.65722E-07 -3.18405E-02  1.0E-07
  8.500E+01  4.56422E-01  4.52915E-24  1.61739E-07 -3.23155E-02  1.0E-07
  8.550E+01  4.60770E-01  4.42065E-24  1.57864E-07 -3.27949E-02  1.0E-07
  8.600E+01  4.65122E-01  4.31508E-24  1.54094E-07 -3.32787E-02  1.0E-07
  8.650E+01  4.69476E-01  4.21235E-24  1.50426E-07 -3.37668E-02  1.0E-07
  8.700E+01  4.73832E-01  4.11238E-24  1.46856E-07 -3.42592E-02  1.0E-07
  8.750E+01  4.78190E-01  4.01506E-24  1.43381E-07 -3.47563E-02  1.0E-07
  8.800E+01  4.82550E-01  3.92033E-24  1.39997E-07 -3.52582E-02  1.0E-07
  8.850E+01  4.86912E-01  3.82808E-24  1.36703E-07 -3.57650E-02  1.0E-07
  8.900E+01  4.91274E-01  3.73826E-24  1.33496E-07 -3.62766E-02  1.0E-07
  8.950E+01  4.95637E-01  3.65078E-24  1.30372E-07 -3.67929E-02  1.0E-07
  9.000E+01  5.00000E-01  3.56557E-24  1.27329E-07 -3.73139E-02  1.0E-07
  9.050E+01  5.04363E-01  3.48256E-24  1.24364E-07 -3.78397E-02  1.0E-07
  9.100E+01  5.08726E-01  3.40168E-24  1.21476E-07 -3.83703E-02  1.0E-07
  9.150E+01  5.13088E-01  3.32287E-24  1.18662E-07 -3.89061E-02  1.0E-07
  9.200E+01  5.17450E-01  3.24606E-24  1.15919E-07 -3.94472E-02  1.0E-07
  9.250E+01  5.21810E-01  3.17120E-24  1.13245E-07 -3.99935E-02  1.0E-07
  9.300E+01  5.26168E-01  3.09822E-24  1.10639E-07 -4.05451E-02  1.0E-07
  9.350E+01  5.30524E-01  3.02707E-24  1.08099E-07 -4.11017E-02  1.0E-07
  9.400E+01  5.34878E-01  2.95770E-24  1.05621E-07 -4.16635E-02  1.0E-07
  9.450E+01  5.39230E-01  2.89005E-24  1.03206E-07 -4.22306E-02  1.0E-07
  9.500E+01  5.43578E-01  2.82408E-24  1.00850E-07 -4.28033E-02  1.0E-07
  9.550E+01  5.47923E-01  2.75972E-24  9.85515E-08 -4.33817E-02  1.0E-07
  9.600E+01  5.52264E-01  2.69694E-24  9.63096E-08 -4.39658E-02  1.0E-07
  9.650E+01  5.56602E-01  2.63570E-24  9.41224E-08 -4.45557E-02  1.0E-07
  9.700E+01  5.60935E-01  2.57594E-24  9.19884E-08 -4.51512E-02  1.0E-07
  9.750E+01  5.65263E-01  2.51762E-24  8.99059E-08 -4.57524E-02  1.0E-07
  9.800E+01  5.69587E-01  2.46071E-24  8.78735E-08 -4.63593E-02  1.0E-07
  9.850E+01  5.73905E-01  2.40516E-24  8.58898E-08 -4.69723E-02  1.0E-07
  9.900E+01  5.78217E-01  2.35094E-24  8.39534E-08 -4.75916E-02  1.0E-07
  9.950E+01  5.82524E-01  2.29800E-24  8.20630E-08 -4.82172E-02  1.0E-07
  1.000E+02  5.86824E-01  2.24631E-24  8.02173E-08 -4.88492E-02  1.0E-07
  1.005E+02  5.91118E-01  2.19584E-24  7.84150E-08 -4.94875E-02  1.0E-07
  1.010E+02  5.95404E-01  2.14656E-24  7.66551E-08 -5.01320E-02  1.0E-07
  1.015E+02  5.99684E-01  2.09843E-24  7.49362E-08 -5.07828E-02  1.0E-07
  1.020E+02  6.03956E-01  2.05142E-24  7.32574E-08 -5.14403E-02  1.0E-07
  1.025E+02  6.08220E-01  2.00549E-24  7.16174E-08 -5.21047E-02  1.0E-07
  1.030E+02  6.12476E-01  1.96063E-24  7.00153E-08 -5.27762E-02  1.0E-07
  1.035E+02  6.16723E-01  1.91679E-24  6.84499E-08 -5.34547E-02  1.0E-07
  1.040E+02  6.20961E-01  1.87396E-24  6.69204E-08 -5.41403E-02  1.0E-07
  1.045E+02  6.25190E-01  1.83211E-24  6.54259E-08 -5.48328E-02  1.0E-07
  1.050E+02  6.29410E-01  1.79121E-24  6.39653E-08 -5.55324E-02  1.0E-07
  1.055E+02  6.33619E-01  1.75123E-24  6.25377E-08 -5.62394E-02  1.0E-07
  1.060E+02  6.37819E-01  1.71216E-24  6.11424E-08 -5.69540E-02  1.0E-07
  1.065E+02  6.42008E-01  1.67396E-24  5.97784E-08 -5.76765E-02  1.0E-07
  1.070E+02  6.46186E-01  1.63662E-24  5.84449E-08 -5.84070E-02  1.0E-07
  1.075E+02  6.50353E-01  1.60012E-24  5.71411E-08 -5.91453E-02  1.0E-07
  1.080E+02  6.54508E-01  1.56442E-24  5.58664E-08 -5.98917E-02  1.0E-07
  1.085E+02  6.58652E-01  1.52951E-24  5.46199E-08 -6.06457E-02  1.0E-07
  1.090E+02  6.62784E-01  1.49538E-24  5.34010E-08 -6.14081E-02  1.0E-07
  1.095E+02  6.66903E-01  1.46200E-24  5.22088E-08 -6.21790E-02  1.0E-07
  1.100E+02  6.71010E-01  1.42935E-24  5.10428E-08 -6.29588E-02  1.0E-07
  1.105E+02  6.75104E-01  1.39741E-24  4.99023E-08 -6.37475E-02  1.0E-07
  1.110E+02  6.79184E-01  1.36616E-24  4.87866E-08 -6.45453E-02  1.0E-07
  1.115E+02  6.83251E-01  1.33560E-24  4.76952E-08 -6.53519E-02  1.0E-07
  1.120E+02  6.87303E-01  1.30570E-24  4.66274E-08 -6.61676E-02  1.0E-07
  1.125E+02  6.91342E-01  1.27644E-24  4.55827E-08 -6.69924E-02  1.0E-07
  1.130E+02  6.95366E-01  1.24782E-24  4.45604E-08 -6.78269E-02  1.0E-07
  1.135E+02  6.99375E-01  1.21981E-24  4.35601E-08 -6.86715E-02  1.0E-07
  1.140E+02  7.03368E-01  1.19239E-24  4.25811E-08 -6.95262E-02  1.0E-07
  1.145E+02  7.07347E-01  1.16556E-24  4.16231E-08 -7.03912E-02  1.0E-07
  1.150E+02  7.11309E-01  1.13931E-24  4.06854E-08 -7.12665E-02  1.0E-07
  1.155E+02  7.15256E-01  1.11361E-24  3.97676E-08 -7.21519E-02  1.0E-07
  1.160E+02  7.19186E-01  1.08845E-24  3.88693E-08 -7.30479E-02  1.0E-07
  1.165E+02  7.23099E-01  1.06383E-24  3.79899E-08 -7.39548E-02  1.0E-07
  1.170E+02  7.26995E-01  1.03972E-24  3.71290E-08 -7.48731E-02  1.0E-07
  1.175E+02  7.30874E-01  1.01612E-24  3.62862E-08 -7.58031E-02  1.0E-07
  1.180E+02  7.34736E-01  9.93010E-25  3.54610E-08 -7.67450E-02  1.0E-07
  1.185E+02  7.38579E-01  9.70385E-25  3.46531E-08 -7.76986E-02  1.0E-07
  1.190E+02  7.42405E-01  9.48233E-25  3.38620E-08 -7.86640E-02  1.0E-07
  1.195E+02  7.46212E-01  9.26541E-25  3.30874E-08 -7.96414E-02  1.0E-07
  1.200E+02  7.50000E-01  9.05300E-25  3.23288E-08 -8.06314E-02  1.0E-07
  1.205E+02  7.53769E-01  8.84498E-25  3.15860E-08 -8.16345E-02  1.0E-07
  1.210E+02  7.57519E-01  8.64126E-25  3.08585E-08 -8.26510E-02  1.0E-07
  1.215E+02  7.61249E-01  8.44174E-25  3.01460E-08 -8.36813E-02  1.0E-07
  1.220E+02  7.64960E-01  8.24633E-25  2.94482E-08 -8.47252E-02  1.0E-07
  1.225E+02  7.68650E-01  8.05493E-25  2.87647E-08 -8.57828E-02  1.0E-07
  1.230E+02  7.72320E-01  7.86747E-25  2.80952E-08 -8.68544E-02  1.0E-07
  1.235E+02  7.75968E-01  7.68384E-25  2.74395E-08 -8.79404E-02  1.0E-07
  1.240E+02  7.79596E-01  7.50396E-25  2.67971E-08 -8.90415E-02  1.0E-07
  1.245E+02  7.83203E-01  7.32776E-25  2.61679E-08 -9.01584E-02  1.0E-07
  1.250E+02  7.86788E-01  7.15514E-25  2.55515E-08 -9.12912E-02  1.0E-07
  1.255E+02  7.90351E-01  6.98604E-25  2.49476E-08 -9.24400E-02  1.0E-07
  1.260E+02  7.93893E-01  6.82038E-25  2.43560E-08 -9.36048E-02  1.0E-07
  1.265E+02  7.97411E-01  6.65808E-25  2.37764E-08 -9.47859E-02  1.0E-07
  1.270E+02  8.00908E-01  6.49908E-25  2.32086E-08 -9.59839E-02  1.0E-07
  1.275E+02  8.04381E-01  6.34330E-25  2.26523E-08 -9.71995E-02  1.0E-07
  1.280E+02  8.07831E-01  6.19066E-25  2.21073E-08 -9.84334E-02  1.0E-07
  1.285E+02  8.11257E-01  6.04112E-25  2.15732E-08 -9.96861E-02  1.0E-07
  1.290E+02  8.14660E-01  5.89459E-25  2.10500E-08 -1.00958E-01  1.0E-07
  1.295E+02  8.18039E-01  5.75103E-25  2.05373E-08 -1.02248E-01  1.0E-07
  1.300E+02  8.21394E-01  5.61037E-25  2.00350E-08 -1.03558E-01  1.0E-07
  1.305E+02  8.24724E-01  5.47254E-25  1.95428E-08 -1.04887E-01  1.0E-07
  1.310E+02  8.28030E-01  5.33750E-25  1.90606E-08 -1.06237E-01  1.0E-07
  1.315E+02  8.31310E-01  5.20518E-25  1.85880E-08 -1.07609E-01  1.0E-07
  1.320E+02  8.34565E-01  5.07552E-25  1.81250E-08 -1.09003E-01  1.0E-07
  1.325E+02  8.37795E-01  4.94848E-25  1.76713E-08 -1.10419E-01  1.0E-07
  1.330E+02  8.40999E-01  4.82400E-25  1.72268E-08 -1.11858E-01  1.0E-07
  1.335E+02  8.44177E-01  4.70204E-25  1.67913E-08 -1.13320E-01  1.0E-07
  1.340E+02  8.47329E-01  4.58254E-25  1.63645E-08 -1.14805E-01  1.0E-07
  1.345E+02  8.50455E-01  4.46545E-25  1.59464E-08 -1.16315E-01  1.0E-07
  1.350E+02  8.53553E-01  4.35072E-25  1.55367E-08 -1.17850E-01  1.0E-07
  1.355E+02  8.56625E-01  4.23832E-25  1.51353E-08 -1.19411E-01  1.0E-07
  1.360E+02  8.59670E-01  4.12819E-25  1.47420E-08 -1.21000E-01  1.0E-07
  1.365E+02  8.62687E-01  4.02029E-25  1.43567E-08 -1.22615E-01  1.0E-07
  1.370E+02  8.65677E-01  3.91458E-25  1.39792E-08 -1.24258E-01  1.0E-07
  1.375E+02  8.68639E-01  3.81102E-25  1.36094E-08 -1.25928E-01  1.0E-07
  1.380E+02  8.71572E-01  3.70956E-25  1.32471E-08 -1.27628E-01  1.0E-07
  1.385E+02  8.74478E-01  3.61018E-25  1.28922E-08 -1.29358E-01  1.0E-07
  1.390E+02  8.77355E-01  3.51282E-25  1.25445E-08 -1.31120E-01  1.0E-07
  1.395E+02  8.80203E-01  3.41745E-25  1.22039E-08 -1.32914E-01  1.0E-07
  1.400E+02  8.83022E-01  3.32404E-25  1.18704E-08 -1.34741E-01  1.0E-07
  1.405E+02  8.85812E-01  3.23255E-25  1.15436E-08 -1.36601E-01  1.0E-07
  1.410E+02  8.88573E-01  3.14294E-25  1.12237E-08 -1.38494E-01  1.0E-07
  1.415E+02  8.91304E-01  3.05519E-25  1.09103E-08 -1.40421E-01  1.0E-07
  1.420E+02  8.94005E-01  2.96926E-25  1.06034E-08 -1.42384E-01  1.0E-07
  1.425E+02  8.96677E-01  2.88511E-25  1.03029E-08 -1.44386E-01  1.0E-07
  1.430E+02  8.99318E-01  2.80271E-25  1.00087E-08 -1.46428E-01  1.0E-07
  1.435E+02  9.01928E-01  2.72204E-25  9.72058E-09 -1.48510E-01  1.0E-07
  1.440E+02  9.04508E-01  2.64306E-25  9.43856E-09 -1.50630E-01  1.0E-07
  1.445E+02  9.07058E-01  2.56576E-25  9.16249E-09 -1.52788E-01  1.0E-07
  1.450E+02  9.09576E-01  2.49009E-25  8.89228E-09 -1.54988E-01  1.0E-07
  1.455E+02  9.12063E-01  2.41603E-25  8.62781E-09 -1.57234E-01  1.0E-07
  1.460E+02  9.14519E-01  2.34355E-25  8.36899E-09 -1.59527E-01  1.0E-07
  1.465E+02  9.16943E-01  2.27263E-25  8.11572E-09 -1.61866E-01  1.0E-07
  1.470E+02  9.19335E-01  2.20325E-25  7.86793E-09 -1.64250E-01  1.0E-07
  1.475E+02  9.21696E-01  2.13537E-25  7.62554E-09 -1.66680E-01  1.0E-07
  1.480E+02  9.24024E-01  2.06897E-25  7.38844E-09 -1.69159E-01  1.0E-07
  1.485E+02  9.26320E-01  2.00404E-25  7.15655E-09 -1.71689E-01  1.0E-07
  1.490E+02  9.28584E-01  1.94054E-25  6.92979E-09 -1.74271E-01  1.0E-07
  1.495E+02  9.30815E-01  1.87845E-25  6.70807E-09 -1.76908E-01  1.0E-07
  1.500E+02  9.33013E-01  1.81776E-25  6.49133E-09 -1.79598E-01  1.0E-07
  1.505E+02  9.35178E-01  1.75844E-25  6.27949E-09 -1.82344E-01  1.0E-07
  1.510E+02  9.37310E-01  1.70047E-25  6.07247E-09 -1.85144E-01  1.0E-07
  1.515E+02  9.39409E-01  1.64383E-25  5.87022E-09 -1.88001E-01  1.0E-07
  1.520E+02  9.41474E-01  1.58850E-25  5.67264E-09 -1.90916E-01  1.0E-07
  1.525E+02  9.43505E-01  1.53447E-25  5.47968E-09 -1.93891E-01  1.0E-07
  1.530E+02  9.45503E-01  1.48170E-25  5.29126E-09 -1.96928E-01  1.0E-07
  1.535E+02  9.47467E-01  1.43020E-25  5.10733E-09 -2.00027E-01  1.0E-07
  1.540E+02  9.49397E-01  1.37993E-25  4.92782E-09 -2.03187E-01  1.0E-07
  1.545E+02  9.51293E-01  1.33088E-25  4.75267E-09 -2.06409E-01  1.0E-07
  1.550E+02  9.53154E-01  1.28304E-25  4.58183E-09 -2.09692E-01  1.0E-07
  1.555E+02  9.54981E-01  1.23639E-25  4.41523E-09 -2.13038E-01  1.0E-07
  1.560E+02  9.56773E-01  1.19091E-25  4.25282E-09 -2.16446E-01  1.0E-07
  1.565E+02  9.58530E-01  1.14659E-25  4.09455E-09 -2.19919E-01  1.0E-07
  1.570E+02  9.60252E-01  1.10341E-25  3.94035E-09 -2.23455E-01  1.0E-07
  1.575E+02  9.61940E-01  1.06136E-25  3.79018E-09 -2.27051E-01  1.0E-07
  1.580E+02  9.63592E-01  1.02042E-25  3.64400E-09 -2.30705E-01  1.0E-07
  1.585E+02  9.65209E-01  9.80589E-26  3.50175E-09 -2.34414E-01  1.0E-07
  1.590E+02  9.66790E-01  9.41844E-26  3.36338E-09 -2.38175E-01  1.0E-07
  1.595E+02  9.68336E-01  9.04173E-26  3.22886E-09 -2.41987E-01  1.0E-07
  1.600E+02  9.69846E-01  8.67565E-26  3.09813E-09 -2.45847E-01  1.0E-07
  1.605E+02  9.71321E-01  8.32008E-26  2.97115E-09 -2.49747E-01  1.0E-07
  1.610E+02  9.72759E-01  7.97489E-26  2.84789E-09 -2.53682E-01  1.0E-07
  1.615E+02  9.74162E-01  7.63999E-26  2.72829E-09 -2.57640E-01  1.0E-07
  1.620E+02  9.75528E-01  7.31527E-26  2.61233E-09 -2.61611E-01  1.0E-07
  1.625E+02  9.76858E-01  7.00063E-26  2.49997E-09 -2.65584E-01  1.0E-07
  1.630E+02  9.78152E-01  6.69595E-26  2.39117E-09 -2.69546E-01  1.0E-07
  1.635E+02  9.79410E-01  6.40113E-26  2.28589E-09 -2.73483E-01  1.0E-07
  1.640E+02  9.80631E-01  6.11608E-26  2.18409E-09 -2.77376E-01  1.0E-07
  1.645E+02  9.81815E-01  5.84071E-26  2.08576E-09 -2.81201E-01  1.0E-07
  1.650E+02  9.82963E-01  5.57493E-26  1.99085E-09 -2.84930E-01  1.0E-07
  1.655E+02  9.84074E-01  5.31867E-26  1.89933E-09 -2.88532E-01  1.0E-07
  1.660E+02  9.85148E-01  5.07185E-26  1.81119E-09 -2.91970E-01  1.0E-07
  1.665E+02  9.86185E-01  4.83437E-26  1.72638E-09 -2.95207E-01  1.0E-07
  1.670E+02  9.87185E-01  4.60616E-26  1.64489E-09 -2.98198E-01  1.0E-07
  1.675E+02  9.88148E-01  4.38714E-26  1.56668E-09 -3.00891E-01  1.0E-07
  1.680E+02  9.89074E-01  4.17725E-26  1.49172E-09 -3.03222E-01  1.0E-07
  1.685E+02  9.89962E-01  3.97643E-26  1.42001E-09 -3.05122E-01  1.0E-07
  1.690E+02  9.90814E-01  3.78462E-26  1.35151E-09 -3.06510E-01  1.0E-07
  1.695E+02  9.91627E-01  3.60175E-26  1.28621E-09 -3.07297E-01  1.0E-07
  1.700E+02  9.92404E-01  3.42777E-26  1.22408E-09 -3.07389E-01  1.0E-07
  1.705E+02  9.93143E-01  3.26261E-26  1.16510E-09 -3.06680E-01  1.0E-07
  1.710E+02  9.93844E-01  3.10622E-26  1.10925E-09 -3.05055E-01  1.0E-07
  1.715E+02  9.94508E-01  2.95856E-26  1.05652E-09 -3.02384E-01  1.0E-07
  1.720E+02  9.95134E-01  2.81958E-26  1.00689E-09 -2.98529E-01  1.0E-07
  1.725E+02  9.95722E-01  2.68924E-26  9.60345E-10 -2.93345E-01  1.0E-07
  1.730E+02  9.96273E-01  2.56751E-26  9.16873E-10 -2.86684E-01  1.0E-07
  1.735E+02  9.96786E-01  2.45434E-26  8.76460E-10 -2.78403E-01  1.0E-07
  1.740E+02  9.97261E-01  2.34969E-26  8.39090E-10 -2.68363E-01  1.0E-07
  1.745E+02  9.97698E-01  2.25353E-26  8.04749E-10 -2.56438E-01  1.0E-07
  1.750E+02  9.98097E-01  2.16582E-26  7.73427E-10 -2.42519E-01  1.0E-07
  1.755E+02  9.98459E-01  2.08654E-26  7.45116E-10 -2.26520E-01  1.0E-07
  1.760E+02  9.98782E-01  2.01568E-26  7.19811E-10 -2.08395E-01  1.0E-07
  1.765E+02  9.99067E-01  1.95321E-26  6.97505E-10 -1.88148E-01  1.0E-07
  1.770E+02  9.99315E-01  1.89912E-26  6.78190E-10 -1.65838E-01  1.0E-07
  1.775E+02  9.99524E-01  1.85339E-26  6.61857E-10 -1.41591E-01  1.0E-07
  1.780E+02  9.99695E-01  1.81598E-26  6.48497E-10 -1.15596E-01  1.0E-07
  1.785E+02  9.99829E-01  1.78688E-26  6.38106E-10 -8.81040E-02  1.0E-07
  1.790E+02  9.99924E-01  1.76609E-26  6.30681E-10 -5.94266E-02  1.0E-07
  1.795E+02  9.99981E-01  1.75360E-26  6.26224E-10 -2.99246E-02  1.0E-07
  1.800E+02  1.00000E+00  1.74945E-26  6.24739E-10 -4.20950E-16  1.0E-07
