 #  Scattering field.
 #  All quantities in atomic units (a.u.), unless otherwise indicated.
 #  Z =  53, NELEC =  53,   projectile: electron
 #  Kinetic energy = 1.35973E+05 a.u. = 3.70000E+06 eV
 #
 #   i       r           r*V         r*Vst        r*Vex       r*Vpol       r*Wabs        rho_e
 #------------------------------------------------------------------------------------------------
     1  0.00000E+00 -0.00000E+00 -0.00000E+00  0.00000E+00  0.00000E+00  0.00000E+00  2.53876E+05
     2  2.37786E-07 -1.74509E-01 -1.74508E-01 -1.39232E-07  0.00000E+00  0.00000E+00  2.53876E+05
     3  4.81145E-07 -3.53105E-01 -3.53104E-01 -2.81419E-07  0.00000E+00  0.00000E+00  2.53598E+05
     4  7.30198E-07 -5.35876E-01 -5.35875E-01 -4.26629E-07  0.00000E+00  0.00000E+00  2.53323E+05
     5  9.85080E-07 -7.22918E-01 -7.22918E-01 -5.74937E-07  0.00000E+00  0.00000E+00  2.53053E+05
     6  1.24593E-06 -9.14328E-01 -9.14328E-01 -7.26420E-07  0.00000E+00  0.00000E+00  2.52786E+05
     7  1.51288E-06 -1.11021E+00 -1.11021E+00 -8.81157E-07  0.00000E+00  0.00000E+00  2.52524E+05
     8  1.78608E-06 -1.31065E+00 -1.31065E+00 -1.03923E-06  0.00000E+00  0.00000E+00  2.52266E+05
     9  2.06567E-06 -1.51577E+00 -1.51577E+00 -1.20073E-06  0.00000E+00  0.00000E+00  2.52013E+05
    10  2.35180E-06 -1.72567E+00 -1.72566E+00 -1.36574E-06  0.00000E+00  0.00000E+00  2.51766E+05
    11  2.64463E-06 -1.94045E+00 -1.94044E+00 -1.53436E-06  0.00000E+00  0.00000E+00  2.51525E+05
    12  2.94432E-06 -2.16022E+00 -2.16022E+00 -1.70668E-06  0.00000E+00  0.00000E+00  2.51289E+05
    13  3.25102E-06 -2.38510E+00 -2.38510E+00 -1.88280E-06  0.00000E+00  0.00000E+00  2.51060E+05
    14  3.56489E-06 -2.61520E+00 -2.61520E+00 -2.06283E-06  0.00000E+00  0.00000E+00  2.50838E+05
    15  3.88611E-06 -2.85063E+00 -2.85063E+00 -2.24687E-06  0.00000E+00  0.00000E+00  2.50623E+05
    16  4.21485E-06 -3.09152E+00 -3.09151E+00 -2.43503E-06  0.00000E+00  0.00000E+00  2.50416E+05
    17  4.55128E-06 -3.33797E+00 -3.33797E+00 -2.62743E-06  0.00000E+00  0.00000E+00  2.50217E+05
    18  4.89558E-06 -3.59013E+00 -3.59012E+00 -2.82419E-06  0.00000E+00  0.00000E+00  2.50025E+05
    19  5.24794E-06 -3.84810E+00 -3.84810E+00 -3.02543E-06  0.00000E+00  0.00000E+00  2.49842E+05
    20  5.60855E-06 -4.11201E+00 -4.11201E+00 -3.23128E-06  0.00000E+00  0.00000E+00  2.49668E+05
    21  5.97760E-06 -4.38200E+00 -4.38200E+00 -3.44187E-06  0.00000E+00  0.00000E+00  2.49503E+05
    22  6.35528E-06 -4.65819E+00 -4.65819E+00 -3.65734E-06  0.00000E+00  0.00000E+00  2.49347E+05
    23  6.74180E-06 -4.94071E+00 -4.94071E+00 -3.87782E-06  0.00000E+00  0.00000E+00  2.49201E+05
    24  7.13737E-06 -5.22971E+00 -5.22970E+00 -4.10347E-06  0.00000E+00  0.00000E+00  2.49064E+05
    25  7.54219E-06 -5.52530E+00 -5.52530E+00 -4.33444E-06  0.00000E+00  0.00000E+00  2.48936E+05
    26  7.95649E-06 -5.82764E+00 -5.82764E+00 -4.57087E-06  0.00000E+00  0.00000E+00  2.48819E+05
    27  8.38049E-06 -6.13686E+00 -6.13685E+00 -4.81292E-06  0.00000E+00  0.00000E+00  2.48711E+05
    28  8.81440E-06 -6.45310E+00 -6.45309E+00 -5.06076E-06  0.00000E+00  0.00000E+00  2.48613E+05
    29  9.25847E-06 -6.77650E+00 -6.77650E+00 -5.31455E-06  0.00000E+00  0.00000E+00  2.48525E+05
    30  9.71293E-06 -7.10722E+00 -7.10721E+00 -5.57445E-06  0.00000E+00  0.00000E+00  2.48445E+05
    31  1.01780E-05 -7.44538E+00 -7.44538E+00 -5.84064E-06  0.00000E+00  0.00000E+00  2.48375E+05
    32  1.06540E-05 -7.79115E+00 -7.79114E+00 -6.11329E-06  0.00000E+00  0.00000E+00  2.48313E+05
    33  1.11411E-05 -8.14466E+00 -8.14466E+00 -6.39256E-06  0.00000E+00  0.00000E+00  2.48260E+05
    34  1.16397E-05 -8.50607E+00 -8.50607E+00 -6.67864E-06  0.00000E+00  0.00000E+00  2.48214E+05
    35  1.21498E-05 -8.87553E+00 -8.87552E+00 -6.97168E-06  0.00000E+00  0.00000E+00  2.48174E+05
    36  1.26720E-05 -9.25318E+00 -9.25318E+00 -7.27187E-06  0.00000E+00  0.00000E+00  2.48139E+05
    37  1.32063E-05 -9.63918E+00 -9.63917E+00 -7.57935E-06  0.00000E+00  0.00000E+00  2.48109E+05
    38  1.37532E-05 -1.00337E+01 -1.00337E+01 -7.89430E-06  0.00000E+00  0.00000E+00  2.48082E+05
    39  1.43128E-05 -1.04368E+01 -1.04368E+01 -8.21686E-06  0.00000E+00  0.00000E+00  2.48056E+05
    40  1.48856E-05 -1.08488E+01 -1.08487E+01 -8.54716E-06  0.00000E+00  0.00000E+00  2.48029E+05
    41  1.54717E-05 -1.12696E+01 -1.12696E+01 -8.88538E-06  0.00000E+00  0.00000E+00  2.48001E+05
    42  1.60716E-05 -1.16996E+01 -1.16996E+01 -9.23172E-06  0.00000E+00  0.00000E+00  2.47971E+05
    43  1.66855E-05 -1.21388E+01 -1.21388E+01 -9.58638E-06  0.00000E+00  0.00000E+00  2.47939E+05
    44  1.73138E-05 -1.25874E+01 -1.25874E+01 -9.94958E-06  0.00000E+00  0.00000E+00  2.47906E+05
    45  1.79567E-05 -1.30455E+01 -1.30455E+01 -1.03215E-05  0.00000E+00  0.00000E+00  2.47870E+05
    46  1.86148E-05 -1.35133E+01 -1.35133E+01 -1.07025E-05  0.00000E+00  0.00000E+00  2.47832E+05
    47  1.92882E-05 -1.39909E+01 -1.39909E+01 -1.10927E-05  0.00000E+00  0.00000E+00  2.47791E+05
    48  1.99774E-05 -1.44784E+01 -1.44784E+01 -1.14923E-05  0.00000E+00  0.00000E+00  2.47749E+05
    49  2.06827E-05 -1.49760E+01 -1.49760E+01 -1.19017E-05  0.00000E+00  0.00000E+00  2.47704E+05
    50  2.14045E-05 -1.54837E+01 -1.54837E+01 -1.23210E-05  0.00000E+00  0.00000E+00  2.47656E+05
    51  2.21432E-05 -1.60018E+01 -1.60018E+01 -1.27506E-05  0.00000E+00  0.00000E+00  2.47605E+05
    52  2.28992E-05 -1.65302E+01 -1.65302E+01 -1.31906E-05  0.00000E+00  0.00000E+00  2.47552E+05
    53  2.36729E-05 -1.70692E+01 -1.70692E+01 -1.36415E-05  0.00000E+00  0.00000E+00  2.47495E+05
    54  2.44647E-05 -1.76187E+01 -1.76187E+01 -1.41036E-05  0.00000E+00  0.00000E+00  2.47436E+05
    55  2.52750E-05 -1.81789E+01 -1.81789E+01 -1.45770E-05  0.00000E+00  0.00000E+00  2.47373E+05
    56  2.61043E-05 -1.87499E+01 -1.87499E+01 -1.50621E-05  0.00000E+00  0.00000E+00  2.47306E+05
    57  2.69530E-05 -1.93317E+01 -1.93317E+01 -1.55593E-05  0.00000E+00  0.00000E+00  2.47236E+05
    58  2.78215E-05 -1.99243E+01 -1.99243E+01 -1.60689E-05  0.00000E+00  0.00000E+00  2.47162E+05
    59  2.87104E-05 -2.05278E+01 -2.05278E+01 -1.65913E-05  0.00000E+00  0.00000E+00  2.47084E+05
    60  2.96201E-05 -2.11422E+01 -2.11422E+01 -1.71268E-05  0.00000E+00  0.00000E+00  2.47002E+05
    61  3.05510E-05 -2.17675E+01 -2.17675E+01 -1.76758E-05  0.00000E+00  0.00000E+00  2.46916E+05
    62  3.15038E-05 -2.24037E+01 -2.24037E+01 -1.82388E-05  0.00000E+00  0.00000E+00  2.46824E+05
    63  3.24788E-05 -2.30507E+01 -2.30506E+01 -1.88160E-05  0.00000E+00  0.00000E+00  2.46728E+05
    64  3.34767E-05 -2.37084E+01 -2.37084E+01 -1.94081E-05  0.00000E+00  0.00000E+00  2.46628E+05
    65  3.44979E-05 -2.43768E+01 -2.43767E+01 -2.00153E-05  0.00000E+00  0.00000E+00  2.46521E+05
    66  3.55431E-05 -2.50557E+01 -2.50556E+01 -2.06383E-05  0.00000E+00  0.00000E+00  2.46410E+05
    67  3.66126E-05 -2.57449E+01 -2.57449E+01 -2.12774E-05  0.00000E+00  0.00000E+00  2.46292E+05
    68  3.77073E-05 -2.64444E+01 -2.64443E+01 -2.19333E-05  0.00000E+00  0.00000E+00  2.46169E+05
    69  3.88275E-05 -2.71537E+01 -2.71537E+01 -2.26064E-05  0.00000E+00  0.00000E+00  2.46040E+05
    70  3.99739E-05 -2.78728E+01 -2.78728E+01 -2.32973E-05  0.00000E+00  0.00000E+00  2.45904E+05
    71  4.11472E-05 -2.86012E+01 -2.86012E+01 -2.40067E-05  0.00000E+00  0.00000E+00  2.45761E+05
    72  4.23479E-05 -2.93387E+01 -2.93386E+01 -2.47351E-05  0.00000E+00  0.00000E+00  2.45611E+05
    73  4.35768E-05 -3.00847E+01 -3.00846E+01 -2.54832E-05  0.00000E+00  0.00000E+00  2.45454E+05
    74  4.48343E-05 -3.08388E+01 -3.08388E+01 -2.62516E-05  0.00000E+00  0.00000E+00  2.45289E+05
    75  4.61214E-05 -3.16005E+01 -3.16005E+01 -2.70413E-05  0.00000E+00  0.00000E+00  2.45116E+05
    76  4.74385E-05 -3.23692E+01 -3.23692E+01 -2.78528E-05  0.00000E+00  0.00000E+00  2.44936E+05
    77  4.87864E-05 -3.31443E+01 -3.31442E+01 -2.86870E-05  0.00000E+00  0.00000E+00  2.44746E+05
    78  5.01660E-05 -3.39249E+01 -3.39248E+01 -2.95448E-05  0.00000E+00  0.00000E+00  2.44548E+05
    79  5.15777E-05 -3.47103E+01 -3.47102E+01 -3.04270E-05  0.00000E+00  0.00000E+00  2.44340E+05
    80  5.30226E-05 -3.54995E+01 -3.54995E+01 -3.13348E-05  0.00000E+00  0.00000E+00  2.44124E+05
    81  5.45012E-05 -3.62916E+01 -3.62915E+01 -3.22689E-05  0.00000E+00  0.00000E+00  2.43897E+05
    82  5.60144E-05 -3.70854E+01 -3.70853E+01 -3.32307E-05  0.00000E+00  0.00000E+00  2.43660E+05
    83  5.75631E-05 -3.78797E+01 -3.78797E+01 -3.42212E-05  0.00000E+00  0.00000E+00  2.43412E+05
    84  5.91480E-05 -3.86732E+01 -3.86732E+01 -3.52416E-05  0.00000E+00  0.00000E+00  2.43154E+05
    85  6.07700E-05 -3.94645E+01 -3.94645E+01 -3.62932E-05  0.00000E+00  0.00000E+00  2.42884E+05
    86  6.24299E-05 -4.02520E+01 -4.02519E+01 -3.73776E-05  0.00000E+00  0.00000E+00  2.42603E+05
    87  6.41287E-05 -4.10339E+01 -4.10338E+01 -3.84960E-05  0.00000E+00  0.00000E+00  2.42309E+05
    88  6.58673E-05 -4.18084E+01 -4.18084E+01 -3.96502E-05  0.00000E+00  0.00000E+00  2.42004E+05
    89  6.76465E-05 -4.25736E+01 -4.25735E+01 -4.08419E-05  0.00000E+00  0.00000E+00  2.41686E+05
    90  6.94674E-05 -4.33272E+01 -4.33272E+01 -4.20728E-05  0.00000E+00  0.00000E+00  2.41355E+05
    91  7.13308E-05 -4.40671E+01 -4.40671E+01 -4.33448E-05  0.00000E+00  0.00000E+00  2.41011E+05
    92  7.32379E-05 -4.47908E+01 -4.47908E+01 -4.46600E-05  0.00000E+00  0.00000E+00  2.40654E+05
    93  7.51896E-05 -4.54958E+01 -4.54957E+01 -4.60207E-05  0.00000E+00  0.00000E+00  2.40282E+05
    94  7.71870E-05 -4.61794E+01 -4.61794E+01 -4.74290E-05  0.00000E+00  0.00000E+00  2.39897E+05
    95  7.92312E-05 -4.68389E+01 -4.68389E+01 -4.88874E-05  0.00000E+00  0.00000E+00  2.39497E+05
    96  8.13232E-05 -4.74716E+01 -4.74715E+01 -5.03984E-05  0.00000E+00  0.00000E+00  2.39083E+05
    97  8.34641E-05 -4.80746E+01 -4.80746E+01 -5.19647E-05  0.00000E+00  0.00000E+00  2.38654E+05
    98  8.56551E-05 -4.86453E+01 -4.86452E+01 -5.35888E-05  0.00000E+00  0.00000E+00  2.38211E+05
    99  8.78974E-05 -4.91811E+01 -4.91810E+01 -5.52737E-05  0.00000E+00  0.00000E+00  2.37752E+05
   100  9.01922E-05 -4.96797E+01 -4.96796E+01 -5.70218E-05  0.00000E+00  0.00000E+00  2.37279E+05
   101  9.25407E-05 -5.01392E+01 -5.01391E+01 -5.88360E-05  0.00000E+00  0.00000E+00  2.36790E+05
   102  9.49441E-05 -5.05581E+01 -5.05580E+01 -6.07185E-05  0.00000E+00  0.00000E+00  2.36287E+05
   103  9.74038E-05 -5.09356E+01 -5.09356E+01 -6.26716E-05  0.00000E+00  0.00000E+00  2.35769E+05
   104  9.99211E-05 -5.12717E+01 -5.12716E+01 -6.46973E-05  0.00000E+00  0.00000E+00  2.35236E+05
   105  1.02497E-04 -5.15669E+01 -5.15668E+01 -6.67970E-05  0.00000E+00  0.00000E+00  2.34688E+05
   106  1.05134E-04 -5.18227E+01 -5.18226E+01 -6.89718E-05  0.00000E+00  0.00000E+00  2.34126E+05
   107  1.07832E-04 -5.20413E+01 -5.20412E+01 -7.12225E-05  0.00000E+00  0.00000E+00  2.33549E+05
   108  1.10593E-04 -5.22254E+01 -5.22254E+01 -7.35493E-05  0.00000E+00  0.00000E+00  2.32959E+05
   109  1.13419E-04 -5.23785E+01 -5.23784E+01 -7.59521E-05  0.00000E+00  0.00000E+00  2.32356E+05
   110  1.16311E-04 -5.25040E+01 -5.25039E+01 -7.84307E-05  0.00000E+00  0.00000E+00  2.31739E+05
   111  1.19271E-04 -5.26055E+01 -5.26055E+01 -8.09845E-05  0.00000E+00  0.00000E+00  2.31110E+05
   112  1.22300E-04 -5.26867E+01 -5.26866E+01 -8.36129E-05  0.00000E+00  0.00000E+00  2.30468E+05
   113  1.25400E-04 -5.27507E+01 -5.27506E+01 -8.63155E-05  0.00000E+00  0.00000E+00  2.29815E+05
   114  1.28572E-04 -5.28006E+01 -5.28005E+01 -8.90919E-05  0.00000E+00  0.00000E+00  2.29150E+05
   115  1.31819E-04 -5.28390E+01 -5.28389E+01 -9.19417E-05  0.00000E+00  0.00000E+00  2.28475E+05
   116  1.35141E-04 -5.28683E+01 -5.28682E+01 -9.48649E-05  0.00000E+00  0.00000E+00  2.27789E+05
   117  1.38542E-04 -5.28903E+01 -5.28902E+01 -9.78614E-05  0.00000E+00  0.00000E+00  2.27094E+05
   118  1.42022E-04 -5.29065E+01 -5.29064E+01 -1.00932E-04  0.00000E+00  0.00000E+00  2.26389E+05
   119  1.45583E-04 -5.29184E+01 -5.29183E+01 -1.04076E-04  0.00000E+00  0.00000E+00  2.25675E+05
   120  1.49228E-04 -5.29268E+01 -5.29267E+01 -1.07294E-04  0.00000E+00  0.00000E+00  2.24953E+05
   121  1.52958E-04 -5.29327E+01 -5.29326E+01 -1.10588E-04  0.00000E+00  0.00000E+00  2.24223E+05
   122  1.56775E-04 -5.29366E+01 -5.29365E+01 -1.13957E-04  0.00000E+00  0.00000E+00  2.23485E+05
   123  1.60682E-04 -5.29390E+01 -5.29389E+01 -1.17403E-04  0.00000E+00  0.00000E+00  2.22740E+05
   124  1.64680E-04 -5.29404E+01 -5.29403E+01 -1.20927E-04  0.00000E+00  0.00000E+00  2.21987E+05
   125  1.68771E-04 -5.29409E+01 -5.29408E+01 -1.24530E-04  0.00000E+00  0.00000E+00  2.21229E+05
   126  1.72959E-04 -5.29409E+01 -5.29407E+01 -1.28212E-04  0.00000E+00  0.00000E+00  2.20464E+05
   127  1.77244E-04 -5.29404E+01 -5.29403E+01 -1.31975E-04  0.00000E+00  0.00000E+00  2.19693E+05
   128  1.81630E-04 -5.29396E+01 -5.29395E+01 -1.35821E-04  0.00000E+00  0.00000E+00  2.18917E+05
   129  1.86118E-04 -5.29386E+01 -5.29384E+01 -1.39749E-04  0.00000E+00  0.00000E+00  2.18136E+05
   130  1.90711E-04 -5.29374E+01 -5.29372E+01 -1.43762E-04  0.00000E+00  0.00000E+00  2.17350E+05
   131  1.95412E-04 -5.29360E+01 -5.29359E+01 -1.47860E-04  0.00000E+00  0.00000E+00  2.16558E+05
   132  2.00223E-04 -5.29346E+01 -5.29344E+01 -1.52046E-04  0.00000E+00  0.00000E+00  2.15763E+05
   133  2.05146E-04 -5.29331E+01 -5.29329E+01 -1.56320E-04  0.00000E+00  0.00000E+00  2.14963E+05
   134  2.10185E-04 -5.29315E+01 -5.29313E+01 -1.60683E-04  0.00000E+00  0.00000E+00  2.14159E+05
   135  2.15342E-04 -5.29298E+01 -5.29297E+01 -1.65137E-04  0.00000E+00  0.00000E+00  2.13352E+05
   136  2.20619E-04 -5.29281E+01 -5.29280E+01 -1.69684E-04  0.00000E+00  0.00000E+00  2.12541E+05
   137  2.26020E-04 -5.29264E+01 -5.29262E+01 -1.74324E-04  0.00000E+00  0.00000E+00  2.11726E+05
   138  2.31547E-04 -5.29246E+01 -5.29244E+01 -1.79059E-04  0.00000E+00  0.00000E+00  2.10909E+05
   139  2.37203E-04 -5.29228E+01 -5.29226E+01 -1.83891E-04  0.00000E+00  0.00000E+00  2.10088E+05
   140  2.42992E-04 -5.29209E+01 -5.29207E+01 -1.88821E-04  0.00000E+00  0.00000E+00  2.09264E+05
   141  2.48916E-04 -5.29190E+01 -5.29188E+01 -1.93850E-04  0.00000E+00  0.00000E+00  2.08438E+05
   142  2.54979E-04 -5.29170E+01 -5.29168E+01 -1.98980E-04  0.00000E+00  0.00000E+00  2.07608E+05
   143  2.61184E-04 -5.29150E+01 -5.29148E+01 -2.04212E-04  0.00000E+00  0.00000E+00  2.06777E+05
   144  2.67534E-04 -5.29129E+01 -5.29127E+01 -2.09548E-04  0.00000E+00  0.00000E+00  2.05943E+05
   145  2.74032E-04 -5.29108E+01 -5.29106E+01 -2.14989E-04  0.00000E+00  0.00000E+00  2.05106E+05
   146  2.80683E-04 -5.29086E+01 -5.29084E+01 -2.20537E-04  0.00000E+00  0.00000E+00  2.04267E+05
   147  2.87489E-04 -5.29064E+01 -5.29062E+01 -2.26193E-04  0.00000E+00  0.00000E+00  2.03427E+05
   148  2.94455E-04 -5.29041E+01 -5.29039E+01 -2.31959E-04  0.00000E+00  0.00000E+00  2.02584E+05
   149  3.01583E-04 -5.29018E+01 -5.29016E+01 -2.37836E-04  0.00000E+00  0.00000E+00  2.01739E+05
   150  3.08879E-04 -5.28995E+01 -5.28992E+01 -2.43826E-04  0.00000E+00  0.00000E+00  2.00892E+05
   151  3.16345E-04 -5.28970E+01 -5.28968E+01 -2.49931E-04  0.00000E+00  0.00000E+00  2.00044E+05
   152  3.23986E-04 -5.28945E+01 -5.28943E+01 -2.56152E-04  0.00000E+00  0.00000E+00  1.99194E+05
   153  3.31805E-04 -5.28920E+01 -5.28917E+01 -2.62491E-04  0.00000E+00  0.00000E+00  1.98342E+05
   154  3.39808E-04 -5.28894E+01 -5.28891E+01 -2.68949E-04  0.00000E+00  0.00000E+00  1.97488E+05
   155  3.47998E-04 -5.28867E+01 -5.28864E+01 -2.75528E-04  0.00000E+00  0.00000E+00  1.96632E+05
   156  3.56379E-04 -5.28840E+01 -5.28837E+01 -2.82230E-04  0.00000E+00  0.00000E+00  1.95775E+05
   157  3.64957E-04 -5.28812E+01 -5.28809E+01 -2.89057E-04  0.00000E+00  0.00000E+00  1.94917E+05
   158  3.73735E-04 -5.28783E+01 -5.28781E+01 -2.96009E-04  0.00000E+00  0.00000E+00  1.94056E+05
   159  3.82719E-04 -5.28754E+01 -5.28751E+01 -3.03089E-04  0.00000E+00  0.00000E+00  1.93195E+05
   160  3.91913E-04 -5.28724E+01 -5.28721E+01 -3.10298E-04  0.00000E+00  0.00000E+00  1.92331E+05
   161  4.01322E-04 -5.28694E+01 -5.28691E+01 -3.17639E-04  0.00000E+00  0.00000E+00  1.91466E+05
   162  4.10952E-04 -5.28662E+01 -5.28659E+01 -3.25112E-04  0.00000E+00  0.00000E+00  1.90600E+05
   163  4.20807E-04 -5.28630E+01 -5.28627E+01 -3.32720E-04  0.00000E+00  0.00000E+00  1.89732E+05
   164  4.30892E-04 -5.28598E+01 -5.28594E+01 -3.40464E-04  0.00000E+00  0.00000E+00  1.88862E+05
   165  4.41213E-04 -5.28564E+01 -5.28560E+01 -3.48347E-04  0.00000E+00  0.00000E+00  1.87991E+05
   166  4.51776E-04 -5.28530E+01 -5.28526E+01 -3.56368E-04  0.00000E+00  0.00000E+00  1.87119E+05
   167  4.62586E-04 -5.28494E+01 -5.28491E+01 -3.64532E-04  0.00000E+00  0.00000E+00  1.86244E+05
   168  4.73649E-04 -5.28458E+01 -5.28455E+01 -3.72838E-04  0.00000E+00  0.00000E+00  1.85369E+05
   169  4.84971E-04 -5.28422E+01 -5.28418E+01 -3.81290E-04  0.00000E+00  0.00000E+00  1.84491E+05
   170  4.96558E-04 -5.28384E+01 -5.28380E+01 -3.89888E-04  0.00000E+00  0.00000E+00  1.83612E+05
   171  5.08416E-04 -5.28345E+01 -5.28341E+01 -3.98635E-04  0.00000E+00  0.00000E+00  1.82732E+05
   172  5.20551E-04 -5.28306E+01 -5.28302E+01 -4.07532E-04  0.00000E+00  0.00000E+00  1.81849E+05
   173  5.32971E-04 -5.28265E+01 -5.28261E+01 -4.16581E-04  0.00000E+00  0.00000E+00  1.80965E+05
   174  5.45681E-04 -5.28224E+01 -5.28220E+01 -4.25783E-04  0.00000E+00  0.00000E+00  1.80079E+05
   175  5.58688E-04 -5.28182E+01 -5.28177E+01 -4.35141E-04  0.00000E+00  0.00000E+00  1.79191E+05
   176  5.72000E-04 -5.28138E+01 -5.28134E+01 -4.44656E-04  0.00000E+00  0.00000E+00  1.78302E+05
   177  5.85624E-04 -5.28094E+01 -5.28090E+01 -4.54329E-04  0.00000E+00  0.00000E+00  1.77411E+05
   178  5.99566E-04 -5.28049E+01 -5.28044E+01 -4.64163E-04  0.00000E+00  0.00000E+00  1.76517E+05
   179  6.13834E-04 -5.28002E+01 -5.27998E+01 -4.74160E-04  0.00000E+00  0.00000E+00  1.75622E+05
   180  6.28436E-04 -5.27955E+01 -5.27950E+01 -4.84320E-04  0.00000E+00  0.00000E+00  1.74725E+05
   181  6.43380E-04 -5.27906E+01 -5.27901E+01 -4.94645E-04  0.00000E+00  0.00000E+00  1.73826E+05
   182  6.58674E-04 -5.27857E+01 -5.27852E+01 -5.05137E-04  0.00000E+00  0.00000E+00  1.72924E+05
   183  6.74326E-04 -5.27806E+01 -5.27801E+01 -5.15798E-04  0.00000E+00  0.00000E+00  1.72021E+05
   184  6.90343E-04 -5.27754E+01 -5.27748E+01 -5.26630E-04  0.00000E+00  0.00000E+00  1.71115E+05
   185  7.06736E-04 -5.27700E+01 -5.27695E+01 -5.37633E-04  0.00000E+00  0.00000E+00  1.70207E+05
   186  7.23512E-04 -5.27646E+01 -5.27640E+01 -5.48809E-04  0.00000E+00  0.00000E+00  1.69297E+05
   187  7.40681E-04 -5.27590E+01 -5.27584E+01 -5.60159E-04  0.00000E+00  0.00000E+00  1.68384E+05
   188  7.58251E-04 -5.27533E+01 -5.27527E+01 -5.71686E-04  0.00000E+00  0.00000E+00  1.67469E+05
   189  7.76233E-04 -5.27474E+01 -5.27469E+01 -5.83390E-04  0.00000E+00  0.00000E+00  1.66551E+05
   190  7.94636E-04 -5.27415E+01 -5.27409E+01 -5.95274E-04  0.00000E+00  0.00000E+00  1.65631E+05
   191  8.13469E-04 -5.27353E+01 -5.27347E+01 -6.07337E-04  0.00000E+00  0.00000E+00  1.64708E+05
   192  8.32742E-04 -5.27291E+01 -5.27285E+01 -6.19581E-04  0.00000E+00  0.00000E+00  1.63783E+05
   193  8.52467E-04 -5.27227E+01 -5.27220E+01 -6.32008E-04  0.00000E+00  0.00000E+00  1.62855E+05
   194  8.72653E-04 -5.27161E+01 -5.27155E+01 -6.44618E-04  0.00000E+00  0.00000E+00  1.61924E+05
   195  8.93312E-04 -5.27094E+01 -5.27087E+01 -6.57413E-04  0.00000E+00  0.00000E+00  1.60990E+05
   196  9.14454E-04 -5.27025E+01 -5.27019E+01 -6.70394E-04  0.00000E+00  0.00000E+00  1.60053E+05
   197  9.36091E-04 -5.26955E+01 -5.26948E+01 -6.83561E-04  0.00000E+00  0.00000E+00  1.59113E+05
   198  9.58234E-04 -5.26883E+01 -5.26876E+01 -6.96915E-04  0.00000E+00  0.00000E+00  1.58170E+05
   199  9.80895E-04 -5.26810E+01 -5.26802E+01 -7.10458E-04  0.00000E+00  0.00000E+00  1.57224E+05
   200  1.00409E-03 -5.26734E+01 -5.26727E+01 -7.24189E-04  0.00000E+00  0.00000E+00  1.56274E+05
   201  1.02782E-03 -5.26657E+01 -5.26650E+01 -7.38109E-04  0.00000E+00  0.00000E+00  1.55322E+05
   202  1.05211E-03 -5.26578E+01 -5.26571E+01 -7.52219E-04  0.00000E+00  0.00000E+00  1.54365E+05
   203  1.07697E-03 -5.26498E+01 -5.26490E+01 -7.66519E-04  0.00000E+00  0.00000E+00  1.53406E+05
   204  1.10241E-03 -5.26415E+01 -5.26407E+01 -7.81010E-04  0.00000E+00  0.00000E+00  1.52443E+05
   205  1.12844E-03 -5.26331E+01 -5.26323E+01 -7.95690E-04  0.00000E+00  0.00000E+00  1.51476E+05
   206  1.15508E-03 -5.26244E+01 -5.26236E+01 -8.10561E-04  0.00000E+00  0.00000E+00  1.50506E+05
   207  1.18235E-03 -5.26156E+01 -5.26148E+01 -8.25623E-04  0.00000E+00  0.00000E+00  1.49532E+05
   208  1.21026E-03 -5.26065E+01 -5.26057E+01 -8.40874E-04  0.00000E+00  0.00000E+00  1.48554E+05
   209  1.23882E-03 -5.25973E+01 -5.25964E+01 -8.56315E-04  0.00000E+00  0.00000E+00  1.47572E+05
   210  1.26804E-03 -5.25878E+01 -5.25869E+01 -8.71944E-04  0.00000E+00  0.00000E+00  1.46587E+05
   211  1.29795E-03 -5.25781E+01 -5.25772E+01 -8.87762E-04  0.00000E+00  0.00000E+00  1.45597E+05
   212  1.32856E-03 -5.25682E+01 -5.25673E+01 -9.03768E-04  0.00000E+00  0.00000E+00  1.44603E+05
   213  1.35989E-03 -5.25580E+01 -5.25571E+01 -9.19959E-04  0.00000E+00  0.00000E+00  1.43605E+05
   214  1.39195E-03 -5.25477E+01 -5.25467E+01 -9.36336E-04  0.00000E+00  0.00000E+00  1.42603E+05
   215  1.42476E-03 -5.25370E+01 -5.25361E+01 -9.52896E-04  0.00000E+00  0.00000E+00  1.41597E+05
   216  1.45833E-03 -5.25262E+01 -5.25252E+01 -9.69638E-04  0.00000E+00  0.00000E+00  1.40586E+05
   217  1.49270E-03 -5.25150E+01 -5.25140E+01 -9.86561E-04  0.00000E+00  0.00000E+00  1.39570E+05
   218  1.52786E-03 -5.25037E+01 -5.25027E+01 -1.00366E-03  0.00000E+00  0.00000E+00  1.38551E+05
   219  1.56385E-03 -5.24920E+01 -5.24910E+01 -1.02094E-03  0.00000E+00  0.00000E+00  1.37526E+05
   220  1.60068E-03 -5.24801E+01 -5.24791E+01 -1.03839E-03  0.00000E+00  0.00000E+00  1.36497E+05
   221  1.63838E-03 -5.24679E+01 -5.24669E+01 -1.05601E-03  0.00000E+00  0.00000E+00  1.35463E+05
   222  1.67695E-03 -5.24554E+01 -5.24544E+01 -1.07379E-03  0.00000E+00  0.00000E+00  1.34425E+05
   223  1.71643E-03 -5.24427E+01 -5.24416E+01 -1.09175E-03  0.00000E+00  0.00000E+00  1.33382E+05
   224  1.75683E-03 -5.24296E+01 -5.24285E+01 -1.10986E-03  0.00000E+00  0.00000E+00  1.32333E+05
   225  1.79818E-03 -5.24163E+01 -5.24152E+01 -1.12813E-03  0.00000E+00  0.00000E+00  1.31280E+05
   226  1.84049E-03 -5.24026E+01 -5.24015E+01 -1.14655E-03  0.00000E+00  0.00000E+00  1.30222E+05
   227  1.88380E-03 -5.23887E+01 -5.23875E+01 -1.16512E-03  0.00000E+00  0.00000E+00  1.29159E+05
   228  1.92811E-03 -5.23744E+01 -5.23732E+01 -1.18383E-03  0.00000E+00  0.00000E+00  1.28091E+05
   229  1.97347E-03 -5.23597E+01 -5.23585E+01 -1.20269E-03  0.00000E+00  0.00000E+00  1.27018E+05
   230  2.01988E-03 -5.23448E+01 -5.23436E+01 -1.22167E-03  0.00000E+00  0.00000E+00  1.25939E+05
   231  2.06738E-03 -5.23295E+01 -5.23283E+01 -1.24078E-03  0.00000E+00  0.00000E+00  1.24855E+05
   232  2.11599E-03 -5.23138E+01 -5.23126E+01 -1.26002E-03  0.00000E+00  0.00000E+00  1.23766E+05
   233  2.16574E-03 -5.22978E+01 -5.22966E+01 -1.27937E-03  0.00000E+00  0.00000E+00  1.22672E+05
   234  2.21666E-03 -5.22815E+01 -5.22802E+01 -1.29883E-03  0.00000E+00  0.00000E+00  1.21573E+05
   235  2.26876E-03 -5.22647E+01 -5.22634E+01 -1.31838E-03  0.00000E+00  0.00000E+00  1.20468E+05
   236  2.32209E-03 -5.22476E+01 -5.22462E+01 -1.33804E-03  0.00000E+00  0.00000E+00  1.19357E+05
   237  2.37666E-03 -5.22300E+01 -5.22287E+01 -1.35777E-03  0.00000E+00  0.00000E+00  1.18242E+05
   238  2.43250E-03 -5.22121E+01 -5.22107E+01 -1.37759E-03  0.00000E+00  0.00000E+00  1.17121E+05
   239  2.48966E-03 -5.21938E+01 -5.21924E+01 -1.39747E-03  0.00000E+00  0.00000E+00  1.15994E+05
   240  2.54815E-03 -5.21750E+01 -5.21736E+01 -1.41741E-03  0.00000E+00  0.00000E+00  1.14862E+05
   241  2.60801E-03 -5.21559E+01 -5.21544E+01 -1.43740E-03  0.00000E+00  0.00000E+00  1.13725E+05
   242  2.66927E-03 -5.21363E+01 -5.21348E+01 -1.45743E-03  0.00000E+00  0.00000E+00  1.12582E+05
   243  2.73196E-03 -5.21162E+01 -5.21147E+01 -1.47748E-03  0.00000E+00  0.00000E+00  1.11434E+05
   244  2.79612E-03 -5.20957E+01 -5.20942E+01 -1.49756E-03  0.00000E+00  0.00000E+00  1.10280E+05
   245  2.86178E-03 -5.20747E+01 -5.20732E+01 -1.51764E-03  0.00000E+00  0.00000E+00  1.09121E+05
   246  2.92898E-03 -5.20533E+01 -5.20517E+01 -1.53771E-03  0.00000E+00  0.00000E+00  1.07957E+05
   247  2.99775E-03 -5.20314E+01 -5.20298E+01 -1.55776E-03  0.00000E+00  0.00000E+00  1.06787E+05
   248  3.06812E-03 -5.20089E+01 -5.20074E+01 -1.57778E-03  0.00000E+00  0.00000E+00  1.05612E+05
   249  3.14015E-03 -5.19860E+01 -5.19844E+01 -1.59775E-03  0.00000E+00  0.00000E+00  1.04432E+05
   250  3.21385E-03 -5.19626E+01 -5.19609E+01 -1.61767E-03  0.00000E+00  0.00000E+00  1.03246E+05
   251  3.28929E-03 -5.19386E+01 -5.19370E+01 -1.63750E-03  0.00000E+00  0.00000E+00  1.02056E+05
   252  3.36648E-03 -5.19141E+01 -5.19124E+01 -1.65725E-03  0.00000E+00  0.00000E+00  1.00860E+05
   253  3.44549E-03 -5.18890E+01 -5.18874E+01 -1.67689E-03  0.00000E+00  0.00000E+00  9.96597E+04
   254  3.52634E-03 -5.18634E+01 -5.18617E+01 -1.69641E-03  0.00000E+00  0.00000E+00  9.84541E+04
   255  3.60908E-03 -5.18373E+01 -5.18355E+01 -1.71579E-03  0.00000E+00  0.00000E+00  9.72438E+04
   256  3.69376E-03 -5.18105E+01 -5.18088E+01 -1.73501E-03  0.00000E+00  0.00000E+00  9.60287E+04
   257  3.78041E-03 -5.17831E+01 -5.17814E+01 -1.75406E-03  0.00000E+00  0.00000E+00  9.48089E+04
   258  3.86910E-03 -5.17552E+01 -5.17534E+01 -1.77291E-03  0.00000E+00  0.00000E+00  9.35847E+04
   259  3.95986E-03 -5.17266E+01 -5.17248E+01 -1.79155E-03  0.00000E+00  0.00000E+00  9.23560E+04
   260  4.05274E-03 -5.16974E+01 -5.16956E+01 -1.80996E-03  0.00000E+00  0.00000E+00  9.11231E+04
   261  4.14779E-03 -5.16675E+01 -5.16657E+01 -1.82812E-03  0.00000E+00  0.00000E+00  8.98861E+04
   262  4.24507E-03 -5.16370E+01 -5.16352E+01 -1.84601E-03  0.00000E+00  0.00000E+00  8.86451E+04
   263  4.34462E-03 -5.16059E+01 -5.16040E+01 -1.86360E-03  0.00000E+00  0.00000E+00  8.74003E+04
   264  4.44650E-03 -5.15740E+01 -5.15721E+01 -1.88088E-03  0.00000E+00  0.00000E+00  8.61519E+04
   265  4.55076E-03 -5.15415E+01 -5.15396E+01 -1.89782E-03  0.00000E+00  0.00000E+00  8.49000E+04
   266  4.65747E-03 -5.15082E+01 -5.15063E+01 -1.91440E-03  0.00000E+00  0.00000E+00  8.36448E+04
   267  4.76666E-03 -5.14742E+01 -5.14723E+01 -1.93060E-03  0.00000E+00  0.00000E+00  8.23866E+04
   268  4.87841E-03 -5.14395E+01 -5.14376E+01 -1.94639E-03  0.00000E+00  0.00000E+00  8.11256E+04
   269  4.99278E-03 -5.14041E+01 -5.14021E+01 -1.96176E-03  0.00000E+00  0.00000E+00  7.98619E+04
   270  5.10982E-03 -5.13679E+01 -5.13659E+01 -1.97667E-03  0.00000E+00  0.00000E+00  7.85959E+04
   271  5.22959E-03 -5.13309E+01 -5.13289E+01 -1.99110E-03  0.00000E+00  0.00000E+00  7.73277E+04
   272  5.35217E-03 -5.12931E+01 -5.12911E+01 -2.00503E-03  0.00000E+00  0.00000E+00  7.60577E+04
   273  5.47761E-03 -5.12545E+01 -5.12525E+01 -2.01843E-03  0.00000E+00  0.00000E+00  7.47860E+04
   274  5.60599E-03 -5.12151E+01 -5.12130E+01 -2.03128E-03  0.00000E+00  0.00000E+00  7.35131E+04
   275  5.73737E-03 -5.11748E+01 -5.11728E+01 -2.04355E-03  0.00000E+00  0.00000E+00  7.22391E+04
   276  5.87182E-03 -5.11337E+01 -5.11317E+01 -2.05522E-03  0.00000E+00  0.00000E+00  7.09644E+04
   277  6.00942E-03 -5.10918E+01 -5.10897E+01 -2.06625E-03  0.00000E+00  0.00000E+00  6.96894E+04
   278  6.15023E-03 -5.10489E+01 -5.10469E+01 -2.07664E-03  0.00000E+00  0.00000E+00  6.84142E+04
   279  6.29433E-03 -5.10052E+01 -5.10031E+01 -2.08634E-03  0.00000E+00  0.00000E+00  6.71394E+04
   280  6.44181E-03 -5.09606E+01 -5.09585E+01 -2.09533E-03  0.00000E+00  0.00000E+00  6.58652E+04
   281  6.59273E-03 -5.09150E+01 -5.09129E+01 -2.10359E-03  0.00000E+00  0.00000E+00  6.45920E+04
   282  6.74718E-03 -5.08685E+01 -5.08664E+01 -2.11109E-03  0.00000E+00  0.00000E+00  6.33202E+04
   283  6.90524E-03 -5.08210E+01 -5.08189E+01 -2.11781E-03  0.00000E+00  0.00000E+00  6.20502E+04
   284  7.06700E-03 -5.07726E+01 -5.07705E+01 -2.12372E-03  0.00000E+00  0.00000E+00  6.07823E+04
   285  7.23254E-03 -5.07232E+01 -5.07211E+01 -2.12880E-03  0.00000E+00  0.00000E+00  5.95171E+04
   286  7.40195E-03 -5.06728E+01 -5.06706E+01 -2.13302E-03  0.00000E+00  0.00000E+00  5.82549E+04
   287  7.57531E-03 -5.06213E+01 -5.06192E+01 -2.13636E-03  0.00000E+00  0.00000E+00  5.69961E+04
   288  7.75274E-03 -5.05688E+01 -5.05667E+01 -2.13880E-03  0.00000E+00  0.00000E+00  5.57413E+04
   289  7.93431E-03 -5.05153E+01 -5.05132E+01 -2.14031E-03  0.00000E+00  0.00000E+00  5.44908E+04
   290  8.12012E-03 -5.04607E+01 -5.04586E+01 -2.14088E-03  0.00000E+00  0.00000E+00  5.32452E+04
   291  8.31028E-03 -5.04051E+01 -5.04029E+01 -2.14048E-03  0.00000E+00  0.00000E+00  5.20049E+04
   292  8.50488E-03 -5.03483E+01 -5.03461E+01 -2.13909E-03  0.00000E+00  0.00000E+00  5.07704E+04
   293  8.70403E-03 -5.02904E+01 -5.02883E+01 -2.13670E-03  0.00000E+00  0.00000E+00  4.95422E+04
   294  8.90784E-03 -5.02314E+01 -5.02292E+01 -2.13329E-03  0.00000E+00  0.00000E+00  4.83208E+04
   295  9.11641E-03 -5.01712E+01 -5.01691E+01 -2.12884E-03  0.00000E+00  0.00000E+00  4.71067E+04
   296  9.32986E-03 -5.01099E+01 -5.01077E+01 -2.12333E-03  0.00000E+00  0.00000E+00  4.59005E+04
   297  9.54829E-03 -5.00473E+01 -5.00452E+01 -2.11677E-03  0.00000E+00  0.00000E+00  4.47026E+04
   298  9.77183E-03 -4.99836E+01 -4.99815E+01 -2.10913E-03  0.00000E+00  0.00000E+00  4.35136E+04
   299  1.00006E-02 -4.99187E+01 -4.99166E+01 -2.10040E-03  0.00000E+00  0.00000E+00  4.23341E+04
   300  1.02347E-02 -4.98526E+01 -4.98505E+01 -2.09058E-03  0.00000E+00  0.00000E+00  4.11645E+04
   301  1.04743E-02 -4.97852E+01 -4.97831E+01 -2.07966E-03  0.00000E+00  0.00000E+00  4.00054E+04
   302  1.07195E-02 -4.97165E+01 -4.97144E+01 -2.06764E-03  0.00000E+00  0.00000E+00  3.88573E+04
   303  1.09704E-02 -4.96466E+01 -4.96445E+01 -2.05451E-03  0.00000E+00  0.00000E+00  3.77209E+04
   304  1.12271E-02 -4.95753E+01 -4.95733E+01 -2.04028E-03  0.00000E+00  0.00000E+00  3.65965E+04
   305  1.14899E-02 -4.95028E+01 -4.95007E+01 -2.02495E-03  0.00000E+00  0.00000E+00  3.54849E+04
   306  1.17588E-02 -4.94289E+01 -4.94269E+01 -2.00853E-03  0.00000E+00  0.00000E+00  3.43864E+04
   307  1.20340E-02 -4.93536E+01 -4.93517E+01 -1.99102E-03  0.00000E+00  0.00000E+00  3.33018E+04
   308  1.23156E-02 -4.92771E+01 -4.92751E+01 -1.97243E-03  0.00000E+00  0.00000E+00  3.22314E+04
   309  1.26038E-02 -4.91991E+01 -4.91971E+01 -1.95278E-03  0.00000E+00  0.00000E+00  3.11758E+04
   310  1.28988E-02 -4.91197E+01 -4.91178E+01 -1.93208E-03  0.00000E+00  0.00000E+00  3.01355E+04
   311  1.32006E-02 -4.90389E+01 -4.90370E+01 -1.91036E-03  0.00000E+00  0.00000E+00  2.91111E+04
   312  1.35095E-02 -4.89567E+01 -4.89548E+01 -1.88762E-03  0.00000E+00  0.00000E+00  2.81030E+04
   313  1.38255E-02 -4.88730E+01 -4.88712E+01 -1.86391E-03  0.00000E+00  0.00000E+00  2.71117E+04
   314  1.41490E-02 -4.87879E+01 -4.87861E+01 -1.83925E-03  0.00000E+00  0.00000E+00  2.61378E+04
   315  1.44800E-02 -4.87013E+01 -4.86995E+01 -1.81366E-03  0.00000E+00  0.00000E+00  2.51815E+04
   316  1.48188E-02 -4.86132E+01 -4.86114E+01 -1.78719E-03  0.00000E+00  0.00000E+00  2.42435E+04
   317  1.51655E-02 -4.85235E+01 -4.85218E+01 -1.75986E-03  0.00000E+00  0.00000E+00  2.33241E+04
   318  1.55202E-02 -4.84323E+01 -4.84306E+01 -1.73172E-03  0.00000E+00  0.00000E+00  2.24238E+04
   319  1.58833E-02 -4.83396E+01 -4.83379E+01 -1.70282E-03  0.00000E+00  0.00000E+00  2.15428E+04
   320  1.62548E-02 -4.82453E+01 -4.82436E+01 -1.67319E-03  0.00000E+00  0.00000E+00  2.06817E+04
   321  1.66350E-02 -4.81493E+01 -4.81477E+01 -1.64288E-03  0.00000E+00  0.00000E+00  1.98407E+04
   322  1.70241E-02 -4.80518E+01 -4.80502E+01 -1.61196E-03  0.00000E+00  0.00000E+00  1.90201E+04
   323  1.74222E-02 -4.79526E+01 -4.79510E+01 -1.58046E-03  0.00000E+00  0.00000E+00  1.82203E+04
   324  1.78297E-02 -4.78518E+01 -4.78502E+01 -1.54845E-03  0.00000E+00  0.00000E+00  1.74414E+04
   325  1.82467E-02 -4.77493E+01 -4.77477E+01 -1.51599E-03  0.00000E+00  0.00000E+00  1.66839E+04
   326  1.86734E-02 -4.76450E+01 -4.76435E+01 -1.48315E-03  0.00000E+00  0.00000E+00  1.59477E+04
   327  1.91100E-02 -4.75391E+01 -4.75376E+01 -1.44997E-03  0.00000E+00  0.00000E+00  1.52332E+04
   328  1.95569E-02 -4.74314E+01 -4.74299E+01 -1.41653E-03  0.00000E+00  0.00000E+00  1.45404E+04
   329  2.00142E-02 -4.73219E+01 -4.73205E+01 -1.38290E-03  0.00000E+00  0.00000E+00  1.38695E+04
   330  2.04821E-02 -4.72106E+01 -4.72093E+01 -1.34914E-03  0.00000E+00  0.00000E+00  1.32206E+04
   331  2.09610E-02 -4.70975E+01 -4.70962E+01 -1.31533E-03  0.00000E+00  0.00000E+00  1.25936E+04
   332  2.14510E-02 -4.69825E+01 -4.69813E+01 -1.28153E-03  0.00000E+00  0.00000E+00  1.19887E+04
   333  2.19525E-02 -4.68657E+01 -4.68645E+01 -1.24783E-03  0.00000E+00  0.00000E+00  1.14057E+04
   334  2.24657E-02 -4.67470E+01 -4.67458E+01 -1.21428E-03  0.00000E+00  0.00000E+00  1.08446E+04
   335  2.29908E-02 -4.66263E+01 -4.66251E+01 -1.18097E-03  0.00000E+00  0.00000E+00  1.03053E+04
   336  2.35282E-02 -4.65037E+01 -4.65025E+01 -1.14796E-03  0.00000E+00  0.00000E+00  9.78762E+03
   337  2.40782E-02 -4.63790E+01 -4.63779E+01 -1.11532E-03  0.00000E+00  0.00000E+00  9.29144E+03
   338  2.46409E-02 -4.62524E+01 -4.62513E+01 -1.08313E-03  0.00000E+00  0.00000E+00  8.81653E+03
   339  2.52168E-02 -4.61237E+01 -4.61226E+01 -1.05146E-03  0.00000E+00  0.00000E+00  8.36263E+03
   340  2.58062E-02 -4.59928E+01 -4.59918E+01 -1.02037E-03  0.00000E+00  0.00000E+00  7.92945E+03
   341  2.64092E-02 -4.58599E+01 -4.58589E+01 -9.89931E-04  0.00000E+00  0.00000E+00  7.51667E+03
   342  2.70263E-02 -4.57248E+01 -4.57239E+01 -9.60200E-04  0.00000E+00  0.00000E+00  7.12393E+03
   343  2.76578E-02 -4.55875E+01 -4.55866E+01 -9.31239E-04  0.00000E+00  0.00000E+00  6.75084E+03
   344  2.83041E-02 -4.54480E+01 -4.54471E+01 -9.03105E-04  0.00000E+00  0.00000E+00  6.39698E+03
   345  2.89654E-02 -4.53063E+01 -4.53054E+01 -8.75850E-04  0.00000E+00  0.00000E+00  6.06188E+03
   346  2.96421E-02 -4.51622E+01 -4.51613E+01 -8.49523E-04  0.00000E+00  0.00000E+00  5.74508E+03
   347  3.03346E-02 -4.50157E+01 -4.50149E+01 -8.24170E-04  0.00000E+00  0.00000E+00  5.44604E+03
   348  3.10432E-02 -4.48669E+01 -4.48661E+01 -7.99828E-04  0.00000E+00  0.00000E+00  5.16423E+03
   349  3.17683E-02 -4.47157E+01 -4.47149E+01 -7.76534E-04  0.00000E+00  0.00000E+00  4.89909E+03
   350  3.25103E-02 -4.45620E+01 -4.45613E+01 -7.54316E-04  0.00000E+00  0.00000E+00  4.65003E+03
   351  3.32696E-02 -4.44058E+01 -4.44051E+01 -7.33198E-04  0.00000E+00  0.00000E+00  4.41644E+03
   352  3.40466E-02 -4.42471E+01 -4.42464E+01 -7.13197E-04  0.00000E+00  0.00000E+00  4.19769E+03
   353  3.48417E-02 -4.40858E+01 -4.40852E+01 -6.94327E-04  0.00000E+00  0.00000E+00  3.99315E+03
   354  3.56553E-02 -4.39220E+01 -4.39213E+01 -6.76591E-04  0.00000E+00  0.00000E+00  3.80215E+03
   355  3.64879E-02 -4.37554E+01 -4.37547E+01 -6.59989E-04  0.00000E+00  0.00000E+00  3.62404E+03
   356  3.73398E-02 -4.35862E+01 -4.35855E+01 -6.44514E-04  0.00000E+00  0.00000E+00  3.45815E+03
   357  3.82116E-02 -4.34142E+01 -4.34136E+01 -6.30153E-04  0.00000E+00  0.00000E+00  3.30379E+03
   358  3.91036E-02 -4.32395E+01 -4.32389E+01 -6.16884E-04  0.00000E+00  0.00000E+00  3.16029E+03
   359  4.00165E-02 -4.30621E+01 -4.30614E+01 -6.04683E-04  0.00000E+00  0.00000E+00  3.02698E+03
   360  4.09505E-02 -4.28817E+01 -4.28812E+01 -5.93514E-04  0.00000E+00  0.00000E+00  2.90317E+03
   361  4.19063E-02 -4.26986E+01 -4.26980E+01 -5.83341E-04  0.00000E+00  0.00000E+00  2.78820E+03
   362  4.28844E-02 -4.25126E+01 -4.25120E+01 -5.74118E-04  0.00000E+00  0.00000E+00  2.68141E+03
   363  4.38852E-02 -4.23237E+01 -4.23231E+01 -5.65795E-04  0.00000E+00  0.00000E+00  2.58217E+03
   364  4.49093E-02 -4.21318E+01 -4.21313E+01 -5.58316E-04  0.00000E+00  0.00000E+00  2.48983E+03
   365  4.59571E-02 -4.19371E+01 -4.19365E+01 -5.51621E-04  0.00000E+00  0.00000E+00  2.40378E+03
   366  4.70294E-02 -4.17394E+01 -4.17388E+01 -5.45645E-04  0.00000E+00  0.00000E+00  2.32344E+03
   367  4.81266E-02 -4.15387E+01 -4.15382E+01 -5.40320E-04  0.00000E+00  0.00000E+00  2.24822E+03
   368  4.92493E-02 -4.13351E+01 -4.13345E+01 -5.35573E-04  0.00000E+00  0.00000E+00  2.17759E+03
   369  5.03980E-02 -4.11284E+01 -4.11279E+01 -5.31329E-04  0.00000E+00  0.00000E+00  2.11101E+03
   370  5.15735E-02 -4.09188E+01 -4.09183E+01 -5.27512E-04  0.00000E+00  0.00000E+00  2.04800E+03
   371  5.27763E-02 -4.07063E+01 -4.07058E+01 -5.24042E-04  0.00000E+00  0.00000E+00  1.98810E+03
   372  5.40070E-02 -4.04908E+01 -4.04902E+01 -5.20842E-04  0.00000E+00  0.00000E+00  1.93086E+03
   373  5.52663E-02 -4.02723E+01 -4.02718E+01 -5.17830E-04  0.00000E+00  0.00000E+00  1.87589E+03
   374  5.65549E-02 -4.00509E+01 -4.00503E+01 -5.14929E-04  0.00000E+00  0.00000E+00  1.82282E+03
   375  5.78734E-02 -3.98265E+01 -3.98260E+01 -5.12060E-04  0.00000E+00  0.00000E+00  1.77131E+03
   376  5.92225E-02 -3.95993E+01 -3.95988E+01 -5.09149E-04  0.00000E+00  0.00000E+00  1.72107E+03
   377  6.06029E-02 -3.93692E+01 -3.93687E+01 -5.06122E-04  0.00000E+00  0.00000E+00  1.67181E+03
   378  6.20153E-02 -3.91363E+01 -3.91358E+01 -5.02911E-04  0.00000E+00  0.00000E+00  1.62332E+03
   379  6.34605E-02 -3.89006E+01 -3.89001E+01 -4.99450E-04  0.00000E+00  0.00000E+00  1.57539E+03
   380  6.49392E-02 -3.86622E+01 -3.86617E+01 -4.95679E-04  0.00000E+00  0.00000E+00  1.52786E+03
   381  6.64522E-02 -3.84210E+01 -3.84205E+01 -4.91544E-04  0.00000E+00  0.00000E+00  1.48057E+03
   382  6.80003E-02 -3.81772E+01 -3.81767E+01 -4.86996E-04  0.00000E+00  0.00000E+00  1.43344E+03
   383  6.95843E-02 -3.79308E+01 -3.79303E+01 -4.81992E-04  0.00000E+00  0.00000E+00  1.38638E+03
   384  7.12050E-02 -3.76818E+01 -3.76813E+01 -4.76498E-04  0.00000E+00  0.00000E+00  1.33935E+03
   385  7.28632E-02 -3.74303E+01 -3.74298E+01 -4.70486E-04  0.00000E+00  0.00000E+00  1.29232E+03
   386  7.45599E-02 -3.71763E+01 -3.71758E+01 -4.63935E-04  0.00000E+00  0.00000E+00  1.24530E+03
   387  7.62958E-02 -3.69199E+01 -3.69195E+01 -4.56833E-04  0.00000E+00  0.00000E+00  1.19831E+03
   388  7.80720E-02 -3.66612E+01 -3.66607E+01 -4.49175E-04  0.00000E+00  0.00000E+00  1.15139E+03
   389  7.98892E-02 -3.64002E+01 -3.63997E+01 -4.40966E-04  0.00000E+00  0.00000E+00  1.10461E+03
   390  8.17485E-02 -3.61369E+01 -3.61364E+01 -4.32216E-04  0.00000E+00  0.00000E+00  1.05804E+03
   391  8.36509E-02 -3.58714E+01 -3.58710E+01 -4.22946E-04  0.00000E+00  0.00000E+00  1.01178E+03
   392  8.55972E-02 -3.56037E+01 -3.56033E+01 -4.13181E-04  0.00000E+00  0.00000E+00  9.65930E+02
   393  8.75886E-02 -3.53340E+01 -3.53336E+01 -4.02957E-04  0.00000E+00  0.00000E+00  9.20591E+02
   394  8.96260E-02 -3.50621E+01 -3.50617E+01 -3.92313E-04  0.00000E+00  0.00000E+00  8.75883E+02
   395  9.17104E-02 -3.47882E+01 -3.47878E+01 -3.81297E-04  0.00000E+00  0.00000E+00  8.31924E+02
   396  9.38431E-02 -3.45123E+01 -3.45120E+01 -3.69961E-04  0.00000E+00  0.00000E+00  7.88833E+02
   397  9.60250E-02 -3.42344E+01 -3.42341E+01 -3.58363E-04  0.00000E+00  0.00000E+00  7.46727E+02
   398  9.82572E-02 -3.39545E+01 -3.39542E+01 -3.46563E-04  0.00000E+00  0.00000E+00  7.05722E+02
   399  1.00541E-01 -3.36727E+01 -3.36724E+01 -3.34628E-04  0.00000E+00  0.00000E+00  6.65928E+02
   400  1.02878E-01 -3.33889E+01 -3.33885E+01 -3.22623E-04  0.00000E+00  0.00000E+00  6.27446E+02
   401  1.05268E-01 -3.31031E+01 -3.31028E+01 -3.10618E-04  0.00000E+00  0.00000E+00  5.90371E+02
   402  1.07713E-01 -3.28153E+01 -3.28150E+01 -2.98682E-04  0.00000E+00  0.00000E+00  5.54787E+02
   403  1.10215E-01 -3.25256E+01 -3.25253E+01 -2.86882E-04  0.00000E+00  0.00000E+00  5.20766E+02
   404  1.12775E-01 -3.22339E+01 -3.22336E+01 -2.75287E-04  0.00000E+00  0.00000E+00  4.88368E+02
   405  1.15393E-01 -3.19401E+01 -3.19398E+01 -2.63961E-04  0.00000E+00  0.00000E+00  4.57642E+02
   406  1.18072E-01 -3.16443E+01 -3.16440E+01 -2.52964E-04  0.00000E+00  0.00000E+00  4.28621E+02
   407  1.20813E-01 -3.13463E+01 -3.13461E+01 -2.42356E-04  0.00000E+00  0.00000E+00  4.01325E+02
   408  1.23616E-01 -3.10463E+01 -3.10461E+01 -2.32186E-04  0.00000E+00  0.00000E+00  3.75760E+02
   409  1.26484E-01 -3.07441E+01 -3.07439E+01 -2.22503E-04  0.00000E+00  0.00000E+00  3.51919E+02
   410  1.29418E-01 -3.04397E+01 -3.04395E+01 -2.13345E-04  0.00000E+00  0.00000E+00  3.29781E+02
   411  1.32420E-01 -3.01331E+01 -3.01329E+01 -2.04745E-04  0.00000E+00  0.00000E+00  3.09310E+02
   412  1.35490E-01 -2.98243E+01 -2.98241E+01 -1.96729E-04  0.00000E+00  0.00000E+00  2.90462E+02
   413  1.38631E-01 -2.95132E+01 -2.95130E+01 -1.89315E-04  0.00000E+00  0.00000E+00  2.73179E+02
   414  1.41844E-01 -2.91998E+01 -2.91996E+01 -1.82511E-04  0.00000E+00  0.00000E+00  2.57393E+02
   415  1.45131E-01 -2.88841E+01 -2.88839E+01 -1.76319E-04  0.00000E+00  0.00000E+00  2.43026E+02
   416  1.48493E-01 -2.85662E+01 -2.85660E+01 -1.70732E-04  0.00000E+00  0.00000E+00  2.29996E+02
   417  1.51932E-01 -2.82459E+01 -2.82458E+01 -1.65736E-04  0.00000E+00  0.00000E+00  2.18209E+02
   418  1.55450E-01 -2.79234E+01 -2.79233E+01 -1.61309E-04  0.00000E+00  0.00000E+00  2.07572E+02
   419  1.59049E-01 -2.75988E+01 -2.75986E+01 -1.57421E-04  0.00000E+00  0.00000E+00  1.97983E+02
   420  1.62730E-01 -2.72720E+01 -2.72718E+01 -1.54036E-04  0.00000E+00  0.00000E+00  1.89342E+02
   421  1.66495E-01 -2.69432E+01 -2.69430E+01 -1.51112E-04  0.00000E+00  0.00000E+00  1.81547E+02
   422  1.70346E-01 -2.66124E+01 -2.66122E+01 -1.48604E-04  0.00000E+00  0.00000E+00  1.74495E+02
   423  1.74285E-01 -2.62798E+01 -2.62796E+01 -1.46459E-04  0.00000E+00  0.00000E+00  1.68088E+02
   424  1.78315E-01 -2.59455E+01 -2.59453E+01 -1.44623E-04  0.00000E+00  0.00000E+00  1.62229E+02
   425  1.82436E-01 -2.56096E+01 -2.56095E+01 -1.43040E-04  0.00000E+00  0.00000E+00  1.56827E+02
   426  1.86651E-01 -2.52725E+01 -2.52723E+01 -1.41651E-04  0.00000E+00  0.00000E+00  1.51796E+02
   427  1.90962E-01 -2.49341E+01 -2.49340E+01 -1.40399E-04  0.00000E+00  0.00000E+00  1.47056E+02
   428  1.95372E-01 -2.45949E+01 -2.45948E+01 -1.39224E-04  0.00000E+00  0.00000E+00  1.42534E+02
   429  1.99882E-01 -2.42550E+01 -2.42548E+01 -1.38073E-04  0.00000E+00  0.00000E+00  1.38164E+02
   430  2.04495E-01 -2.39146E+01 -2.39145E+01 -1.36891E-04  0.00000E+00  0.00000E+00  1.33891E+02
   431  2.09212E-01 -2.35741E+01 -2.35739E+01 -1.35629E-04  0.00000E+00  0.00000E+00  1.29664E+02
   432  2.14037E-01 -2.32337E+01 -2.32335E+01 -1.34242E-04  0.00000E+00  0.00000E+00  1.25444E+02
   433  2.18972E-01 -2.28936E+01 -2.28935E+01 -1.32688E-04  0.00000E+00  0.00000E+00  1.21198E+02
   434  2.24018E-01 -2.25543E+01 -2.25541E+01 -1.30935E-04  0.00000E+00  0.00000E+00  1.16901E+02
   435  2.29179E-01 -2.22159E+01 -2.22157E+01 -1.28953E-04  0.00000E+00  0.00000E+00  1.12538E+02
   436  2.34457E-01 -2.18787E+01 -2.18786E+01 -1.26720E-04  0.00000E+00  0.00000E+00  1.08099E+02
   437  2.39855E-01 -2.15431E+01 -2.15430E+01 -1.24221E-04  0.00000E+00  0.00000E+00  1.03583E+02
   438  2.45374E-01 -2.12093E+01 -2.12092E+01 -1.21448E-04  0.00000E+00  0.00000E+00  9.89916E+01
   439  2.51019E-01 -2.08776E+01 -2.08775E+01 -1.18399E-04  0.00000E+00  0.00000E+00  9.43356E+01
   440  2.56791E-01 -2.05482E+01 -2.05480E+01 -1.15078E-04  0.00000E+00  0.00000E+00  8.96284E+01
   441  2.62694E-01 -2.02213E+01 -2.02211E+01 -1.11497E-04  0.00000E+00  0.00000E+00  8.48877E+01
   442  2.68729E-01 -1.98971E+01 -1.98970E+01 -1.07673E-04  0.00000E+00  0.00000E+00  8.01342E+01
   443  2.74901E-01 -1.95757E+01 -1.95756E+01 -1.03626E-04  0.00000E+00  0.00000E+00  7.53910E+01
   444  2.81212E-01 -1.92575E+01 -1.92574E+01 -9.93849E-05  0.00000E+00  0.00000E+00  7.06824E+01
   445  2.87665E-01 -1.89423E+01 -1.89422E+01 -9.49794E-05  0.00000E+00  0.00000E+00  6.60336E+01
   446  2.94263E-01 -1.86303E+01 -1.86302E+01 -9.04434E-05  0.00000E+00  0.00000E+00  6.14699E+01
   447  3.01009E-01 -1.83215E+01 -1.83214E+01 -8.58134E-05  0.00000E+00  0.00000E+00  5.70158E+01
   448  3.07906E-01 -1.80160E+01 -1.80159E+01 -8.11273E-05  0.00000E+00  0.00000E+00  5.26946E+01
   449  3.14959E-01 -1.77136E+01 -1.77135E+01 -7.64238E-05  0.00000E+00  0.00000E+00  4.85278E+01
   450  3.22169E-01 -1.74143E+01 -1.74142E+01 -7.17417E-05  0.00000E+00  0.00000E+00  4.45351E+01
   451  3.29541E-01 -1.71180E+01 -1.71179E+01 -6.71189E-05  0.00000E+00  0.00000E+00  4.07332E+01
   452  3.37077E-01 -1.68245E+01 -1.68245E+01 -6.25920E-05  0.00000E+00  0.00000E+00  3.71365E+01
   453  3.44782E-01 -1.65338E+01 -1.65337E+01 -5.81953E-05  0.00000E+00  0.00000E+00  3.37562E+01
   454  3.52659E-01 -1.62455E+01 -1.62454E+01 -5.39604E-05  0.00000E+00  0.00000E+00  3.06005E+01
   455  3.60711E-01 -1.59595E+01 -1.59594E+01 -4.99155E-05  0.00000E+00  0.00000E+00  2.76747E+01
   456  3.68943E-01 -1.56755E+01 -1.56754E+01 -4.60853E-05  0.00000E+00  0.00000E+00  2.49810E+01
   457  3.77358E-01 -1.53933E+01 -1.53933E+01 -4.24902E-05  0.00000E+00  0.00000E+00  2.25186E+01
   458  3.85959E-01 -1.51127E+01 -1.51126E+01 -3.91466E-05  0.00000E+00  0.00000E+00  2.02841E+01
   459  3.94752E-01 -1.48333E+01 -1.48333E+01 -3.60663E-05  0.00000E+00  0.00000E+00  1.82718E+01
   460  4.03739E-01 -1.45551E+01 -1.45550E+01 -3.32567E-05  0.00000E+00  0.00000E+00  1.64733E+01
   461  4.12926E-01 -1.42776E+01 -1.42776E+01 -3.07208E-05  0.00000E+00  0.00000E+00  1.48786E+01
   462  4.22315E-01 -1.40007E+01 -1.40007E+01 -2.84573E-05  0.00000E+00  0.00000E+00  1.34759E+01
   463  4.31912E-01 -1.37243E+01 -1.37243E+01 -2.64611E-05  0.00000E+00  0.00000E+00  1.22522E+01
   464  4.41720E-01 -1.34481E+01 -1.34480E+01 -2.47232E-05  0.00000E+00  0.00000E+00  1.11932E+01
   465  4.51744E-01 -1.31719E+01 -1.31719E+01 -2.32313E-05  0.00000E+00  0.00000E+00  1.02844E+01
   466  4.61989E-01 -1.28958E+01 -1.28958E+01 -2.19702E-05  0.00000E+00  0.00000E+00  9.51042E+00
   467  4.72459E-01 -1.26196E+01 -1.26196E+01 -2.09225E-05  0.00000E+00  0.00000E+00  8.85615E+00
   468  4.83158E-01 -1.23433E+01 -1.23433E+01 -2.00685E-05  0.00000E+00  0.00000E+00  8.30654E+00
   469  4.94091E-01 -1.20669E+01 -1.20669E+01 -1.93873E-05  0.00000E+00  0.00000E+00  7.84699E+00
   470  5.05264E-01 -1.17905E+01 -1.17905E+01 -1.88569E-05  0.00000E+00  0.00000E+00  7.46355E+00
   471  5.16680E-01 -1.15142E+01 -1.15142E+01 -1.84550E-05  0.00000E+00  0.00000E+00  7.14308E+00
   472  5.28346E-01 -1.12381E+01 -1.12381E+01 -1.81594E-05  0.00000E+00  0.00000E+00  6.87345E+00
   473  5.40265E-01 -1.09624E+01 -1.09624E+01 -1.79481E-05  0.00000E+00  0.00000E+00  6.64359E+00
   474  5.52443E-01 -1.06873E+01 -1.06873E+01 -1.78002E-05  0.00000E+00  0.00000E+00  6.44358E+00
   475  5.64886E-01 -1.04131E+01 -1.04131E+01 -1.76960E-05  0.00000E+00  0.00000E+00  6.26474E+00
   476  5.77598E-01 -1.01401E+01 -1.01401E+01 -1.76171E-05  0.00000E+00  0.00000E+00  6.09957E+00
   477  5.90585E-01 -9.86858E+00 -9.86857E+00 -1.75473E-05  0.00000E+00  0.00000E+00  5.94178E+00
   478  6.03852E-01 -9.59888E+00 -9.59886E+00 -1.74719E-05  0.00000E+00  0.00000E+00  5.78625E+00
   479  6.17404E-01 -9.33134E+00 -9.33132E+00 -1.73784E-05  0.00000E+00  0.00000E+00  5.62896E+00
   480  6.31249E-01 -9.06633E+00 -9.06631E+00 -1.72566E-05  0.00000E+00  0.00000E+00  5.46690E+00
   481  6.45390E-01 -8.80421E+00 -8.80419E+00 -1.70982E-05  0.00000E+00  0.00000E+00  5.29802E+00
   482  6.59835E-01 -8.54534E+00 -8.54532E+00 -1.68971E-05  0.00000E+00  0.00000E+00  5.12108E+00
   483  6.74588E-01 -8.29008E+00 -8.29006E+00 -1.66491E-05  0.00000E+00  0.00000E+00  4.93557E+00
   484  6.89656E-01 -8.03877E+00 -8.03875E+00 -1.63520E-05  0.00000E+00  0.00000E+00  4.74160E+00
   485  7.05045E-01 -7.79173E+00 -7.79172E+00 -1.60054E-05  0.00000E+00  0.00000E+00  4.53978E+00
   486  7.20762E-01 -7.54927E+00 -7.54926E+00 -1.56102E-05  0.00000E+00  0.00000E+00  4.33113E+00
   487  7.36811E-01 -7.31167E+00 -7.31165E+00 -1.51688E-05  0.00000E+00  0.00000E+00  4.11698E+00
   488  7.53200E-01 -7.07916E+00 -7.07915E+00 -1.46847E-05  0.00000E+00  0.00000E+00  3.89886E+00
   489  7.69936E-01 -6.85197E+00 -6.85196E+00 -1.41623E-05  0.00000E+00  0.00000E+00  3.67843E+00
   490  7.87024E-01 -6.63027E+00 -6.63026E+00 -1.36068E-05  0.00000E+00  0.00000E+00  3.45741E+00
   491  8.04471E-01 -6.41421E+00 -6.41420E+00 -1.30238E-05  0.00000E+00  0.00000E+00  3.23749E+00
   492  8.22284E-01 -6.20389E+00 -6.20388E+00 -1.24192E-05  0.00000E+00  0.00000E+00  3.02033E+00
   493  8.40470E-01 -5.99939E+00 -5.99938E+00 -1.17992E-05  0.00000E+00  0.00000E+00  2.80746E+00
   494  8.59036E-01 -5.80072E+00 -5.80071E+00 -1.11699E-05  0.00000E+00  0.00000E+00  2.60028E+00
   495  8.77988E-01 -5.60790E+00 -5.60789E+00 -1.05371E-05  0.00000E+00  0.00000E+00  2.40001E+00
   496  8.97334E-01 -5.42088E+00 -5.42087E+00 -9.90642E-06  0.00000E+00  0.00000E+00  2.20772E+00
   497  9.17081E-01 -5.23958E+00 -5.23957E+00 -9.28313E-06  0.00000E+00  0.00000E+00  2.02427E+00
   498  9.37236E-01 -5.06392E+00 -5.06391E+00 -8.67200E-06  0.00000E+00  0.00000E+00  1.85034E+00
   499  9.57806E-01 -4.89377E+00 -4.89376E+00 -8.07726E-06  0.00000E+00  0.00000E+00  1.68643E+00
   500  9.78799E-01 -4.72897E+00 -4.72896E+00 -7.50262E-06  0.00000E+00  0.00000E+00  1.53285E+00
   501  1.00022E+00 -4.56936E+00 -4.56935E+00 -6.95117E-06  0.00000E+00  0.00000E+00  1.38977E+00
   502  1.02208E+00 -4.41475E+00 -4.41474E+00 -6.42546E-06  0.00000E+00  0.00000E+00  1.25718E+00
   503  1.04439E+00 -4.26494E+00 -4.26493E+00 -5.92744E-06  0.00000E+00  0.00000E+00  1.13497E+00
   504  1.06715E+00 -4.11973E+00 -4.11972E+00 -5.45852E-06  0.00000E+00  0.00000E+00  1.02289E+00
   505  1.09037E+00 -3.97890E+00 -3.97889E+00 -5.01958E-06  0.00000E+00  0.00000E+00  9.20602E-01
   506  1.11406E+00 -3.84223E+00 -3.84223E+00 -4.61104E-06  0.00000E+00  0.00000E+00  8.27690E-01
   507  1.13823E+00 -3.70951E+00 -3.70951E+00 -4.23284E-06  0.00000E+00  0.00000E+00  7.43670E-01
   508  1.16289E+00 -3.58053E+00 -3.58053E+00 -3.88458E-06  0.00000E+00  0.00000E+00  6.68015E-01
   509  1.18803E+00 -3.45509E+00 -3.45508E+00 -3.56550E-06  0.00000E+00  0.00000E+00  6.00166E-01
   510  1.21368E+00 -3.33298E+00 -3.33297E+00 -3.27455E-06  0.00000E+00  0.00000E+00  5.39544E-01
   511  1.23984E+00 -3.21401E+00 -3.21401E+00 -3.01046E-06  0.00000E+00  0.00000E+00  4.85564E-01
   512  1.26652E+00 -3.09803E+00 -3.09803E+00 -2.77176E-06  0.00000E+00  0.00000E+00  4.37646E-01
   513  1.29372E+00 -2.98486E+00 -2.98485E+00 -2.55684E-06  0.00000E+00  0.00000E+00  3.95222E-01
   514  1.32146E+00 -2.87436E+00 -2.87436E+00 -2.36401E-06  0.00000E+00  0.00000E+00  3.57745E-01
   515  1.34974E+00 -2.76640E+00 -2.76640E+00 -2.19151E-06  0.00000E+00  0.00000E+00  3.24692E-01
   516  1.37858E+00 -2.66087E+00 -2.66086E+00 -2.03758E-06  0.00000E+00  0.00000E+00  2.95571E-01
   517  1.40798E+00 -2.55767E+00 -2.55766E+00 -1.90046E-06  0.00000E+00  0.00000E+00  2.69924E-01
   518  1.43794E+00 -2.45671E+00 -2.45671E+00 -1.77841E-06  0.00000E+00  0.00000E+00  2.47326E-01
   519  1.46849E+00 -2.35794E+00 -2.35794E+00 -1.66980E-06  0.00000E+00  0.00000E+00  2.27390E-01
   520  1.49962E+00 -2.26130E+00 -2.26129E+00 -1.57303E-06  0.00000E+00  0.00000E+00  2.09764E-01
   521  1.53135E+00 -2.16674E+00 -2.16674E+00 -1.48662E-06  0.00000E+00  0.00000E+00  1.94134E-01
   522  1.56369E+00 -2.07426E+00 -2.07425E+00 -1.40919E-06  0.00000E+00  0.00000E+00  1.80217E-01
   523  1.59664E+00 -1.98382E+00 -1.98382E+00 -1.33948E-06  0.00000E+00  0.00000E+00  1.67767E-01
   524  1.63022E+00 -1.89543E+00 -1.89543E+00 -1.27634E-06  0.00000E+00  0.00000E+00  1.56566E-01
   525  1.66443E+00 -1.80910E+00 -1.80909E+00 -1.21873E-06  0.00000E+00  0.00000E+00  1.46427E-01
   526  1.69928E+00 -1.72483E+00 -1.72482E+00 -1.16574E-06  0.00000E+00  0.00000E+00  1.37187E-01
   527  1.73478E+00 -1.64264E+00 -1.64264E+00 -1.11656E-06  0.00000E+00  0.00000E+00  1.28711E-01
   528  1.77095E+00 -1.56256E+00 -1.56256E+00 -1.07050E-06  0.00000E+00  0.00000E+00  1.20881E-01
   529  1.80778E+00 -1.48461E+00 -1.48461E+00 -1.02696E-06  0.00000E+00  0.00000E+00  1.13602E-01
   530  1.84530E+00 -1.40882E+00 -1.40882E+00 -9.85452E-07  0.00000E+00  0.00000E+00  1.06794E-01
   531  1.88350E+00 -1.33522E+00 -1.33522E+00 -9.45561E-07  0.00000E+00  0.00000E+00  1.00393E-01
   532  1.92240E+00 -1.26384E+00 -1.26384E+00 -9.06959E-07  0.00000E+00  0.00000E+00  9.43457E-02
   533  1.96201E+00 -1.19471E+00 -1.19471E+00 -8.69387E-07  0.00000E+00  0.00000E+00  8.86115E-02
   534  2.00233E+00 -1.12785E+00 -1.12785E+00 -8.32649E-07  0.00000E+00  0.00000E+00  8.31580E-02
   535  2.04338E+00 -1.06327E+00 -1.06327E+00 -7.96605E-07  0.00000E+00  0.00000E+00  7.79599E-02
   536  2.08517E+00 -1.00101E+00 -1.00100E+00 -7.61161E-07  0.00000E+00  0.00000E+00  7.29983E-02
   537  2.12770E+00 -9.41057E-01 -9.41057E-01 -7.26262E-07  0.00000E+00  0.00000E+00  6.82591E-02
   538  2.17098E+00 -8.83436E-01 -8.83435E-01 -6.91888E-07  0.00000E+00  0.00000E+00  6.37318E-02
   539  2.21503E+00 -8.28141E-01 -8.28141E-01 -6.58041E-07  0.00000E+00  0.00000E+00  5.94087E-02
   540  2.25985E+00 -7.75170E-01 -7.75169E-01 -6.24748E-07  0.00000E+00  0.00000E+00  5.52843E-02
   541  2.30546E+00 -7.24510E-01 -7.24510E-01 -5.92047E-07  0.00000E+00  0.00000E+00  5.13542E-02
   542  2.35185E+00 -6.76146E-01 -6.76146E-01 -5.59989E-07  0.00000E+00  0.00000E+00  4.76153E-02
   543  2.39905E+00 -6.30055E-01 -6.30055E-01 -5.28631E-07  0.00000E+00  0.00000E+00  4.40646E-02
   544  2.44706E+00 -5.86208E-01 -5.86208E-01 -4.98032E-07  0.00000E+00  0.00000E+00  4.06996E-02
   545  2.49588E+00 -5.44572E-01 -5.44571E-01 -4.68253E-07  0.00000E+00  0.00000E+00  3.75175E-02
   546  2.54554E+00 -5.05105E-01 -5.05105E-01 -4.39352E-07  0.00000E+00  0.00000E+00  3.45151E-02
   547  2.59603E+00 -4.67764E-01 -4.67764E-01 -4.11382E-07  0.00000E+00  0.00000E+00  3.16893E-02
   548  2.64737E+00 -4.32499E-01 -4.32499E-01 -3.84391E-07  0.00000E+00  0.00000E+00  2.90360E-02
   549  2.69956E+00 -3.99256E-01 -3.99256E-01 -3.58423E-07  0.00000E+00  0.00000E+00  2.65509E-02
   550  2.75262E+00 -3.67977E-01 -3.67977E-01 -3.33511E-07  0.00000E+00  0.00000E+00  2.42293E-02
   551  2.80655E+00 -3.38602E-01 -3.38601E-01 -3.09683E-07  0.00000E+00  0.00000E+00  2.20659E-02
   552  2.86137E+00 -3.11065E-01 -3.11065E-01 -2.86959E-07  0.00000E+00  0.00000E+00  2.00550E-02
   553  2.91707E+00 -2.85301E-01 -2.85300E-01 -2.65349E-07  0.00000E+00  0.00000E+00  1.81906E-02
   554  2.97368E+00 -2.61240E-01 -2.61240E-01 -2.44858E-07  0.00000E+00  0.00000E+00  1.64664E-02
   555  3.03119E+00 -2.38812E-01 -2.38812E-01 -2.25483E-07  0.00000E+00  0.00000E+00  1.48757E-02
   556  3.08962E+00 -2.17947E-01 -2.17947E-01 -2.07215E-07  0.00000E+00  0.00000E+00  1.34120E-02
   557  3.14897E+00 -1.98571E-01 -1.98571E-01 -1.90037E-07  0.00000E+00  0.00000E+00  1.20683E-02
   558  3.20926E+00 -1.80614E-01 -1.80614E-01 -1.73927E-07  0.00000E+00  0.00000E+00  1.08378E-02
   559  3.27049E+00 -1.64002E-01 -1.64002E-01 -1.58861E-07  0.00000E+00  0.00000E+00  9.71362E-03
   560  3.33266E+00 -1.48665E-01 -1.48664E-01 -1.44806E-07  0.00000E+00  0.00000E+00  8.68906E-03
   561  3.39580E+00 -1.34531E-01 -1.34531E-01 -1.31730E-07  0.00000E+00  0.00000E+00  7.75745E-03
   562  3.45990E+00 -1.21531E-01 -1.21531E-01 -1.19594E-07  0.00000E+00  0.00000E+00  6.91232E-03
   563  3.52497E+00 -1.09598E-01 -1.09597E-01 -1.08360E-07  0.00000E+00  0.00000E+00  6.14740E-03
   564  3.59102E+00 -9.86638E-02 -9.86637E-02 -9.79863E-08  0.00000E+00  0.00000E+00  5.45663E-03
   565  3.65807E+00 -8.86654E-02 -8.86654E-02 -8.84301E-08  0.00000E+00  0.00000E+00  4.83421E-03
   566  3.72610E+00 -7.95402E-02 -7.95401E-02 -7.96484E-08  0.00000E+00  0.00000E+00  4.27464E-03
   567  3.79514E+00 -7.12279E-02 -7.12278E-02 -7.15975E-08  0.00000E+00  0.00000E+00  3.77266E-03
   568  3.86519E+00 -6.36709E-02 -6.36708E-02 -6.42341E-08  0.00000E+00  0.00000E+00  3.32332E-03
   569  3.93625E+00 -5.68140E-02 -5.68139E-02 -5.75150E-08  0.00000E+00  0.00000E+00  2.92197E-03
   570  4.00834E+00 -5.06044E-02 -5.06044E-02 -5.13979E-08  0.00000E+00  0.00000E+00  2.56424E-03
   571  4.08146E+00 -4.49922E-02 -4.49921E-02 -4.58418E-08  0.00000E+00  0.00000E+00  2.24607E-03
   572  4.15561E+00 -3.99298E-02 -3.99297E-02 -4.08065E-08  0.00000E+00  0.00000E+00  1.96368E-03
   573  4.23080E+00 -3.53724E-02 -3.53723E-02 -3.62534E-08  0.00000E+00  0.00000E+00  1.71357E-03
   574  4.30705E+00 -3.12777E-02 -3.12776E-02 -3.21455E-08  0.00000E+00  0.00000E+00  1.49251E-03
   575  4.38434E+00 -2.76060E-02 -2.76060E-02 -2.84476E-08  0.00000E+00  0.00000E+00  1.29753E-03
   576  4.46270E+00 -2.43203E-02 -2.43203E-02 -2.51260E-08  0.00000E+00  0.00000E+00  1.12591E-03
   577  4.54213E+00 -2.13858E-02 -2.13858E-02 -2.21489E-08  0.00000E+00  0.00000E+00  9.75148E-04
   578  4.62262E+00 -1.87702E-02 -1.87702E-02 -1.94865E-08  0.00000E+00  0.00000E+00  8.42990E-04
   579  4.70419E+00 -1.64436E-02 -1.64436E-02 -1.71106E-08  0.00000E+00  0.00000E+00  7.27373E-04
   580  4.78684E+00 -1.43782E-02 -1.43782E-02 -1.49950E-08  0.00000E+00  0.00000E+00  6.26433E-04
   581  4.87058E+00 -1.25484E-02 -1.25484E-02 -1.31153E-08  0.00000E+00  0.00000E+00  5.38484E-04
   582  4.95541E+00 -1.09307E-02 -1.09306E-02 -1.14486E-08  0.00000E+00  0.00000E+00  4.62010E-04
   583  5.04134E+00 -9.50326E-03 -9.50325E-03 -9.97419E-09  0.00000E+00  0.00000E+00  3.95648E-04
   584  5.12836E+00 -8.24641E-03 -8.24640E-03 -8.67251E-09  0.00000E+00  0.00000E+00  3.38176E-04
   585  5.21649E+00 -7.14199E-03 -7.14198E-03 -7.52585E-09  0.00000E+00  0.00000E+00  2.88505E-04
   586  5.30573E+00 -6.17352E-03 -6.17351E-03 -6.51788E-09  0.00000E+00  0.00000E+00  2.45662E-04
   587  5.39608E+00 -5.32602E-03 -5.32601E-03 -5.63374E-09  0.00000E+00  0.00000E+00  2.08783E-04
   588  5.48754E+00 -4.58590E-03 -4.58590E-03 -4.85988E-09  0.00000E+00  0.00000E+00  1.77102E-04
   589  5.58012E+00 -3.94092E-03 -3.94091E-03 -4.18397E-09  0.00000E+00  0.00000E+00  1.49942E-04
   590  5.67383E+00 -3.38000E-03 -3.37999E-03 -3.59489E-09  0.00000E+00  0.00000E+00  1.26703E-04
   591  5.76866E+00 -2.89321E-03 -2.89321E-03 -3.08259E-09  0.00000E+00  0.00000E+00  1.06861E-04
   592  5.86462E+00 -2.47164E-03 -2.47163E-03 -2.63800E-09  0.00000E+00  0.00000E+00  8.99522E-05
   593  5.96170E+00 -2.10731E-03 -2.10731E-03 -2.25300E-09  0.00000E+00  0.00000E+00  7.55733E-05
   594  6.05992E+00 -1.79312E-03 -1.79312E-03 -1.92033E-09  0.00000E+00  0.00000E+00  6.33703E-05
   595  6.15928E+00 -1.52274E-03 -1.52273E-03 -1.63348E-09  0.00000E+00  0.00000E+00  5.30349E-05
   596  6.25977E+00 -1.29054E-03 -1.29054E-03 -1.38668E-09  0.00000E+00  0.00000E+00  4.42991E-05
   597  6.36140E+00 -1.09157E-03 -1.09156E-03 -1.17479E-09  0.00000E+00  0.00000E+00  3.69303E-05
   598  6.46417E+00 -9.21416E-04 -9.21415E-04 -9.93258E-10  0.00000E+00  0.00000E+00  3.07274E-05
   599  6.56808E+00 -7.76227E-04 -7.76226E-04 -8.38076E-10  0.00000E+00  0.00000E+00  2.55165E-05
   600  6.67314E+00 -6.52599E-04 -6.52599E-04 -7.05703E-10  0.00000E+00  0.00000E+00  2.11480E-05
   601  6.77934E+00 -5.47556E-04 -5.47555E-04 -5.93029E-10  0.00000E+00  0.00000E+00  1.74931E-05
   602  6.88668E+00 -4.58493E-04 -4.58492E-04 -4.97331E-10  0.00000E+00  0.00000E+00  1.44415E-05
   603  6.99517E+00 -3.83141E-04 -3.83140E-04 -4.16225E-10  0.00000E+00  0.00000E+00  1.18989E-05
   604  7.10481E+00 -3.19525E-04 -3.19524E-04 -3.47636E-10  0.00000E+00  0.00000E+00  9.78474E-06
   605  7.21559E+00 -2.65932E-04 -2.65931E-04 -2.89756E-10  0.00000E+00  0.00000E+00  8.03042E-06
   606  7.32752E+00 -2.20879E-04 -2.20879E-04 -2.41020E-10  0.00000E+00  0.00000E+00  6.57768E-06
   607  7.44059E+00 -1.83087E-04 -1.83087E-04 -2.00070E-10  0.00000E+00  0.00000E+00  5.37716E-06
   608  7.55481E+00 -1.51453E-04 -1.51453E-04 -1.65739E-10  0.00000E+00  0.00000E+00  4.38710E-06
   609  7.67018E+00 -1.25031E-04 -1.25031E-04 -1.37018E-10  0.00000E+00  0.00000E+00  3.57230E-06
   610  7.78669E+00 -1.03009E-04 -1.03009E-04 -1.13042E-10  0.00000E+00  0.00000E+00  2.90311E-06
   611  7.90435E+00 -8.46933E-05 -8.46932E-05 -9.30704E-11  0.00000E+00  0.00000E+00  2.35463E-06
   612  8.02315E+00 -6.94931E-05 -6.94930E-05 -7.64707E-11  0.00000E+00  0.00000E+00  1.90602E-06
   613  8.14309E+00 -5.69053E-05 -5.69052E-05 -6.27032E-11  0.00000E+00  0.00000E+00  1.53985E-06
   614  8.26417E+00 -4.65032E-05 -4.65032E-05 -5.13093E-11  0.00000E+00  0.00000E+00  1.24158E-06
   615  8.38639E+00 -3.79256E-05 -3.79256E-05 -4.19001E-11  0.00000E+00  0.00000E+00  9.99117E-07
   616  8.50975E+00 -3.08676E-05 -3.08676E-05 -3.41465E-11  0.00000E+00  0.00000E+00  8.02428E-07
   617  8.63425E+00 -2.50723E-05 -2.50723E-05 -2.77710E-11  0.00000E+00  0.00000E+00  6.43197E-07
   618  8.75988E+00 -2.03240E-05 -2.03240E-05 -2.25399E-11  0.00000E+00  0.00000E+00  5.14554E-07
   619  8.88664E+00 -1.64417E-05 -1.64417E-05 -1.82570E-11  0.00000E+00  0.00000E+00  4.10836E-07
   620  9.01454E+00 -1.32743E-05 -1.32742E-05 -1.47579E-11  0.00000E+00  0.00000E+00  3.27384E-07
   621  9.14356E+00 -1.06955E-05 -1.06955E-05 -1.19052E-11  0.00000E+00  0.00000E+00  2.60375E-07
   622  9.27370E+00 -8.60037E-06 -8.60036E-06 -9.58453E-12  0.00000E+00  0.00000E+00  2.06678E-07
   623  9.40497E+00 -6.90184E-06 -6.90183E-06 -7.70065E-12  0.00000E+00  0.00000E+00  1.63737E-07
   624  9.53736E+00 -5.52770E-06 -5.52769E-06 -6.17459E-12  0.00000E+00  0.00000E+00  1.29466E-07
   625  9.67086E+00 -4.41832E-06 -4.41832E-06 -4.94101E-12  0.00000E+00  0.00000E+00  1.02171E-07
   626  9.80548E+00 -3.52457E-06 -3.52457E-06 -3.94595E-12  0.00000E+00  0.00000E+00  8.04747E-08
   627  9.94121E+00 -2.80604E-06 -2.80603E-06 -3.14498E-12  0.00000E+00  0.00000E+00  6.32638E-08
   628  1.00780E+01 -2.22957E-06 -2.22956E-06 -2.50160E-12  0.00000E+00  0.00000E+00  4.96384E-08
   629  1.02160E+01 -1.76803E-06 -1.76803E-06 -1.98588E-12  0.00000E+00  0.00000E+00  3.88731E-08
   630  1.03550E+01 -1.39928E-06 -1.39928E-06 -1.57335E-12  0.00000E+00  0.00000E+00  3.03844E-08
   631  1.04952E+01 -1.10527E-06 -1.10527E-06 -1.24405E-12  0.00000E+00  0.00000E+00  2.37043E-08
   632  1.06364E+01 -8.71329E-07 -8.71328E-07 -9.81739E-13  0.00000E+00  0.00000E+00  1.84578E-08
   633  1.07787E+01 -6.85566E-07 -6.85565E-07 -7.73214E-13  0.00000E+00  0.00000E+00  1.43453E-08
   634  1.09221E+01 -5.38360E-07 -5.38360E-07 -6.07789E-13  0.00000E+00  0.00000E+00  1.11282E-08
   635  1.10666E+01 -4.21945E-07 -4.21944E-07 -4.76824E-13  0.00000E+00  0.00000E+00  8.61631E-09
   636  1.12122E+01 -3.30066E-07 -3.30066E-07 -3.73353E-13  0.00000E+00  0.00000E+00  6.65898E-09
   637  1.13588E+01 -2.57698E-07 -2.57698E-07 -2.91770E-13  0.00000E+00  0.00000E+00  5.13671E-09
   638  1.15065E+01 -2.00813E-07 -2.00813E-07 -2.27574E-13  0.00000E+00  0.00000E+00  3.95509E-09
   639  1.16553E+01 -1.56186E-07 -1.56186E-07 -1.77162E-13  0.00000E+00  0.00000E+00  3.03967E-09
   640  1.18051E+01 -1.21247E-07 -1.21247E-07 -1.37654E-13  0.00000E+00  0.00000E+00  2.33182E-09
   641  1.19560E+01 -9.39458E-08 -9.39457E-08 -1.06752E-13  0.00000E+00  0.00000E+00  1.78554E-09
   642  1.21079E+01 -7.26552E-08 -7.26551E-08 -8.26311E-14  0.00000E+00  0.00000E+00  1.36475E-09
   643  1.22608E+01 -5.60844E-08 -5.60843E-08 -6.38395E-14  0.00000E+00  0.00000E+00  1.04123E-09
   644  1.24149E+01 -4.32123E-08 -4.32122E-08 -4.92289E-14  0.00000E+00  0.00000E+00  7.92967E-10
   645  1.25699E+01 -3.32327E-08 -3.32327E-08 -3.78911E-14  0.00000E+00  0.00000E+00  6.02812E-10
   646  1.27260E+01 -2.55107E-08 -2.55106E-08 -2.91103E-14  0.00000E+00  0.00000E+00  4.57438E-10
   647  1.28831E+01 -1.95470E-08 -1.95469E-08 -2.23229E-14  0.00000E+00  0.00000E+00  3.46504E-10
   648  1.30412E+01 -1.49500E-08 -1.49500E-08 -1.70866E-14  0.00000E+00  0.00000E+00  2.62008E-10
   649  1.32003E+01 -1.14134E-08 -1.14133E-08 -1.30546E-14  0.00000E+00  0.00000E+00  1.97767E-10
   650  1.33605E+01 -8.69757E-09 -8.69756E-09 -9.95582E-15  0.00000E+00  0.00000E+00  1.49016E-10
   651  1.35216E+01 -6.61606E-09 -6.61606E-09 -7.57885E-15  0.00000E+00  0.00000E+00  1.12086E-10
   652  1.36838E+01 -5.02369E-09 -5.02369E-09 -5.75899E-15  0.00000E+00  0.00000E+00  8.41622E-11
   653  1.38469E+01 -3.80777E-09 -3.80777E-09 -4.36826E-15  0.00000E+00  0.00000E+00  6.30859E-11
   654  1.40110E+01 -2.88104E-09 -2.88104E-09 -3.30747E-15  0.00000E+00  0.00000E+00  4.72065E-11
   655  1.41762E+01 -2.17601E-09 -2.17601E-09 -2.49984E-15  0.00000E+00  0.00000E+00  3.52639E-11
   656  1.43422E+01 -1.64064E-09 -1.64064E-09 -1.88608E-15  0.00000E+00  0.00000E+00  2.62978E-11
   657  1.45093E+01 -1.23483E-09 -1.23482E-09 -1.42051E-15  0.00000E+00  0.00000E+00  1.95783E-11
   658  1.46773E+01 -9.27778E-10 -9.27777E-10 -1.06800E-15  0.00000E+00  0.00000E+00  1.45513E-11
   659  1.48463E+01 -6.95885E-10 -6.95884E-10 -8.01579E-16  0.00000E+00  0.00000E+00  1.07970E-11
   660  1.50163E+01 -5.21056E-10 -5.21055E-10 -6.00579E-16  0.00000E+00  0.00000E+00  7.99808E-12
   661  1.51871E+01 -3.89484E-10 -3.89484E-10 -4.49210E-16  0.00000E+00  0.00000E+00  5.91493E-12
   662  1.53590E+01 -2.90648E-10 -2.90648E-10 -3.35419E-16  0.00000E+00  0.00000E+00  4.36720E-12
   663  1.55317E+01 -2.16524E-10 -2.16524E-10 -2.50029E-16  0.00000E+00  0.00000E+00  3.21919E-12
   664  1.57054E+01 -1.61038E-10 -1.61037E-10 -1.86063E-16  0.00000E+00  0.00000E+00  2.36912E-12
   665  1.58801E+01 -1.19570E-10 -1.19570E-10 -1.38231E-16  0.00000E+00  0.00000E+00  1.74072E-12
   666  1.60556E+01 -8.86332E-11 -8.86331E-11 -1.02524E-16  0.00000E+00  0.00000E+00  1.27695E-12
   667  1.62321E+01 -6.55974E-11 -6.55973E-11 -7.59151E-17  0.00000E+00  0.00000E+00  9.35258E-13
   668  1.64094E+01 -4.84662E-11 -4.84661E-11 -5.61201E-17  0.00000E+00  0.00000E+00  6.83914E-13
   669  1.65877E+01 -3.57546E-11 -3.57545E-11 -4.14189E-17  0.00000E+00  0.00000E+00  4.99332E-13
   670  1.67669E+01 -2.63327E-11 -2.63327E-11 -3.05193E-17  0.00000E+00  0.00000E+00  3.63998E-13
   671  1.69469E+01 -1.93623E-11 -1.93623E-11 -2.24518E-17  0.00000E+00  0.00000E+00  2.64934E-13
   672  1.71279E+01 -1.42180E-11 -1.42180E-11 -1.64905E-17  0.00000E+00  0.00000E+00  1.92533E-13
   673  1.73097E+01 -1.04237E-11 -1.04237E-11 -1.20927E-17  0.00000E+00  0.00000E+00  1.39705E-13
   674  1.74924E+01 -7.63124E-12 -7.63123E-12 -8.85378E-18  0.00000E+00  0.00000E+00  1.01218E-13
   675  1.76760E+01 -5.57777E-12 -5.57776E-12 -6.47219E-18  0.00000E+00  0.00000E+00  7.32226E-14
   676  1.78604E+01 -4.07141E-12 -4.07141E-12 -4.72386E-18  0.00000E+00  0.00000E+00  5.28912E-14
   677  1.80457E+01 -2.96297E-12 -2.96296E-12 -3.44248E-18  0.00000E+00  0.00000E+00  3.81483E-14
   678  1.82318E+01 -2.16005E-12 -2.16005E-12 -2.50482E-18  0.00000E+00  0.00000E+00  2.74742E-14
   679  1.84188E+01 -1.57030E-12 -1.57030E-12 -1.81979E-18  0.00000E+00  0.00000E+00  1.97577E-14
   680  1.86066E+01 -1.13687E-12 -1.13687E-12 -1.32009E-18  0.00000E+00  0.00000E+00  1.41878E-14
   681  1.87953E+01 -8.24231E-13 -8.24230E-13 -9.56168E-19  0.00000E+00  0.00000E+00  1.01733E-14
   682  1.89847E+01 -5.89751E-13 -5.89750E-13 -6.91535E-19  0.00000E+00  0.00000E+00  7.28428E-15
   683  1.91750E+01 -4.26326E-13 -4.26326E-13 -4.99401E-19  0.00000E+00  0.00000E+00  5.20823E-15
   684  1.93661E+01 -3.05534E-13 -3.05533E-13 -3.60117E-19  0.00000E+00  0.00000E+00  3.71858E-15
   685  1.95581E+01 -2.20269E-13 -2.20268E-13 -2.59300E-19  0.00000E+00  0.00000E+00  2.65126E-15
   686  1.97508E+01 -1.56320E-13 -1.56319E-13 -1.86435E-19  0.00000E+00  0.00000E+00  1.88765E-15
   687  1.99443E+01 -1.06582E-13 -1.06581E-13 -1.33853E-19  0.00000E+00  0.00000E+00  1.34210E-15
   688  2.01386E+01 -9.59632E-20 -0.00000E+00 -9.59632E-20  0.00000E+00  0.00000E+00  9.52909E-16
   689  2.01386E+01 -0.00000E+00 -0.00000E+00  0.00000E+00  0.00000E+00  0.00000E+00  0.00000E+00
   690  4.02773E+01 -0.00000E+00 -0.00000E+00  0.00000E+00  0.00000E+00  0.00000E+00  0.00000E+00
   691  8.05546E+01 -0.00000E+00 -0.00000E+00  0.00000E+00  0.00000E+00  0.00000E+00  0.00000E+00
   692  1.61109E+02 -0.00000E+00 -0.00000E+00  0.00000E+00  0.00000E+00  0.00000E+00  0.00000E+00
   693  3.22218E+02 -0.00000E+00 -0.00000E+00  0.00000E+00  0.00000E+00  0.00000E+00  0.00000E+00
   694  6.44436E+02 -0.00000E+00 -0.00000E+00  0.00000E+00  0.00000E+00  0.00000E+00  0.00000E+00
   695  1.28887E+03 -0.00000E+00 -0.00000E+00  0.00000E+00  0.00000E+00  0.00000E+00  0.00000E+00
   696  2.57775E+03 -0.00000E+00 -0.00000E+00  0.00000E+00  0.00000E+00  0.00000E+00  0.00000E+00
   697  5.15549E+03 -0.00000E+00 -0.00000E+00  0.00000E+00  0.00000E+00  0.00000E+00  0.00000E+00
   698  1.03110E+04 -0.00000E+00 -0.00000E+00  0.00000E+00  0.00000E+00  0.00000E+00  0.00000E+00
