

  **** PARTIAL WAVE ANALYSIS (DPWA0) ******************************************


  KINETIC ENERGY = 3.70000E+06 eV

      L       PHASE(SPIN UP)     PHASE(SPIN DOWN)
  -----------------------------------------------
       0      3.81352059E-01      0.00000000E+00
       1      3.34118092E-01      3.74225203E-01
       2      3.08563911E-01      3.30549305E-01
       3      2.90888794E-01      3.06184865E-01
       4      2.77345284E-01      2.89104668E-01
       5      2.66357873E-01      2.75918146E-01
       6      2.57111402E-01      2.65168758E-01
       7      2.49128305E-01      2.56092328E-01
       8      2.42104377E-01      2.48236784E-01
       9      2.35833764E-01      2.41312084E-01
      10      2.30170614E-01      2.35120870E-01
      11      2.25007791E-01      2.29522699E-01
      12      2.20264271E-01      2.24414039E-01
      13      2.15877279E-01      2.19716362E-01
      14      2.11797191E-01      2.15368676E-01
      15      2.07984093E-01      2.11322664E-01
      16      2.04405403E-01      2.07539393E-01
      17      2.01034175E-01      2.03987029E-01
      18      1.97847874E-01      2.00639213E-01
      19      1.94827454E-01      1.97473865E-01
      20      1.91956680E-01      1.94472312E-01
      21      1.89221598E-01      1.91618615E-01
      22      1.86610124E-01      1.88899064E-01
      23      1.84111728E-01      1.86301777E-01
      24      1.81717174E-01      1.83816391E-01
      25      1.79418320E-01      1.81433813E-01
      26      1.77207950E-01      1.79146018E-01
      27      1.75079636E-01      1.76945893E-01
      28      1.73027632E-01      1.74827097E-01
      29      1.71046779E-01      1.72783960E-01
      30      1.69132423E-01      1.70811386E-01
      31      1.67280360E-01      1.68904780E-01
      32      1.65486770E-01      1.67059985E-01
      33      1.63748180E-01      1.65273227E-01
      34      1.62061416E-01      1.63541070E-01
      35      1.60423576E-01      1.61860376E-01
      36      1.58831995E-01      1.60228271E-01
      37      1.57284221E-01      1.58642118E-01
      38      1.55777995E-01      1.57099490E-01
      39      1.54311228E-01      1.55598148E-01
      40      1.52881987E-01      1.54136023E-01
      41      1.51488477E-01      1.52711200E-01
      42      1.50129031E-01      1.51321901E-01
      43      1.48802097E-01      1.49966472E-01
      44      1.47506227E-01      1.48643374E-01
      45      1.46240068E-01      1.47351172E-01
      46      1.45002355E-01      1.46088524E-01
      47      1.43791903E-01      1.44854174E-01
      48      1.42607598E-01      1.43646946E-01
      49      1.41448395E-01      1.42465736E-01
      50      1.40313311E-01      1.41309506E-01
      51      1.39201420E-01      1.40177279E-01
      52      1.38111847E-01      1.39068137E-01
      53      1.37043769E-01      1.37981211E-01
      54      1.35996405E-01      1.36915683E-01
      55      1.34969017E-01      1.35870777E-01
      56      1.33960908E-01      1.34845762E-01
      57      1.32971414E-01      1.33839942E-01
      58      1.31999906E-01      1.32852661E-01
      59      1.31045788E-01      1.31883291E-01
      60      1.30108492E-01      1.30931241E-01
      61      1.29187477E-01      1.29995946E-01
      62      1.28282229E-01      1.29076869E-01
      63      1.27392257E-01      1.28173497E-01
      64      1.26517093E-01      1.27285344E-01
      65      1.25656291E-01      1.26411944E-01
      66      1.24809425E-01      1.25552854E-01
      67      1.23976085E-01      1.24707648E-01
      68      1.23155883E-01      1.23875921E-01
      69      1.22348444E-01      1.23057285E-01
      70      1.21553412E-01      1.22251369E-01
      71      1.20770442E-01      1.21457816E-01
      72      1.19999206E-01      1.20676286E-01
      73      1.19239388E-01      1.19906450E-01
      74      1.18490686E-01      1.19147996E-01
      75      1.17752808E-01      1.18400621E-01
      76      1.17025474E-01      1.17664036E-01
      77      1.16308415E-01      1.16937962E-01
      78      1.15601372E-01      1.16222131E-01
      79      1.14904096E-01      1.15516285E-01
      80      1.14216346E-01      1.14820176E-01
      81      1.13537890E-01      1.14133564E-01
      82      1.12868506E-01      1.13456220E-01
      83      1.12207978E-01      1.12787921E-01
      84      1.11556098E-01      1.12128452E-01
      85      1.10912666E-01      1.11477607E-01
      86      1.10277488E-01      1.10835186E-01
      87      1.09650376E-01      1.10200996E-01
      88      1.09031150E-01      1.09574849E-01
      89      1.08419634E-01      1.08956567E-01
      90      1.07815659E-01      1.08345975E-01
      91      1.07219062E-01      1.07742903E-01
      92      1.06629683E-01      1.07147189E-01
      93      1.06047369E-01      1.06558675E-01
      94      1.05471971E-01      1.05977207E-01
      95      1.04903344E-01      1.05402637E-01  i
      96      1.04341349E-01      1.04834822E-01  i
      97      1.03785851E-01      1.04273622E-01  i
      98      1.03236716E-01      1.03718902E-01  i
      99      1.02693819E-01      1.03170531E-01  i
     100      1.02157034E-01      1.02628381E-01  i
     105      9.95607040E-02      1.00006752E-01  i
     110      9.71005051E-02      9.75235480E-02  i
     115      9.47643832E-02      9.51664238E-02  i
     120      9.25417803E-02      9.29245770E-02  i
     125      9.04233950E-02      9.07885006E-02  i
     130      8.84009901E-02      8.87497827E-02  i
     135      8.64672357E-02      8.68009436E-02  i
     140      8.46155804E-02      8.49353037E-02  i
     145      8.28401450E-02      8.31468724E-02  i
     150      8.11356341E-02      8.14302573E-02  i
     155      7.94972611E-02      7.97805874E-02  i
     160      7.79206865E-02      7.81934487E-02  i
     165      7.64019636E-02      7.66648289E-02  i
     170      7.49374936E-02      7.51910711E-02  i
     175      7.35239865E-02      7.37688336E-02  i
     180      7.21584273E-02      7.23950553E-02  i
     185      7.08380471E-02      7.10669259E-02  i
     190      6.95602973E-02      6.97818598E-02  i
     195      6.83228277E-02      6.85374736E-02  i
     200      6.71234672E-02      6.73315658E-02  i
     205      6.59602063E-02      6.61620997E-02  i
     210      6.48311825E-02      6.50271880E-02  i
     215      6.37346661E-02      6.39250787E-02  i
     220      6.26690494E-02      6.28541432E-02  i
     225      6.16328348E-02      6.18128654E-02  i
     230      6.06246266E-02      6.07998324E-02  i
     235      5.96431214E-02      5.98137250E-02  i
     240      5.86871011E-02      5.88533108E-02  i
     245      5.77554259E-02      5.79174366E-02  i
     250      5.68470278E-02      5.70050223E-02  i
     255      5.59609055E-02      5.61150551E-02  i
     260      5.50961187E-02      5.52465844E-02  i
     265      5.42517839E-02      5.43987171E-02  i
     270      5.34270700E-02      5.35706131E-02  i
     275      5.26211945E-02      5.27614817E-02  i
     280      5.18334201E-02      5.19705778E-02  i
     285      5.10630513E-02      5.11971988E-02  i
     290      5.03094314E-02      5.04406815E-02  i
     295      4.95719402E-02      4.97003994E-02  i
     300      4.88499912E-02      4.89757601E-02  i
     310      4.74505290E-02      4.75711984E-02  i
     320      4.61069458E-02      4.62228587E-02  i
     330      4.48155547E-02      4.49270199E-02  i
     340      4.35730299E-02      4.36803262E-02  i
     350      4.23763627E-02      4.24797429E-02  i
     360      4.12228241E-02      4.13225175E-02  i
     370      4.01099320E-02      4.02061476E-02  i
     380      3.90354236E-02      3.91283521E-02  i
     390      3.79972302E-02      3.80870462E-02  i
     400      3.69934566E-02      3.70803201E-02  i
     410      3.60223616E-02      3.61064199E-02  i
     420      3.50823425E-02      3.51637313E-02  i
     430      3.41719202E-02      3.42507648E-02  i
     440      3.32897268E-02      3.33661431E-02  i
     450      3.24344942E-02      3.25085900E-02  i
     460      3.16050446E-02      3.16769201E-02  i
     470      3.08002817E-02      3.08700301E-02  i
     480      3.00191828E-02      3.00868911E-02  i
     490      2.92607920E-02      2.93265418E-02  i
     500      2.85242142E-02      2.85880817E-02  i
     510      2.78086095E-02      2.78706666E-02  i
     520      2.71131885E-02      2.71735025E-02  i
     530      2.64372076E-02      2.64958422E-02  i
     540      2.57799658E-02      2.58369810E-02  i
     550      2.51408004E-02      2.51962529E-02  i
     560      2.45190843E-02      2.45730278E-02  i
     570      2.39142232E-02      2.39667088E-02  i
     580      2.33256528E-02      2.33767289E-02  i
     590      2.27528369E-02      2.28025495E-02  i
     600      2.21952648E-02      2.22436579E-02  i
     620      2.11239279E-02      2.11698054E-02  i
     640      2.01080062E-02      2.01515211E-02  i
     660      1.91441732E-02      1.91854658E-02  i
     680      1.82293727E-02      1.82685720E-02  i
     700      1.73607856E-02      1.73980109E-02  i
     720      1.65358031E-02      1.65711648E-02  i
     740      1.57520034E-02      1.57856043E-02  i
     760      1.50071320E-02      1.50390680E-02  i
     780      1.42990857E-02      1.43294461E-02  i
     800      1.36258973E-02      1.36547658E-02  i
     820      1.29857241E-02      1.30131793E-02  i
     840      1.23768367E-02      1.24029523E-02  i
     860      1.17976097E-02      1.18224550E-02  i
     880      1.12465135E-02      1.12701539E-02  i
     900      1.07221071E-02      1.07446040E-02  i
     920      1.02230310E-02      1.02444426E-02  i
     940      9.74800239E-03      9.76838346E-03  i
     960      9.29580897E-03      9.31521136E-03  i
     980      8.86530478E-03      8.88377751E-03  i
    1000      8.45540571E-03      8.47299517E-03  i
    1020      8.06508565E-03      8.08183574E-03  i
    1040      7.69337287E-03      7.70932518E-03  i
    1060      7.33934676E-03      7.35454072E-03  i
    1080      7.00213483E-03      7.01660779E-03  i
    1100      6.68090983E-03      6.69469723E-03  i
    1120      6.37488726E-03      6.38802269E-03  i
    1140      6.08332286E-03      6.09583820E-03  i
    1160      5.80551043E-03      5.81743594E-03  i
    1180      5.54077970E-03      5.55214411E-03  i
    1200      5.28849440E-03      5.29932497E-03  i
    1250      4.70833970E-03      4.71794609E-03  i
    1300      4.19363586E-03      4.20216053E-03  i
    1350      3.73678267E-03      3.74435098E-03  i
    1400      3.33108958E-03      3.33781191E-03  i
    1450      2.97066271E-03      2.97663633E-03  i
    1500      2.65030690E-03      2.65561758E-03  i
    1550      2.36544022E-03      2.37016363E-03  i
    1600      2.11201958E-03      2.11622250E-03  i
    1650      1.88647545E-03      1.89021686E-03  i
    1700      1.68565502E-03      1.68898701E-03  i
    1750      1.50677205E-03      1.50974068E-03  i
    1800      1.34736322E-03      1.35000922E-03  i
    1850      1.20524965E-03      1.20760906E-03  i
    1900      1.07850314E-03      1.08060785E-03  i
    1950      9.65416549E-04      9.67294797E-04  i
    2000      8.64477761E-04      8.66154576E-04  i
    2050      7.74346791E-04      7.75844352E-04  i
    2100      6.93835624E-04      6.95173602E-04  i
    2150      6.21890505E-04      6.23086349E-04  i
    2200      5.57576335E-04      5.58645535E-04  i
    2250      5.00062935E-04      5.01019245E-04  i
    2300      4.48612939E-04      4.49468579E-04  i
    2350      4.02571127E-04      4.03336957E-04  i
    2400      3.61355007E-04      3.62040684E-04  i
    2450      3.24446518E-04      3.25060633E-04  i
    2500      2.91384701E-04      2.91934900E-04  i
    2550      2.61759228E-04      2.62252319E-04  i
    2600      2.35204686E-04      2.35646731E-04  i
    2650      2.11395526E-04      2.11791929E-04  i
    2700      1.90041575E-04      1.90397154E-04  i
    2750      1.70884117E-04      1.71203166E-04  i
    2800      1.53692367E-04      1.53978719E-04  i
    2850      1.38260380E-04      1.38517456E-04  i
    2900      1.24404306E-04      1.24635158E-04  i
    2950      1.11959955E-04      1.12167314E-04  i
    3000      1.00780651E-04      1.00966953E-04  i
    3100      8.17067107E-05      8.18572087E-05  i
    3200      6.62915279E-05      6.64132144E-05  i
    3300      5.38220136E-05      5.39204917E-05  i
    3400      4.37266428E-05      4.38064044E-05  i
    3500      3.55467687E-05      3.56114224E-05  i
    3600      2.89138767E-05      2.89663227E-05  i
    3700      2.35315192E-05      2.35740926E-05  i
    3800      1.91609475E-05      1.91955294E-05  i
    3900      1.56096836E-05      1.56377916E-05  i
    4000      1.27223923E-05      1.27452520E-05  i
    4100      1.03735923E-05      1.03921938E-05  i
    4200      8.46182750E-06      8.47697168E-06  i
    4300      6.90499393E-06      6.91732963E-06  i
    4400      5.63659455E-06      5.64664717E-06  i
    4500      4.60272349E-06      4.61091922E-06  i
    4600      3.75966633E-06      3.76635086E-06  i
    4700      3.07193321E-06      3.07738717E-06  i
    4800      2.51069672E-06      2.51514830E-06  i
    4900      2.05253090E-06      2.05616559E-06  i
    5000      1.67838412E-06      1.68135280E-06  i
    5100      1.37275503E-06      1.37518041E-06  i
    5200      1.12302082E-06      1.12500303E-06  i
    5300      9.18906991E-07      9.20527289E-07  i
    5400      7.52034303E-07      7.53359049E-07  i
    5500      6.15575979E-07      6.16659462E-07  i
    5600      5.03964580E-07      5.04850826E-07  i
    5700      4.12630921E-07      4.13356024E-07  i
    5800      3.37915095E-07      3.38508504E-07  i
    5900      2.76789424E-07      2.77275154E-07  i
    6000      2.26704452E-07      2.27102156E-07  i
    6100      1.85725089E-07      1.86050681E-07  i
    6200      1.52159226E-07      1.52425899E-07  i
    6300      1.24679027E-07      1.24897352E-07  i
    6400      1.02170867E-07      1.02349766E-07  i
    6500      8.37328027E-08      8.38793064E-08  i
    6600      6.86105161E-08      6.87306662E-08  i
    6700      5.62330121E-08      5.63314404E-08  i
    6800      4.60898984E-08      4.61705763E-08  i
    6900      3.77769435E-08      3.78430714E-08  i
    7000      3.09633277E-08      3.10173861E-08  i
    7100      2.53558014E-08      2.54003038E-08  i
    7200      2.07763117E-08      2.08128415E-08  i
    7300      1.70216743E-08      1.70513972E-08  i
    7400      1.39428659E-08      1.39671707E-08  i
    7500      1.14178863E-08      1.14380239E-08  i
    7600      9.34704824E-09      9.36346480E-09  i
    7700      7.61316378E-09      7.62657952E-09  i
    7800      6.21814544E-09      6.22921872E-09  i
    7900      5.07328658E-09      5.08219728E-09  i
    8000      4.13291071E-09      4.14066215E-09  i
    8100      3.36065756E-09      3.36687992E-09  i
    8200      2.72560964E-09      2.73087016E-09  i
    8300      2.20250762E-09      2.20687756E-09  i
    8400      1.70474577E-09      1.70789061E-09  i
    8500      1.34499426E-09      1.34785240E-09  i
    8600      1.04202290E-09      1.04498624E-09  i


  *** SCATTERING AMPLITUDES AND DIFFERENTIAL CROSS SECTION ***

    ANGLE      DCS       ASYMMETRY    DIRECT AMPLITUDE       SPIN-FLIP AMPLITUDE     ERROR
    (deg)   (cm**2/sr)                      (cm)                    (cm)
  -------------------------------------------------------------------------------------------
  0.000E+00 2.67541E-14  0.000E+00 ( 1.635E-07, 4.702E-09) ( 0.000E+00, 0.000E+00)  1.00E-07
  1.000E-04 2.67540E-14  0.000E+00 ( 1.635E-07, 4.702E-09) ( 1.254E-13, 3.606E-15)  1.00E-07
  1.250E-04 2.67540E-14  0.000E+00 ( 1.635E-07, 4.702E-09) ( 1.567E-13, 4.507E-15)  1.00E-07
  1.500E-04 2.67540E-14  0.000E+00 ( 1.635E-07, 4.702E-09) ( 1.880E-13, 5.408E-15)  1.00E-07
  1.750E-04 2.67540E-14  0.000E+00 ( 1.635E-07, 4.702E-09) ( 2.194E-13, 6.310E-15)  1.00E-07
  2.000E-04 2.67539E-14  0.000E+00 ( 1.635E-07, 4.702E-09) ( 2.507E-13, 7.211E-15)  1.00E-07
  2.250E-04 2.67539E-14  0.000E+00 ( 1.635E-07, 4.702E-09) ( 2.821E-13, 8.113E-15)  1.00E-07
  2.500E-04 2.67538E-14  0.000E+00 ( 1.635E-07, 4.702E-09) ( 3.134E-13, 9.014E-15)  1.00E-07
  2.750E-04 2.67537E-14  0.000E+00 ( 1.635E-07, 4.702E-09) ( 3.448E-13, 9.915E-15)  1.00E-07
  3.000E-04 2.67537E-14  0.000E+00 ( 1.635E-07, 4.702E-09) ( 3.761E-13, 1.082E-14)  1.00E-07
  3.250E-04 2.67536E-14  0.000E+00 ( 1.635E-07, 4.702E-09) ( 4.074E-13, 1.172E-14)  1.00E-07
  3.500E-04 2.67535E-14  0.000E+00 ( 1.635E-07, 4.702E-09) ( 4.388E-13, 1.262E-14)  1.00E-07
  3.750E-04 2.67535E-14  0.000E+00 ( 1.635E-07, 4.702E-09) ( 4.701E-13, 1.352E-14)  1.00E-07
  4.000E-04 2.67534E-14  0.000E+00 ( 1.635E-07, 4.702E-09) ( 5.015E-13, 1.442E-14)  1.00E-07
  4.250E-04 2.67533E-14  0.000E+00 ( 1.635E-07, 4.702E-09) ( 5.328E-13, 1.532E-14)  1.00E-07
  4.500E-04 2.67532E-14  0.000E+00 ( 1.635E-07, 4.702E-09) ( 5.641E-13, 1.623E-14)  1.00E-07
  4.750E-04 2.67531E-14  0.000E+00 ( 1.635E-07, 4.702E-09) ( 5.955E-13, 1.713E-14)  1.00E-07
  5.000E-04 2.67530E-14  0.000E+00 ( 1.635E-07, 4.702E-09) ( 6.268E-13, 1.803E-14)  1.00E-07
  5.250E-04 2.67528E-14  0.000E+00 ( 1.635E-07, 4.702E-09) ( 6.582E-13, 1.893E-14)  1.00E-07
  5.500E-04 2.67527E-14  0.000E+00 ( 1.635E-07, 4.702E-09) ( 6.895E-13, 1.983E-14)  1.00E-07
  5.750E-04 2.67526E-14  0.000E+00 ( 1.635E-07, 4.702E-09) ( 7.208E-13, 2.073E-14)  1.00E-07
  6.000E-04 2.67525E-14  0.000E+00 ( 1.635E-07, 4.702E-09) ( 7.522E-13, 2.163E-14)  1.00E-07
  6.250E-04 2.67523E-14  0.000E+00 ( 1.635E-07, 4.702E-09) ( 7.835E-13, 2.253E-14)  1.00E-07
  6.500E-04 2.67522E-14  0.000E+00 ( 1.635E-07, 4.702E-09) ( 8.149E-13, 2.344E-14)  1.00E-07
  6.750E-04 2.67520E-14  0.000E+00 ( 1.635E-07, 4.702E-09) ( 8.462E-13, 2.434E-14)  1.00E-07
  7.000E-04 2.67519E-14  0.000E+00 ( 1.635E-07, 4.702E-09) ( 8.775E-13, 2.524E-14)  1.00E-07
  7.250E-04 2.67517E-14  0.000E+00 ( 1.635E-07, 4.702E-09) ( 9.089E-13, 2.614E-14)  1.00E-07
  7.500E-04 2.67516E-14  0.000E+00 ( 1.635E-07, 4.702E-09) ( 9.402E-13, 2.704E-14)  1.00E-07
  7.750E-04 2.67514E-14  0.000E+00 ( 1.635E-07, 4.702E-09) ( 9.715E-13, 2.794E-14)  1.00E-07
  8.000E-04 2.67512E-14  0.000E+00 ( 1.635E-07, 4.702E-09) ( 1.003E-12, 2.884E-14)  1.00E-07
  8.250E-04 2.67510E-14  0.000E+00 ( 1.635E-07, 4.702E-09) ( 1.034E-12, 2.975E-14)  1.00E-07
  8.500E-04 2.67508E-14  0.000E+00 ( 1.635E-07, 4.702E-09) ( 1.066E-12, 3.065E-14)  1.00E-07
  8.750E-04 2.67506E-14  0.000E+00 ( 1.635E-07, 4.702E-09) ( 1.097E-12, 3.155E-14)  1.00E-07
  9.000E-04 2.67504E-14  0.000E+00 ( 1.635E-07, 4.702E-09) ( 1.128E-12, 3.245E-14)  1.00E-07
  9.250E-04 2.67502E-14  0.000E+00 ( 1.635E-07, 4.702E-09) ( 1.160E-12, 3.335E-14)  1.00E-07
  9.500E-04 2.67500E-14  0.000E+00 ( 1.635E-07, 4.702E-09) ( 1.191E-12, 3.425E-14)  1.00E-07
  9.750E-04 2.67498E-14  0.000E+00 ( 1.635E-07, 4.702E-09) ( 1.222E-12, 3.515E-14)  1.00E-07
  1.000E-03 2.67496E-14  0.000E+00 ( 1.635E-07, 4.702E-09) ( 1.254E-12, 3.606E-14)  1.00E-07
  1.250E-03 2.67470E-14  0.000E+00 ( 1.635E-07, 4.702E-09) ( 1.567E-12, 4.507E-14)  1.00E-07
  1.500E-03 2.67439E-14  0.000E+00 ( 1.635E-07, 4.702E-09) ( 1.880E-12, 5.408E-14)  1.00E-07
  1.750E-03 2.67403E-14  0.000E+00 ( 1.635E-07, 4.702E-09) ( 2.193E-12, 6.310E-14)  1.00E-07
  2.000E-03 2.67361E-14  0.000E+00 ( 1.634E-07, 4.702E-09) ( 2.506E-12, 7.211E-14)  1.00E-07
  2.250E-03 2.67313E-14  0.000E+00 ( 1.634E-07, 4.702E-09) ( 2.820E-12, 8.112E-14)  1.00E-07
  2.500E-03 2.67259E-14  0.000E+00 ( 1.634E-07, 4.702E-09) ( 3.133E-12, 9.013E-14)  1.00E-07
  2.750E-03 2.67200E-14  0.000E+00 ( 1.634E-07, 4.702E-09) ( 3.445E-12, 9.914E-14)  1.00E-07
  3.000E-03 2.67136E-14  0.000E+00 ( 1.634E-07, 4.702E-09) ( 3.758E-12, 1.082E-13)  1.00E-07
  3.250E-03 2.67065E-14  0.000E+00 ( 1.634E-07, 4.701E-09) ( 4.071E-12, 1.172E-13)  1.00E-07
  3.500E-03 2.66989E-14  0.000E+00 ( 1.633E-07, 4.701E-09) ( 4.383E-12, 1.262E-13)  1.00E-07
  3.750E-03 2.66908E-14  0.000E+00 ( 1.633E-07, 4.701E-09) ( 4.696E-12, 1.352E-13)  1.00E-07
  4.000E-03 2.66821E-14  0.000E+00 ( 1.633E-07, 4.701E-09) ( 5.008E-12, 1.442E-13)  1.00E-07
  4.250E-03 2.66728E-14  0.000E+00 ( 1.633E-07, 4.701E-09) ( 5.320E-12, 1.532E-13)  1.00E-07
  4.500E-03 2.66630E-14  0.000E+00 ( 1.632E-07, 4.701E-09) ( 5.632E-12, 1.622E-13)  1.00E-07
  4.750E-03 2.66526E-14  0.000E+00 ( 1.632E-07, 4.701E-09) ( 5.944E-12, 1.712E-13)  1.00E-07
  5.000E-03 2.66417E-14  0.000E+00 ( 1.632E-07, 4.700E-09) ( 6.255E-12, 1.802E-13)  1.00E-07
  5.250E-03 2.66302E-14  0.000E+00 ( 1.631E-07, 4.700E-09) ( 6.566E-12, 1.892E-13)  1.00E-07
  5.500E-03 2.66182E-14  0.000E+00 ( 1.631E-07, 4.700E-09) ( 6.878E-12, 1.982E-13)  1.00E-07
  5.750E-03 2.66056E-14  0.000E+00 ( 1.630E-07, 4.700E-09) ( 7.189E-12, 2.072E-13)  1.00E-07
  6.000E-03 2.65925E-14  0.000E+00 ( 1.630E-07, 4.700E-09) ( 7.499E-12, 2.162E-13)  1.00E-07
  6.250E-03 2.65788E-14  0.000E+00 ( 1.630E-07, 4.699E-09) ( 7.810E-12, 2.252E-13)  1.00E-07
  6.500E-03 2.65646E-14  0.000E+00 ( 1.629E-07, 4.699E-09) ( 8.120E-12, 2.342E-13)  1.00E-07
  6.750E-03 2.65498E-14  0.000E+00 ( 1.629E-07, 4.699E-09) ( 8.430E-12, 2.432E-13)  1.00E-07
  7.000E-03 2.65345E-14  0.000E+00 ( 1.628E-07, 4.699E-09) ( 8.740E-12, 2.522E-13)  1.00E-07
  7.250E-03 2.65186E-14  0.000E+00 ( 1.628E-07, 4.698E-09) ( 9.049E-12, 2.612E-13)  1.00E-07
  7.500E-03 2.65022E-14  0.000E+00 ( 1.627E-07, 4.698E-09) ( 9.358E-12, 2.702E-13)  1.00E-07
  7.750E-03 2.64853E-14  0.000E+00 ( 1.627E-07, 4.698E-09) ( 9.667E-12, 2.792E-13)  1.00E-07
  8.000E-03 2.64678E-14  0.000E+00 ( 1.626E-07, 4.697E-09) ( 9.975E-12, 2.882E-13)  1.00E-07
  8.250E-03 2.64498E-14  0.000E+00 ( 1.626E-07, 4.697E-09) ( 1.028E-11, 2.971E-13)  1.00E-07
  8.500E-03 2.64312E-14  0.000E+00 ( 1.625E-07, 4.697E-09) ( 1.059E-11, 3.061E-13)  1.00E-07
  8.750E-03 2.64121E-14  0.000E+00 ( 1.625E-07, 4.697E-09) ( 1.090E-11, 3.151E-13)  1.00E-07
  9.000E-03 2.63925E-14  0.000E+00 ( 1.624E-07, 4.696E-09) ( 1.121E-11, 3.241E-13)  1.00E-07
  9.250E-03 2.63723E-14  0.000E+00 ( 1.623E-07, 4.696E-09) ( 1.151E-11, 3.331E-13)  1.00E-07
  9.500E-03 2.63516E-14  0.000E+00 ( 1.623E-07, 4.696E-09) ( 1.182E-11, 3.420E-13)  1.00E-07
  9.750E-03 2.63304E-14  0.000E+00 ( 1.622E-07, 4.695E-09) ( 1.213E-11, 3.510E-13)  1.00E-07
  1.000E-02 2.63087E-14  0.000E+00 ( 1.621E-07, 4.695E-09) ( 1.243E-11, 3.600E-13)  1.00E-07
  1.250E-02 2.60629E-14  0.000E+00 ( 1.614E-07, 4.691E-09) ( 1.547E-11, 4.496E-13)  1.00E-07
  1.500E-02 2.57670E-14  0.000E+00 ( 1.605E-07, 4.686E-09) ( 1.845E-11, 5.389E-13)  1.00E-07
  1.750E-02 2.54236E-14  0.000E+00 ( 1.594E-07, 4.680E-09) ( 2.139E-11, 6.279E-13)  1.00E-07
  2.000E-02 2.50356E-14  0.000E+00 ( 1.582E-07, 4.673E-09) ( 2.425E-11, 7.166E-13)  1.00E-07
  2.250E-02 2.46061E-14  0.000E+00 ( 1.568E-07, 4.665E-09) ( 2.705E-11, 8.048E-13)  1.00E-07
  2.500E-02 2.41388E-14  0.000E+00 ( 1.553E-07, 4.656E-09) ( 2.977E-11, 8.925E-13)  1.00E-07
  2.750E-02 2.36371E-14  0.000E+00 ( 1.537E-07, 4.646E-09) ( 3.240E-11, 9.798E-13)  1.00E-07
  3.000E-02 2.31049E-14  0.000E+00 ( 1.519E-07, 4.636E-09) ( 3.495E-11, 1.066E-12)  1.00E-07
  3.250E-02 2.25459E-14  0.000E+00 ( 1.501E-07, 4.625E-09) ( 3.740E-11, 1.153E-12)  1.00E-07
  3.500E-02 2.19641E-14  0.000E+00 ( 1.481E-07, 4.613E-09) ( 3.975E-11, 1.238E-12)  1.00E-07
  3.750E-02 2.13631E-14  0.000E+00 ( 1.461E-07, 4.600E-09) ( 4.201E-11, 1.323E-12)  1.00E-07
  4.000E-02 2.07468E-14  0.000E+00 ( 1.440E-07, 4.586E-09) ( 4.416E-11, 1.407E-12)  1.00E-07
  4.250E-02 2.01187E-14  0.000E+00 ( 1.418E-07, 4.571E-09) ( 4.620E-11, 1.490E-12)  1.00E-07
  4.500E-02 1.94822E-14  0.000E+00 ( 1.395E-07, 4.556E-09) ( 4.814E-11, 1.572E-12)  1.00E-07
  4.750E-02 1.88406E-14  0.000E+00 ( 1.372E-07, 4.540E-09) ( 4.997E-11, 1.654E-12)  1.00E-07
  5.000E-02 1.81970E-14  0.000E+00 ( 1.348E-07, 4.523E-09) ( 5.169E-11, 1.734E-12)  1.00E-07
  5.250E-02 1.75541E-14  0.000E+00 ( 1.324E-07, 4.506E-09) ( 5.330E-11, 1.814E-12)  1.00E-07
  5.500E-02 1.69146E-14  0.000E+00 ( 1.300E-07, 4.487E-09) ( 5.482E-11, 1.892E-12)  1.00E-07
  5.750E-02 1.62809E-14  0.000E+00 ( 1.275E-07, 4.468E-09) ( 5.622E-11, 1.970E-12)  1.00E-07
  6.000E-02 1.56550E-14  0.000E+00 ( 1.250E-07, 4.449E-09) ( 5.753E-11, 2.047E-12)  1.00E-07
  6.250E-02 1.50388E-14  0.000E+00 ( 1.226E-07, 4.429E-09) ( 5.873E-11, 2.122E-12)  1.00E-07
  6.500E-02 1.44340E-14  0.000E+00 ( 1.201E-07, 4.408E-09) ( 5.984E-11, 2.197E-12)  1.00E-07
  6.750E-02 1.38419E-14  0.000E+00 ( 1.176E-07, 4.386E-09) ( 6.085E-11, 2.270E-12)  1.00E-07
  7.000E-02 1.32639E-14  0.000E+00 ( 1.151E-07, 4.364E-09) ( 6.177E-11, 2.343E-12)  1.00E-07
  7.250E-02 1.27008E-14  0.000E+00 ( 1.126E-07, 4.342E-09) ( 6.260E-11, 2.414E-12)  1.00E-07
  7.500E-02 1.21536E-14  0.000E+00 ( 1.102E-07, 4.319E-09) ( 6.335E-11, 2.484E-12)  1.00E-07
  7.750E-02 1.16228E-14  0.000E+00 ( 1.077E-07, 4.295E-09) ( 6.401E-11, 2.552E-12)  1.00E-07
  8.000E-02 1.11090E-14  0.000E+00 ( 1.053E-07, 4.271E-09) ( 6.460E-11, 2.620E-12)  1.00E-07
  8.250E-02 1.06123E-14  0.000E+00 ( 1.029E-07, 4.247E-09) ( 6.511E-11, 2.686E-12)  1.00E-07
  8.500E-02 1.01332E-14  0.000E+00 ( 1.006E-07, 4.222E-09) ( 6.555E-11, 2.751E-12)  1.00E-07
  8.750E-02 9.67156E-15  0.000E+00 ( 9.825E-08, 4.196E-09) ( 6.592E-11, 2.815E-12)  1.00E-07
  9.000E-02 9.22744E-15  0.000E+00 ( 9.597E-08, 4.170E-09) ( 6.623E-11, 2.878E-12)  1.00E-07
  9.250E-02 8.80072E-15  0.000E+00 ( 9.372E-08, 4.144E-09) ( 6.647E-11, 2.939E-12)  1.00E-07
  9.500E-02 8.39120E-15  0.000E+00 ( 9.151E-08, 4.118E-09) ( 6.666E-11, 3.000E-12)  1.00E-07
  9.750E-02 7.99862E-15  0.000E+00 ( 8.934E-08, 4.091E-09) ( 6.679E-11, 3.058E-12)  1.00E-07
  1.000E-01 7.62265E-15  0.000E+00 ( 8.721E-08, 4.064E-09) ( 6.687E-11, 3.116E-12)  1.00E-07
  1.250E-01 4.68156E-15  0.000E+00 ( 6.832E-08, 3.780E-09) ( 6.548E-11, 3.623E-12)  1.00E-07
  1.500E-01 2.88880E-15  0.000E+00 ( 5.363E-08, 3.486E-09) ( 6.169E-11, 4.010E-12)  1.00E-07
  1.750E-01 1.81682E-15  0.000E+00 ( 4.250E-08, 3.197E-09) ( 5.703E-11, 4.290E-12)  1.00E-07
  2.000E-01 1.17304E-15  0.000E+00 ( 3.412E-08, 2.922E-09) ( 5.233E-11, 4.481E-12)  1.00E-07
  2.250E-01 7.79802E-16  0.000E+00 ( 2.780E-08, 2.667E-09) ( 4.796E-11, 4.602E-12)  1.00E-07
  2.500E-01 5.33926E-16  0.000E+00 ( 2.298E-08, 2.435E-09) ( 4.405E-11, 4.669E-12)  1.00E-07
  2.750E-01 3.76104E-16  0.000E+00 ( 1.927E-08, 2.226E-09) ( 4.062E-11, 4.695E-12)  1.00E-07
  3.000E-01 2.72036E-16  0.000E+00 ( 1.637E-08, 2.040E-09) ( 3.765E-11, 4.692E-12)  1.00E-07
  3.250E-01 2.01575E-16  0.000E+00 ( 1.407E-08, 1.873E-09) ( 3.507E-11, 4.668E-12)  1.00E-07
  3.500E-01 1.52653E-16  0.000E+00 ( 1.223E-08, 1.725E-09) ( 3.283E-11, 4.630E-12)  1.00E-07
  3.750E-01 1.17875E-16  0.000E+00 ( 1.074E-08, 1.594E-09) ( 3.088E-11, 4.583E-12)  1.00E-07
  4.000E-01 9.26079E-17  0.000E+00 ( 9.509E-09, 1.477E-09) ( 2.917E-11, 4.530E-12)  1.00E-07
  4.250E-01 7.38815E-17  0.000E+00 ( 8.485E-09, 1.373E-09) ( 2.765E-11, 4.473E-12)  1.00E-07
  4.500E-01 5.97487E-17  0.000E+00 ( 7.623E-09, 1.279E-09) ( 2.630E-11, 4.415E-12)  1.00E-07
  4.750E-01 4.89060E-17  0.000E+00 ( 6.890E-09, 1.196E-09) ( 2.510E-11, 4.355E-12)  1.00E-07
  5.000E-01 4.04629E-17  0.000E+00 ( 6.262E-09, 1.121E-09) ( 2.401E-11, 4.296E-12)  1.00E-07
  5.250E-01 3.37996E-17  0.000E+00 ( 5.718E-09, 1.053E-09) ( 2.302E-11, 4.237E-12)  1.00E-07
  5.500E-01 2.84768E-17  0.000E+00 ( 5.244E-09, 9.910E-10) ( 2.211E-11, 4.179E-12)  1.00E-07
  5.750E-01 2.41781E-17  0.000E+00 ( 4.827E-09, 9.350E-10) ( 2.128E-11, 4.122E-12)  1.00E-07
  6.000E-01 2.06719E-17  0.000E+00 ( 4.460E-09, 8.839E-10) ( 2.052E-11, 4.067E-12)  1.00E-07
  6.250E-01 1.77862E-17  0.000E+00 ( 4.133E-09, 8.371E-10) ( 1.981E-11, 4.012E-12)  1.00E-07
  6.500E-01 1.53918E-17  0.000E+00 ( 3.842E-09, 7.942E-10) ( 1.915E-11, 3.959E-12)  1.00E-07
  6.750E-01 1.33901E-17  0.000E+00 ( 3.581E-09, 7.547E-10) ( 1.853E-11, 3.907E-12)  1.00E-07
  7.000E-01 1.17054E-17  0.000E+00 ( 3.345E-09, 7.183E-10) ( 1.796E-11, 3.856E-12)  1.00E-07
  7.250E-01 1.02785E-17  0.000E+00 ( 3.132E-09, 6.846E-10) ( 1.741E-11, 3.806E-12)  1.00E-07
  7.500E-01 9.06311E-18  0.000E+00 ( 2.939E-09, 6.533E-10) ( 1.690E-11, 3.757E-12)  1.00E-07
  7.750E-01 8.02228E-18  0.000E+00 ( 2.763E-09, 6.242E-10) ( 1.642E-11, 3.710E-12)  1.00E-07
  8.000E-01 7.12658E-18  0.000E+00 ( 2.602E-09, 5.971E-10) ( 1.596E-11, 3.663E-12)  1.00E-07
  8.250E-01 6.35224E-18  0.000E+00 ( 2.455E-09, 5.718E-10) ( 1.553E-11, 3.618E-12)  1.00E-07
  8.500E-01 5.67997E-18  0.000E+00 ( 2.319E-09, 5.482E-10) ( 1.512E-11, 3.573E-12)  1.00E-07
  8.750E-01 5.09399E-18  0.000E+00 ( 2.195E-09, 5.260E-10) ( 1.473E-11, 3.530E-12)  1.04E-07
  9.000E-01 4.58132E-18  0.000E+00 ( 2.080E-09, 5.052E-10) ( 1.435E-11, 3.487E-12)  1.00E-07
  9.250E-01 4.13122E-18  0.000E+00 ( 1.974E-09, 4.857E-10) ( 1.400E-11, 3.445E-12)  1.00E-07
  9.500E-01 3.73473E-18  0.000E+00 ( 1.875E-09, 4.673E-10) ( 1.366E-11, 3.405E-12)  1.00E-07
  9.750E-01 3.38439E-18  0.000E+00 ( 1.784E-09, 4.500E-10) ( 1.334E-11, 3.365E-12)  1.00E-07
  1.000E+00 3.07390E-18  0.000E+00 ( 1.699E-09, 4.337E-10) ( 1.303E-11, 3.326E-12)  1.00E-07
  1.100E+00 2.13572E-18  0.000E+00 ( 1.412E-09, 3.767E-10) ( 1.191E-11, 3.177E-12)  1.00E-07
  1.200E+00 1.52783E-18  0.000E+00 ( 1.191E-09, 3.305E-10) ( 1.096E-11, 3.041E-12)  1.00E-07
  1.300E+00 1.12048E-18  0.000E+00 ( 1.017E-09, 2.925E-10) ( 1.014E-11, 2.916E-12)  1.00E-07
  1.400E+00 8.39580E-19  0.000E+00 ( 8.783E-10, 2.608E-10) ( 9.430E-12, 2.800E-12)  1.00E-07
  1.500E+00 6.41014E-19  0.000E+00 ( 7.656E-10, 2.341E-10) ( 8.807E-12, 2.693E-12)  1.00E-07
  1.600E+00 4.97567E-19  0.000E+00 ( 6.729E-10, 2.114E-10) ( 8.257E-12, 2.594E-12)  1.00E-07
  1.700E+00 3.91931E-19  0.000E+00 ( 5.958E-10, 1.919E-10) ( 7.768E-12, 2.502E-12)  1.00E-07
  1.800E+00 3.12797E-19  0.000E+00 ( 5.311E-10, 1.751E-10) ( 7.332E-12, 2.417E-12)  1.00E-07
  1.900E+00 2.52600E-19  0.000E+00 ( 4.762E-10, 1.604E-10) ( 6.940E-12, 2.338E-12)  1.00E-07
  2.000E+00 2.06170E-19  0.000E+00 ( 4.294E-10, 1.476E-10) ( 6.586E-12, 2.264E-12)  1.00E-07
  2.100E+00 1.69907E-19  0.000E+00 ( 3.890E-10, 1.362E-10) ( 6.265E-12, 2.194E-12)  1.00E-07
  2.200E+00 1.41260E-19  0.000E+00 ( 3.540E-10, 1.262E-10) ( 5.973E-12, 2.129E-12)  1.00E-07
  2.300E+00 1.18392E-19  0.000E+00 ( 3.234E-10, 1.172E-10) ( 5.706E-12, 2.068E-12)  1.00E-07
  2.400E+00 9.99620E-20  0.000E+00 ( 2.966E-10, 1.092E-10) ( 5.461E-12, 2.011E-12)  1.00E-07
  2.500E+00 8.49773E-20  0.000E+00 ( 2.730E-10, 1.021E-10) ( 5.235E-12, 1.957E-12)  1.00E-07
  2.600E+00 7.26944E-20  0.000E+00 ( 2.521E-10, 9.558E-11) ( 5.027E-12, 1.906E-12)  1.00E-07
  2.700E+00 6.25503E-20  0.000E+00 ( 2.334E-10, 8.971E-11) ( 4.834E-12, 1.858E-12)  1.00E-07
  2.800E+00 5.41137E-20  0.000E+00 ( 2.167E-10, 8.439E-11) ( 4.655E-12, 1.812E-12)  1.00E-07
  2.900E+00 4.70516E-20  0.000E+00 ( 2.018E-10, 7.953E-11) ( 4.488E-12, 1.769E-12)  1.00E-07
  3.000E+00 4.11040E-20  0.000E+00 ( 1.883E-10, 7.510E-11) ( 4.333E-12, 1.728E-12)  1.00E-07
  3.100E+00 3.60666E-20  0.000E+00 ( 1.761E-10, 7.103E-11) ( 4.187E-12, 1.689E-12)  1.00E-07
  3.200E+00 3.17774E-20  0.000E+00 ( 1.650E-10, 6.730E-11) ( 4.051E-12, 1.652E-12)  1.00E-07
  3.300E+00 2.81070E-20  0.000E+00 ( 1.550E-10, 6.386E-11) ( 3.923E-12, 1.617E-12)  1.00E-07
  3.400E+00 2.49514E-20  0.000E+00 ( 1.458E-10, 6.069E-11) ( 3.803E-12, 1.583E-12)  1.00E-07
  3.500E+00 2.22263E-20  0.000E+00 ( 1.374E-10, 5.775E-11) ( 3.689E-12, 1.551E-12)  1.00E-07
  3.600E+00 1.98633E-20  0.000E+00 ( 1.297E-10, 5.503E-11) ( 3.582E-12, 1.520E-12)  1.00E-07
  3.700E+00 1.78060E-20  0.000E+00 ( 1.226E-10, 5.250E-11) ( 3.481E-12, 1.490E-12)  1.00E-07
  3.800E+00 1.60083E-20  0.000E+00 ( 1.161E-10, 5.015E-11) ( 3.385E-12, 1.462E-12)  1.00E-07
  3.900E+00 1.44319E-20  0.000E+00 ( 1.101E-10, 4.795E-11) ( 3.294E-12, 1.435E-12)  1.00E-07
  4.000E+00 1.30448E-20  0.000E+00 ( 1.045E-10, 4.590E-11) ( 3.208E-12, 1.409E-12)  1.00E-07
  4.100E+00 1.18204E-20  0.000E+00 ( 9.937E-11, 4.399E-11) ( 3.126E-12, 1.384E-12)  1.00E-07
  4.200E+00 1.07364E-20  0.000E+00 ( 9.458E-11, 4.219E-11) ( 3.048E-12, 1.360E-12)  1.00E-07
  4.300E+00 9.77387E-21  0.000E+00 ( 9.013E-11, 4.050E-11) ( 2.974E-12, 1.336E-12)  1.00E-07
  4.400E+00 8.91684E-21  0.000E+00 ( 8.598E-11, 3.892E-11) ( 2.903E-12, 1.314E-12)  1.00E-07
  4.500E+00 8.15173E-21  0.000E+00 ( 8.210E-11, 3.743E-11) ( 2.835E-12, 1.293E-12)  1.00E-07
  4.600E+00 7.46697E-21  0.000E+00 ( 7.848E-11, 3.603E-11) ( 2.770E-12, 1.272E-12)  1.00E-07
  4.700E+00 6.85265E-21  0.000E+00 ( 7.510E-11, 3.471E-11) ( 2.709E-12, 1.252E-12)  1.00E-07
  4.800E+00 6.30023E-21  0.000E+00 ( 7.192E-11, 3.346E-11) ( 2.649E-12, 1.232E-12)  1.00E-07
  4.900E+00 5.80239E-21  0.000E+00 ( 6.894E-11, 3.227E-11) ( 2.593E-12, 1.214E-12)  1.00E-07
  5.000E+00 5.35279E-21  0.000E+00 ( 6.614E-11, 3.116E-11) ( 2.538E-12, 1.195E-12)  1.00E-07
  5.100E+00 4.94591E-21  0.000E+00 ( 6.350E-11, 3.010E-11) ( 2.486E-12, 1.178E-12)  1.00E-07
  5.200E+00 4.57698E-21  0.000E+00 ( 6.102E-11, 2.909E-11) ( 2.435E-12, 1.161E-12)  1.00E-07
  5.300E+00 4.24183E-21  0.000E+00 ( 5.868E-11, 2.814E-11) ( 2.387E-12, 1.144E-12)  1.00E-07
  5.400E+00 3.93681E-21  0.000E+00 ( 5.647E-11, 2.723E-11) ( 2.341E-12, 1.129E-12)  1.00E-07
  5.500E+00 3.65874E-21  0.000E+00 ( 5.438E-11, 2.637E-11) ( 2.296E-12, 1.113E-12)  1.00E-07
  5.600E+00 3.40479E-21  0.000E+00 ( 5.240E-11, 2.555E-11) ( 2.253E-12, 1.098E-12)  1.00E-07
  5.700E+00 3.17251E-21  0.000E+00 ( 5.053E-11, 2.476E-11) ( 2.211E-12, 1.083E-12)  1.00E-07
  5.800E+00 2.95972E-21  0.000E+00 ( 4.875E-11, 2.402E-11) ( 2.171E-12, 1.069E-12)  1.00E-07
  5.900E+00 2.76447E-21  0.000E+00 ( 4.707E-11, 2.331E-11) ( 2.132E-12, 1.056E-12)  1.00E-07
  6.000E+00 2.58508E-21  0.000E+00 ( 4.547E-11, 2.263E-11) ( 2.094E-12, 1.042E-12)  1.00E-07
  6.100E+00 2.42000E-21  0.000E+00 ( 4.395E-11, 2.198E-11) ( 2.058E-12, 1.029E-12)  1.00E-07
  6.200E+00 2.26790E-21  0.000E+00 ( 4.250E-11, 2.136E-11) ( 2.023E-12, 1.016E-12)  1.00E-07
  6.300E+00 2.12758E-21  0.000E+00 ( 4.113E-11, 2.076E-11) ( 1.989E-12, 1.004E-12)  1.00E-07
  6.400E+00 1.99794E-21  0.000E+00 ( 3.982E-11, 2.019E-11) ( 1.957E-12, 9.922E-13)  1.00E-07
  6.500E+00 1.87803E-21  0.000E+00 ( 3.857E-11, 1.965E-11) ( 1.925E-12, 9.805E-13)  1.00E-07
  6.600E+00 1.76699E-21  0.000E+00 ( 3.737E-11, 1.912E-11) ( 1.894E-12, 9.691E-13)  1.00E-07
  6.700E+00 1.66404E-21  0.000E+00 ( 3.623E-11, 1.862E-11) ( 1.864E-12, 9.579E-13)  1.00E-07
  6.800E+00 1.56849E-21  0.000E+00 ( 3.514E-11, 1.814E-11) ( 1.835E-12, 9.471E-13)  1.00E-07
  6.900E+00 1.47969E-21  0.000E+00 ( 3.410E-11, 1.768E-11) ( 1.807E-12, 9.365E-13)  1.00E-07
  7.000E+00 1.39710E-21  0.000E+00 ( 3.311E-11, 1.723E-11) ( 1.780E-12, 9.262E-13)  1.00E-07
  7.100E+00 1.32019E-21  0.000E+00 ( 3.215E-11, 1.680E-11) ( 1.753E-12, 9.161E-13)  1.00E-07
  7.200E+00 1.24851E-21  0.000E+00 ( 3.124E-11, 1.639E-11) ( 1.728E-12, 9.063E-13)  1.00E-07
  7.300E+00 1.18163E-21  0.000E+00 ( 3.037E-11, 1.600E-11) ( 1.702E-12, 8.967E-13)  1.00E-07
  7.400E+00 1.11917E-21  0.000E+00 ( 2.953E-11, 1.561E-11) ( 1.678E-12, 8.873E-13)  1.00E-07
  7.500E+00 1.06078E-21  0.000E+00 ( 2.872E-11, 1.525E-11) ( 1.654E-12, 8.781E-13)  1.00E-07
  7.600E+00 1.00616E-21  0.000E+00 ( 2.795E-11, 1.489E-11) ( 1.631E-12, 8.691E-13)  1.00E-07
  7.700E+00 9.55007E-22  0.000E+00 ( 2.720E-11, 1.455E-11) ( 1.609E-12, 8.603E-13)  1.00E-07
  7.800E+00 9.07067E-22  0.000E+00 ( 2.649E-11, 1.422E-11) ( 1.587E-12, 8.517E-13)  1.00E-07
  7.900E+00 8.62099E-22  0.000E+00 ( 2.580E-11, 1.390E-11) ( 1.566E-12, 8.433E-13)  1.00E-07
  8.000E+00 8.19885E-22  0.000E+00 ( 2.514E-11, 1.359E-11) ( 1.545E-12, 8.351E-13)  1.00E-07
  8.100E+00 7.80225E-22  0.000E+00 ( 2.451E-11, 1.329E-11) ( 1.525E-12, 8.270E-13)  1.00E-07
  8.200E+00 7.42935E-22  0.000E+00 ( 2.389E-11, 1.301E-11) ( 1.505E-12, 8.192E-13)  1.00E-07
  8.300E+00 7.07848E-22  0.000E+00 ( 2.330E-11, 1.273E-11) ( 1.486E-12, 8.114E-13)  1.00E-07
  8.400E+00 6.74810E-22  0.000E+00 ( 2.273E-11, 1.246E-11) ( 1.467E-12, 8.039E-13)  1.00E-07
  8.500E+00 6.43677E-22  0.000E+00 ( 2.218E-11, 1.220E-11) ( 1.449E-12, 7.964E-13)  1.00E-07
  8.600E+00 6.14321E-22  0.000E+00 ( 2.166E-11, 1.194E-11) ( 1.431E-12, 7.892E-13)  1.00E-07
  8.700E+00 5.86620E-22  0.000E+00 ( 2.114E-11, 1.170E-11) ( 1.414E-12, 7.820E-13)  1.00E-07
  8.800E+00 5.60464E-22  0.000E+00 ( 2.065E-11, 1.146E-11) ( 1.397E-12, 7.750E-13)  1.00E-07
  8.900E+00 5.35750E-22  0.000E+00 ( 2.018E-11, 1.123E-11) ( 1.380E-12, 7.682E-13)  1.00E-07
  9.000E+00 5.12384E-22  0.000E+00 ( 1.972E-11, 1.101E-11) ( 1.364E-12, 7.615E-13)  1.00E-07
  9.100E+00 4.90279E-22  0.000E+00 ( 1.927E-11, 1.080E-11) ( 1.348E-12, 7.549E-13)  1.00E-07
  9.200E+00 4.69354E-22  0.000E+00 ( 1.884E-11, 1.059E-11) ( 1.332E-12, 7.484E-13)  1.00E-07
  9.300E+00 4.49534E-22  0.000E+00 ( 1.842E-11, 1.038E-11) ( 1.317E-12, 7.420E-13)  1.00E-07
  9.400E+00 4.30750E-22  0.000E+00 ( 1.802E-11, 1.019E-11) ( 1.302E-12, 7.358E-13)  1.00E-07
  9.500E+00 4.12938E-22  0.000E+00 ( 1.763E-11, 9.994E-12) ( 1.288E-12, 7.296E-13)  1.00E-07
  9.600E+00 3.96037E-22  0.000E+00 ( 1.725E-11, 9.808E-12) ( 1.273E-12, 7.236E-13)  1.00E-07
  9.700E+00 3.79992E-22  0.000E+00 ( 1.689E-11, 9.627E-12) ( 1.259E-12, 7.177E-13)  1.00E-07
  9.800E+00 3.64753E-22  0.000E+00 ( 1.653E-11, 9.452E-12) ( 1.246E-12, 7.119E-13)  1.00E-07
  9.900E+00 3.50270E-22  0.000E+00 ( 1.619E-11, 9.281E-12) ( 1.232E-12, 7.062E-13)  1.00E-07
  1.000E+01 3.36499E-22  0.000E+00 ( 1.586E-11, 9.115E-12) ( 1.219E-12, 7.006E-13)  1.00E-07
  1.025E+01 3.04921E-22  0.000E+00 ( 1.507E-11, 8.719E-12) ( 1.188E-12, 6.869E-13)  1.00E-07
  1.050E+01 2.76964E-22  0.000E+00 ( 1.433E-11, 8.348E-12) ( 1.157E-12, 6.739E-13)  1.00E-07
  1.075E+01 2.52140E-22  0.000E+00 ( 1.365E-11, 8.002E-12) ( 1.129E-12, 6.613E-13)  1.00E-07
  1.100E+01 2.30037E-22  0.000E+00 ( 1.302E-11, 7.676E-12) ( 1.101E-12, 6.493E-13)  1.00E-07
  1.125E+01 2.10305E-22  0.000E+00 ( 1.243E-11, 7.371E-12) ( 1.075E-12, 6.377E-13)  1.00E-07
  1.150E+01 1.92645E-22  0.000E+00 ( 1.187E-11, 7.084E-12) ( 1.050E-12, 6.265E-13)  1.00E-07
  1.175E+01 1.76801E-22  0.000E+00 ( 1.136E-11, 6.814E-12) ( 1.027E-12, 6.158E-13)  1.00E-07
  1.200E+01 1.62553E-22  0.000E+00 ( 1.087E-11, 6.559E-12) ( 1.004E-12, 6.054E-13)  1.00E-07
  1.225E+01 1.49713E-22  0.000E+00 ( 1.042E-11, 6.318E-12) ( 9.820E-13, 5.955E-13)  1.00E-07
  1.250E+01 1.38116E-22  0.000E+00 ( 9.987E-12, 6.091E-12) ( 9.610E-13, 5.858E-13)  1.00E-07
  1.275E+01 1.27621E-22  0.000E+00 ( 9.585E-12, 5.876E-12) ( 9.409E-13, 5.765E-13)  1.00E-07
  1.300E+01 1.18105E-22  0.000E+00 ( 9.207E-12, 5.672E-12) ( 9.215E-13, 5.675E-13)  1.00E-07
  1.325E+01 1.09459E-22  0.000E+00 ( 8.849E-12, 5.479E-12) ( 9.029E-13, 5.588E-13)  1.00E-07
  1.350E+01 1.01591E-22  0.000E+00 ( 8.512E-12, 5.296E-12) ( 8.850E-13, 5.504E-13)  1.00E-07
  1.375E+01 9.44169E-23  0.000E+00 ( 8.194E-12, 5.122E-12) ( 8.678E-13, 5.422E-13)  1.00E-07
  1.400E+01 8.78654E-23  0.000E+00 ( 7.892E-12, 4.956E-12) ( 8.512E-13, 5.343E-13)  1.00E-07
  1.425E+01 8.18724E-23  0.000E+00 ( 7.607E-12, 4.799E-12) ( 8.352E-13, 5.266E-13)  1.00E-07
  1.450E+01 7.63819E-23  0.000E+00 ( 7.337E-12, 4.649E-12) ( 8.198E-13, 5.192E-13)  1.00E-07
  1.475E+01 7.13441E-23  0.000E+00 ( 7.080E-12, 4.506E-12) ( 8.049E-13, 5.119E-13)  1.00E-07
  1.500E+01 6.67149E-23  0.000E+00 ( 6.837E-12, 4.370E-12) ( 7.905E-13, 5.049E-13)  1.00E-07
  1.525E+01 6.24551E-23  0.000E+00 ( 6.605E-12, 4.239E-12) ( 7.766E-13, 4.981E-13)  1.00E-07
  1.550E+01 5.85300E-23  0.000E+00 ( 6.385E-12, 4.115E-12) ( 7.631E-13, 4.915E-13)  1.00E-07
  1.575E+01 5.49084E-23  0.000E+00 ( 6.176E-12, 3.996E-12) ( 7.501E-13, 4.851E-13)  1.00E-07
  1.600E+01 5.15626E-23  0.000E+00 ( 5.976E-12, 3.882E-12) ( 7.375E-13, 4.788E-13)  1.00E-07
  1.625E+01 4.84678E-23  0.000E+00 ( 5.786E-12, 3.773E-12) ( 7.253E-13, 4.727E-13)  1.00E-07
  1.650E+01 4.56016E-23  0.000E+00 ( 5.605E-12, 3.669E-12) ( 7.135E-13, 4.668E-13)  1.00E-07
  1.675E+01 4.29442E-23  0.000E+00 ( 5.431E-12, 3.569E-12) ( 7.021E-13, 4.610E-13)  1.00E-07
  1.700E+01 4.04776E-23  0.000E+00 ( 5.266E-12, 3.473E-12) ( 6.909E-13, 4.554E-13)  1.00E-07
  1.725E+01 3.81854E-23  0.000E+00 ( 5.108E-12, 3.381E-12) ( 6.801E-13, 4.499E-13)  1.00E-07
  1.750E+01 3.60532E-23  0.000E+00 ( 4.956E-12, 3.293E-12) ( 6.697E-13, 4.445E-13)  1.00E-07
  1.775E+01 3.40677E-23  0.000E+00 ( 4.812E-12, 3.208E-12) ( 6.595E-13, 4.393E-13)  1.00E-07
  1.800E+01 3.22169E-23  0.000E+00 ( 4.673E-12, 3.126E-12) ( 6.496E-13, 4.342E-13)  1.00E-07
  1.825E+01 3.04901E-23  0.000E+00 ( 4.540E-12, 3.047E-12) ( 6.400E-13, 4.292E-13)  1.00E-07
  1.850E+01 2.88774E-23  0.000E+00 ( 4.412E-12, 2.972E-12) ( 6.307E-13, 4.244E-13)  1.00E-07
  1.875E+01 2.73698E-23  0.000E+00 ( 4.290E-12, 2.899E-12) ( 6.216E-13, 4.196E-13)  1.00E-07
  1.900E+01 2.59593E-23  0.000E+00 ( 4.173E-12, 2.829E-12) ( 6.127E-13, 4.150E-13)  1.00E-07
  1.925E+01 2.46385E-23  0.000E+00 ( 4.060E-12, 2.761E-12) ( 6.041E-13, 4.105E-13)  1.00E-07
  1.950E+01 2.34005E-23  0.000E+00 ( 3.951E-12, 2.696E-12) ( 5.958E-13, 4.061E-13)  1.00E-07
  1.975E+01 2.22392E-23  0.000E+00 ( 3.847E-12, 2.633E-12) ( 5.876E-13, 4.017E-13)  1.00E-07
  2.000E+01 2.11490E-23  0.000E+00 ( 3.747E-12, 2.572E-12) ( 5.796E-13, 3.975E-13)  1.00E-07
  2.025E+01 2.01248E-23  0.000E+00 ( 3.651E-12, 2.513E-12) ( 5.719E-13, 3.933E-13)  1.00E-07
  2.050E+01 1.91617E-23  0.000E+00 ( 3.558E-12, 2.457E-12) ( 5.643E-13, 3.893E-13)  1.00E-07
  2.075E+01 1.82555E-23  0.000E+00 ( 3.468E-12, 2.402E-12) ( 5.569E-13, 3.853E-13)  1.00E-07
  2.100E+01 1.74022E-23  0.000E+00 ( 3.382E-12, 2.349E-12) ( 5.497E-13, 3.814E-13)  1.00E-07
  2.125E+01 1.65981E-23  0.000E+00 ( 3.299E-12, 2.298E-12) ( 5.427E-13, 3.776E-13)  1.00E-07
  2.150E+01 1.58398E-23  0.000E+00 ( 3.219E-12, 2.248E-12) ( 5.359E-13, 3.739E-13)  1.00E-07
  2.175E+01 1.51243E-23  0.000E+00 ( 3.141E-12, 2.200E-12) ( 5.292E-13, 3.702E-13)  1.00E-07
  2.200E+01 1.44487E-23 -1.663E-04 ( 3.066E-12, 2.154E-12) ( 5.226E-13, 3.667E-13)  1.00E-07
  2.225E+01 1.38104E-23 -1.712E-04 ( 2.994E-12, 2.109E-12) ( 5.162E-13, 3.631E-13)  1.00E-07
  2.250E+01 1.32068E-23 -1.762E-04 ( 2.925E-12, 2.065E-12) ( 5.100E-13, 3.597E-13)  1.00E-07
  2.275E+01 1.26359E-23 -1.813E-04 ( 2.857E-12, 2.023E-12) ( 5.039E-13, 3.563E-13)  1.00E-07
  2.300E+01 1.20953E-23 -1.864E-04 ( 2.792E-12, 1.982E-12) ( 4.979E-13, 3.530E-13)  1.00E-07
  2.325E+01 1.15834E-23 -1.916E-04 ( 2.729E-12, 1.942E-12) ( 4.921E-13, 3.498E-13)  1.00E-07
  2.350E+01 1.10982E-23 -1.970E-04 ( 2.668E-12, 1.903E-12) ( 4.863E-13, 3.466E-13)  1.00E-07
  2.375E+01 1.06380E-23 -2.024E-04 ( 2.609E-12, 1.866E-12) ( 4.808E-13, 3.434E-13)  1.00E-07
  2.400E+01 1.02014E-23 -2.079E-04 ( 2.552E-12, 1.830E-12) ( 4.753E-13, 3.403E-13)  1.00E-07
  2.425E+01 9.78698E-24 -2.135E-04 ( 2.497E-12, 1.794E-12) ( 4.699E-13, 3.373E-13)  1.00E-07
  2.450E+01 9.39331E-24 -2.192E-04 ( 2.443E-12, 1.760E-12) ( 4.647E-13, 3.344E-13)  1.00E-07
  2.475E+01 9.01919E-24 -2.250E-04 ( 2.391E-12, 1.727E-12) ( 4.595E-13, 3.314E-13)  1.00E-07
  2.500E+01 8.66347E-24 -2.308E-04 ( 2.341E-12, 1.694E-12) ( 4.545E-13, 3.286E-13)  1.00E-07
  2.550E+01 8.00299E-24 -2.427E-04 ( 2.244E-12, 1.632E-12) ( 4.447E-13, 3.230E-13)  1.00E-07
  2.600E+01 7.40411E-24 -2.549E-04 ( 2.154E-12, 1.573E-12) ( 4.353E-13, 3.176E-13)  1.00E-07
  2.650E+01 6.86007E-24 -2.674E-04 ( 2.068E-12, 1.518E-12) ( 4.263E-13, 3.124E-13)  1.00E-07
  2.700E+01 6.36494E-24 -2.803E-04 ( 1.988E-12, 1.465E-12) ( 4.176E-13, 3.073E-13)  1.00E-07
  2.750E+01 5.91354E-24 -2.936E-04 ( 1.911E-12, 1.415E-12) ( 4.093E-13, 3.024E-13)  1.00E-07
  2.800E+01 5.50133E-24 -3.073E-04 ( 1.839E-12, 1.367E-12) ( 4.012E-13, 2.977E-13)  1.00E-07
  2.850E+01 5.12429E-24 -3.213E-04 ( 1.771E-12, 1.322E-12) ( 3.934E-13, 2.931E-13)  1.00E-07
  2.900E+01 4.77889E-24 -3.355E-04 ( 1.707E-12, 1.278E-12) ( 3.859E-13, 2.886E-13)  1.00E-07
  2.950E+01 4.46199E-24 -3.500E-04 ( 1.645E-12, 1.237E-12) ( 3.787E-13, 2.843E-13)  1.00E-07
  3.000E+01 4.17082E-24 -3.649E-04 ( 1.587E-12, 1.198E-12) ( 3.717E-13, 2.801E-13)  1.00E-07
  3.050E+01 3.90291E-24 -3.802E-04 ( 1.532E-12, 1.161E-12) ( 3.649E-13, 2.760E-13)  1.00E-07
  3.100E+01 3.65607E-24 -3.960E-04 ( 1.479E-12, 1.125E-12) ( 3.584E-13, 2.721E-13)  1.00E-07
  3.150E+01 3.42834E-24 -4.120E-04 ( 1.429E-12, 1.091E-12) ( 3.520E-13, 2.682E-13)  1.00E-07
  3.200E+01 3.21798E-24 -4.285E-04 ( 1.382E-12, 1.058E-12) ( 3.459E-13, 2.644E-13)  1.00E-07
  3.250E+01 3.02342E-24 -4.451E-04 ( 1.336E-12, 1.027E-12) ( 3.399E-13, 2.608E-13)  1.00E-07
  3.300E+01 2.84327E-24 -4.620E-04 ( 1.293E-12, 9.971E-13) ( 3.342E-13, 2.572E-13)  1.00E-07
  3.350E+01 2.67625E-24 -4.794E-04 ( 1.251E-12, 9.684E-13) ( 3.286E-13, 2.538E-13)  1.00E-07
  3.400E+01 2.52125E-24 -4.970E-04 ( 1.212E-12, 9.409E-13) ( 3.232E-13, 2.504E-13)  1.00E-07
  3.450E+01 2.37723E-24 -5.154E-04 ( 1.174E-12, 9.146E-13) ( 3.179E-13, 2.471E-13)  1.00E-07
  3.500E+01 2.24328E-24 -5.337E-04 ( 1.138E-12, 8.893E-13) ( 3.128E-13, 2.439E-13)  1.00E-07
  3.550E+01 2.11856E-24 -5.530E-04 ( 1.104E-12, 8.649E-13) ( 3.078E-13, 2.407E-13)  1.00E-07
  3.600E+01 2.00234E-24 -5.716E-04 ( 1.070E-12, 8.416E-13) ( 3.030E-13, 2.377E-13)  1.00E-07
  3.650E+01 1.89390E-24 -5.914E-04 ( 1.039E-12, 8.191E-13) ( 2.983E-13, 2.347E-13)  1.00E-07
  3.700E+01 1.79266E-24 -6.108E-04 ( 1.008E-12, 7.975E-13) ( 2.937E-13, 2.318E-13)  1.00E-07
  3.750E+01 1.69803E-24 -6.312E-04 ( 9.791E-13, 7.767E-13) ( 2.893E-13, 2.289E-13)  1.00E-07
  3.800E+01 1.60951E-24 -6.519E-04 ( 9.511E-13, 7.567E-13) ( 2.849E-13, 2.261E-13)  1.00E-07
  3.850E+01 1.52663E-24 -6.730E-04 ( 9.243E-13, 7.373E-13) ( 2.807E-13, 2.234E-13)  1.00E-07
  3.900E+01 1.44897E-24 -6.944E-04 ( 8.984E-13, 7.187E-13) ( 2.766E-13, 2.207E-13)  1.00E-07
  3.950E+01 1.37614E-24 -7.159E-04 ( 8.736E-13, 7.008E-13) ( 2.726E-13, 2.181E-13)  1.00E-07
  4.000E+01 1.30778E-24 -7.378E-04 ( 8.497E-13, 6.835E-13) ( 2.687E-13, 2.155E-13)  1.00E-07
  4.050E+01 1.24357E-24 -7.600E-04 ( 8.267E-13, 6.667E-13) ( 2.649E-13, 2.130E-13)  1.00E-07
  4.100E+01 1.18321E-24 -7.828E-04 ( 8.046E-13, 6.506E-13) ( 2.612E-13, 2.106E-13)  1.00E-07
  4.150E+01 1.12643E-24 -8.061E-04 ( 7.833E-13, 6.350E-13) ( 2.575E-13, 2.082E-13)  1.00E-07
  4.200E+01 1.07297E-24 -8.297E-04 ( 7.628E-13, 6.199E-13) ( 2.540E-13, 2.058E-13)  1.00E-07
  4.250E+01 1.02261E-24 -8.536E-04 ( 7.430E-13, 6.053E-13) ( 2.505E-13, 2.035E-13)  1.00E-07
  4.300E+01 9.75132E-25 -8.777E-04 ( 7.239E-13, 5.912E-13) ( 2.471E-13, 2.013E-13)  1.00E-07
  4.350E+01 9.30344E-25 -9.020E-04 ( 7.054E-13, 5.776E-13) ( 2.438E-13, 1.991E-13)  1.00E-07
  4.400E+01 8.88064E-25 -9.267E-04 ( 6.877E-13, 5.644E-13) ( 2.406E-13, 1.969E-13)  1.00E-07
  4.450E+01 8.48126E-25 -9.521E-04 ( 6.705E-13, 5.516E-13) ( 2.375E-13, 1.948E-13)  1.00E-07
  4.500E+01 8.10374E-25 -9.780E-04 ( 6.539E-13, 5.392E-13) ( 2.344E-13, 1.927E-13)  1.00E-07
  4.550E+01 7.74670E-25 -1.004E-03 ( 6.379E-13, 5.272E-13) ( 2.314E-13, 1.906E-13)  1.00E-07
  4.600E+01 7.40882E-25 -1.031E-03 ( 6.224E-13, 5.156E-13) ( 2.284E-13, 1.886E-13)  1.00E-07
  4.650E+01 7.08888E-25 -1.057E-03 ( 6.074E-13, 5.043E-13) ( 2.255E-13, 1.866E-13)  1.00E-07
  4.700E+01 6.78576E-25 -1.084E-03 ( 5.929E-13, 4.933E-13) ( 2.227E-13, 1.847E-13)  1.00E-07
  4.750E+01 6.49840E-25 -1.111E-03 ( 5.789E-13, 4.827E-13) ( 2.199E-13, 1.827E-13)  1.00E-07
  4.800E+01 6.22583E-25 -1.139E-03 ( 5.653E-13, 4.724E-13) ( 2.172E-13, 1.809E-13)  1.00E-07
  4.850E+01 5.96715E-25 -1.168E-03 ( 5.521E-13, 4.624E-13) ( 2.145E-13, 1.790E-13)  1.00E-07
  4.900E+01 5.72152E-25 -1.197E-03 ( 5.394E-13, 4.527E-13) ( 2.119E-13, 1.772E-13)  1.00E-07
  4.950E+01 5.48818E-25 -1.226E-03 ( 5.271E-13, 4.432E-13) ( 2.094E-13, 1.754E-13)  1.00E-07
  5.000E+01 5.26639E-25 -1.255E-03 ( 5.151E-13, 4.340E-13) ( 2.069E-13, 1.737E-13)  1.00E-07
  5.050E+01 5.05548E-25 -1.284E-03 ( 5.035E-13, 4.251E-13) ( 2.044E-13, 1.719E-13)  1.00E-07
  5.100E+01 4.85481E-25 -1.314E-03 ( 4.922E-13, 4.164E-13) ( 2.020E-13, 1.702E-13)  1.00E-07
  5.150E+01 4.66379E-25 -1.345E-03 ( 4.813E-13, 4.080E-13) ( 1.996E-13, 1.686E-13)  1.00E-07
  5.200E+01 4.48187E-25 -1.376E-03 ( 4.707E-13, 3.998E-13) ( 1.973E-13, 1.669E-13)  1.00E-07
  5.250E+01 4.30854E-25 -1.408E-03 ( 4.604E-13, 3.918E-13) ( 1.950E-13, 1.653E-13)  1.00E-07
  5.300E+01 4.14333E-25 -1.439E-03 ( 4.504E-13, 3.840E-13) ( 1.928E-13, 1.637E-13)  1.00E-07
  5.350E+01 3.98578E-25 -1.471E-03 ( 4.407E-13, 3.765E-13) ( 1.906E-13, 1.621E-13)  1.00E-07
  5.400E+01 3.83548E-25 -1.503E-03 ( 4.313E-13, 3.691E-13) ( 1.884E-13, 1.606E-13)  1.00E-07
  5.450E+01 3.69203E-25 -1.536E-03 ( 4.221E-13, 3.619E-13) ( 1.863E-13, 1.591E-13)  1.00E-07
  5.500E+01 3.55505E-25 -1.569E-03 ( 4.132E-13, 3.549E-13) ( 1.842E-13, 1.576E-13)  1.00E-07
  5.550E+01 3.42421E-25 -1.603E-03 ( 4.046E-13, 3.481E-13) ( 1.822E-13, 1.561E-13)  1.00E-07
  5.600E+01 3.29917E-25 -1.637E-03 ( 3.962E-13, 3.415E-13) ( 1.802E-13, 1.546E-13)  1.00E-07
  5.650E+01 3.17964E-25 -1.672E-03 ( 3.880E-13, 3.350E-13) ( 1.782E-13, 1.532E-13)  1.00E-07
  5.700E+01 3.06533E-25 -1.706E-03 ( 3.800E-13, 3.287E-13) ( 1.763E-13, 1.518E-13)  1.00E-07
  5.750E+01 2.95597E-25 -1.741E-03 ( 3.722E-13, 3.225E-13) ( 1.744E-13, 1.504E-13)  1.00E-07
  5.800E+01 2.85130E-25 -1.776E-03 ( 3.647E-13, 3.165E-13) ( 1.725E-13, 1.490E-13)  1.00E-07
  5.850E+01 2.75109E-25 -1.812E-03 ( 3.573E-13, 3.106E-13) ( 1.706E-13, 1.476E-13)  1.00E-07
  5.900E+01 2.65511E-25 -1.849E-03 ( 3.502E-13, 3.049E-13) ( 1.688E-13, 1.463E-13)  1.00E-07
  5.950E+01 2.56314E-25 -1.886E-03 ( 3.432E-13, 2.993E-13) ( 1.670E-13, 1.450E-13)  1.00E-07
  6.000E+01 2.47501E-25 -1.923E-03 ( 3.364E-13, 2.939E-13) ( 1.653E-13, 1.437E-13)  1.00E-07
  6.050E+01 2.39051E-25 -1.961E-03 ( 3.298E-13, 2.886E-13) ( 1.635E-13, 1.424E-13)  1.00E-07
  6.100E+01 2.30946E-25 -1.998E-03 ( 3.233E-13, 2.834E-13) ( 1.618E-13, 1.411E-13)  1.00E-07
  6.150E+01 2.23171E-25 -2.036E-03 ( 3.170E-13, 2.783E-13) ( 1.602E-13, 1.399E-13)  1.00E-07
  6.200E+01 2.15709E-25 -2.075E-03 ( 3.109E-13, 2.733E-13) ( 1.585E-13, 1.386E-13)  1.00E-07
  6.250E+01 2.08545E-25 -2.114E-03 ( 3.049E-13, 2.685E-13) ( 1.569E-13, 1.374E-13)  1.00E-07
  6.300E+01 2.01665E-25 -2.154E-03 ( 2.991E-13, 2.637E-13) ( 1.553E-13, 1.362E-13)  1.00E-07
  6.350E+01 1.95057E-25 -2.194E-03 ( 2.934E-13, 2.591E-13) ( 1.537E-13, 1.350E-13)  1.00E-07
  6.400E+01 1.88706E-25 -2.235E-03 ( 2.878E-13, 2.546E-13) ( 1.521E-13, 1.338E-13)  1.00E-07
  6.450E+01 1.82603E-25 -2.275E-03 ( 2.824E-13, 2.501E-13) ( 1.506E-13, 1.327E-13)  1.00E-07
  6.500E+01 1.76735E-25 -2.316E-03 ( 2.771E-13, 2.458E-13) ( 1.491E-13, 1.315E-13)  1.00E-07
  6.550E+01 1.71090E-25 -2.357E-03 ( 2.719E-13, 2.416E-13) ( 1.476E-13, 1.304E-13)  1.00E-07
  6.600E+01 1.65660E-25 -2.399E-03 ( 2.669E-13, 2.374E-13) ( 1.461E-13, 1.292E-13)  1.00E-07
  6.650E+01 1.60435E-25 -2.443E-03 ( 2.620E-13, 2.334E-13) ( 1.447E-13, 1.281E-13)  1.00E-07
  6.700E+01 1.55405E-25 -2.486E-03 ( 2.571E-13, 2.294E-13) ( 1.433E-13, 1.270E-13)  1.00E-07
  6.750E+01 1.50562E-25 -2.529E-03 ( 2.524E-13, 2.255E-13) ( 1.418E-13, 1.260E-13)  1.00E-07
  6.800E+01 1.45899E-25 -2.573E-03 ( 2.478E-13, 2.217E-13) ( 1.405E-13, 1.249E-13)  1.00E-07
  6.850E+01 1.41406E-25 -2.616E-03 ( 2.433E-13, 2.180E-13) ( 1.391E-13, 1.238E-13)  1.00E-07
  6.900E+01 1.37077E-25 -2.660E-03 ( 2.390E-13, 2.143E-13) ( 1.377E-13, 1.228E-13)  1.00E-07
  6.950E+01 1.32904E-25 -2.705E-03 ( 2.347E-13, 2.108E-13) ( 1.364E-13, 1.217E-13)  1.00E-07
  7.000E+01 1.28881E-25 -2.752E-03 ( 2.305E-13, 2.073E-13) ( 1.351E-13, 1.207E-13)  1.00E-07
  7.050E+01 1.25001E-25 -2.799E-03 ( 2.263E-13, 2.038E-13) ( 1.338E-13, 1.197E-13)  1.00E-07
  7.100E+01 1.21260E-25 -2.846E-03 ( 2.223E-13, 2.005E-13) ( 1.325E-13, 1.187E-13)  1.00E-07
  7.150E+01 1.17651E-25 -2.890E-03 ( 2.184E-13, 1.972E-13) ( 1.312E-13, 1.177E-13)  1.00E-07
  7.200E+01 1.14168E-25 -2.935E-03 ( 2.146E-13, 1.940E-13) ( 1.300E-13, 1.167E-13)  1.00E-07
  7.250E+01 1.10805E-25 -2.985E-03 ( 2.108E-13, 1.908E-13) ( 1.287E-13, 1.157E-13)  1.00E-07
  7.300E+01 1.07558E-25 -3.035E-03 ( 2.071E-13, 1.877E-13) ( 1.275E-13, 1.148E-13)  1.00E-07
  7.350E+01 1.04423E-25 -3.085E-03 ( 2.035E-13, 1.847E-13) ( 1.263E-13, 1.138E-13)  1.00E-07
  7.400E+01 1.01395E-25 -3.133E-03 ( 2.000E-13, 1.817E-13) ( 1.251E-13, 1.129E-13)  1.00E-07
  7.450E+01 9.84698E-26 -3.181E-03 ( 1.965E-13, 1.788E-13) ( 1.240E-13, 1.120E-13)  1.00E-07
  7.500E+01 9.56432E-26 -3.231E-03 ( 1.931E-13, 1.759E-13) ( 1.228E-13, 1.110E-13)  1.00E-07
  7.550E+01 9.29109E-26 -3.282E-03 ( 1.898E-13, 1.731E-13) ( 1.216E-13, 1.101E-13)  1.00E-07
  7.600E+01 9.02695E-26 -3.333E-03 ( 1.866E-13, 1.703E-13) ( 1.205E-13, 1.092E-13)  1.00E-07
  7.650E+01 8.77154E-26 -3.386E-03 ( 1.834E-13, 1.676E-13) ( 1.194E-13, 1.083E-13)  1.00E-07
  7.700E+01 8.52454E-26 -3.438E-03 ( 1.803E-13, 1.650E-13) ( 1.183E-13, 1.074E-13)  1.00E-07
  7.750E+01 8.28562E-26 -3.490E-03 ( 1.772E-13, 1.624E-13) ( 1.172E-13, 1.065E-13)  1.00E-07
  7.800E+01 8.05447E-26 -3.542E-03 ( 1.742E-13, 1.598E-13) ( 1.161E-13, 1.057E-13)  1.00E-07
  7.850E+01 7.83078E-26 -3.595E-03 ( 1.713E-13, 1.573E-13) ( 1.150E-13, 1.048E-13)  1.00E-07
  7.900E+01 7.61426E-26 -3.649E-03 ( 1.684E-13, 1.548E-13) ( 1.140E-13, 1.039E-13)  1.00E-07
  7.950E+01 7.40465E-26 -3.704E-03 ( 1.656E-13, 1.524E-13) ( 1.129E-13, 1.031E-13)  1.00E-07
  8.000E+01 7.20168E-26 -3.760E-03 ( 1.629E-13, 1.500E-13) ( 1.119E-13, 1.023E-13)  1.00E-07
  8.050E+01 7.00513E-26 -3.816E-03 ( 1.602E-13, 1.477E-13) ( 1.109E-13, 1.014E-13)  1.00E-07
  8.100E+01 6.81475E-26 -3.872E-03 ( 1.575E-13, 1.454E-13) ( 1.099E-13, 1.006E-13)  1.00E-07
  8.150E+01 6.63032E-26 -3.928E-03 ( 1.549E-13, 1.432E-13) ( 1.089E-13, 9.978E-14)  1.00E-07
  8.200E+01 6.45160E-26 -3.984E-03 ( 1.524E-13, 1.410E-13) ( 1.079E-13, 9.897E-14)  1.00E-07
  8.250E+01 6.27840E-26 -4.042E-03 ( 1.499E-13, 1.388E-13) ( 1.069E-13, 9.816E-14)  1.00E-07
  8.300E+01 6.11051E-26 -4.100E-03 ( 1.474E-13, 1.367E-13) ( 1.059E-13, 9.737E-14)  1.00E-07
  8.350E+01 5.94774E-26 -4.159E-03 ( 1.450E-13, 1.346E-13) ( 1.050E-13, 9.657E-14)  1.00E-07
  8.400E+01 5.78991E-26 -4.219E-03 ( 1.426E-13, 1.325E-13) ( 1.040E-13, 9.579E-14)  1.00E-07
  8.450E+01 5.63686E-26 -4.279E-03 ( 1.403E-13, 1.305E-13) ( 1.031E-13, 9.501E-14)  1.00E-07
  8.500E+01 5.48840E-26 -4.339E-03 ( 1.380E-13, 1.285E-13) ( 1.022E-13, 9.424E-14)  1.00E-07
  8.550E+01 5.34438E-26 -4.399E-03 ( 1.358E-13, 1.266E-13) ( 1.012E-13, 9.348E-14)  1.00E-07
  8.600E+01 5.20463E-26 -4.461E-03 ( 1.336E-13, 1.246E-13) ( 1.003E-13, 9.272E-14)  1.00E-07
  8.650E+01 5.06902E-26 -4.523E-03 ( 1.315E-13, 1.228E-13) ( 9.941E-14, 9.197E-14)  1.00E-07
  8.700E+01 4.93739E-26 -4.586E-03 ( 1.293E-13, 1.209E-13) ( 9.852E-14, 9.122E-14)  1.00E-07
  8.750E+01 4.80961E-26 -4.649E-03 ( 1.273E-13, 1.191E-13) ( 9.764E-14, 9.048E-14)  1.00E-07
  8.800E+01 4.68555E-26 -4.713E-03 ( 1.252E-13, 1.173E-13) ( 9.676E-14, 8.974E-14)  1.00E-07
  8.850E+01 4.56509E-26 -4.778E-03 ( 1.232E-13, 1.155E-13) ( 9.589E-14, 8.901E-14)  1.00E-07
  8.900E+01 4.44810E-26 -4.842E-03 ( 1.213E-13, 1.138E-13) ( 9.503E-14, 8.829E-14)  1.00E-07
  8.950E+01 4.33447E-26 -4.908E-03 ( 1.193E-13, 1.121E-13) ( 9.418E-14, 8.757E-14)  1.00E-07
  9.000E+01 4.22408E-26 -4.974E-03 ( 1.174E-13, 1.104E-13) ( 9.333E-14, 8.686E-14)  1.00E-07
  9.050E+01 4.11682E-26 -5.041E-03 ( 1.156E-13, 1.088E-13) ( 9.250E-14, 8.615E-14)  1.00E-07
  9.100E+01 4.01259E-26 -5.109E-03 ( 1.138E-13, 1.072E-13) ( 9.167E-14, 8.545E-14)  1.00E-07
  9.150E+01 3.91129E-26 -5.177E-03 ( 1.120E-13, 1.056E-13) ( 9.085E-14, 8.475E-14)  1.00E-07
  9.200E+01 3.81283E-26 -5.246E-03 ( 1.102E-13, 1.040E-13) ( 9.003E-14, 8.406E-14)  1.00E-07
  9.250E+01 3.71711E-26 -5.315E-03 ( 1.085E-13, 1.024E-13) ( 8.923E-14, 8.337E-14)  1.00E-07
  9.300E+01 3.62405E-26 -5.385E-03 ( 1.068E-13, 1.009E-13) ( 8.843E-14, 8.269E-14)  1.00E-07
  9.350E+01 3.53355E-26 -5.456E-03 ( 1.051E-13, 9.944E-14) ( 8.764E-14, 8.201E-14)  1.00E-07
  9.400E+01 3.44553E-26 -5.527E-03 ( 1.034E-13, 9.797E-14) ( 8.685E-14, 8.134E-14)  1.00E-07
  9.450E+01 3.35992E-26 -5.600E-03 ( 1.018E-13, 9.652E-14) ( 8.607E-14, 8.067E-14)  1.00E-07
  9.500E+01 3.27665E-26 -5.673E-03 ( 1.002E-13, 9.510E-14) ( 8.530E-14, 8.001E-14)  1.00E-07
  9.550E+01 3.19563E-26 -5.746E-03 ( 9.866E-14, 9.370E-14) ( 8.453E-14, 7.935E-14)  1.00E-07
  9.600E+01 3.11679E-26 -5.820E-03 ( 9.713E-14, 9.232E-14) ( 8.377E-14, 7.870E-14)  1.00E-07
  9.650E+01 3.04007E-26 -5.895E-03 ( 9.562E-14, 9.096E-14) ( 8.302E-14, 7.805E-14)  1.00E-07
  9.700E+01 2.96541E-26 -5.970E-03 ( 9.413E-14, 8.963E-14) ( 8.228E-14, 7.740E-14)  1.00E-07
  9.750E+01 2.89273E-26 -6.047E-03 ( 9.267E-14, 8.832E-14) ( 8.153E-14, 7.676E-14)  1.00E-07
  9.800E+01 2.82197E-26 -6.125E-03 ( 9.124E-14, 8.702E-14) ( 8.080E-14, 7.612E-14)  1.00E-07
  9.850E+01 2.75308E-26 -6.203E-03 ( 8.982E-14, 8.575E-14) ( 8.007E-14, 7.549E-14)  1.00E-07
  9.900E+01 2.68600E-26 -6.282E-03 ( 8.844E-14, 8.449E-14) ( 7.935E-14, 7.486E-14)  1.00E-07
  9.950E+01 2.62068E-26 -6.361E-03 ( 8.707E-14, 8.326E-14) ( 7.863E-14, 7.423E-14)  1.00E-07
  1.000E+02 2.55706E-26 -6.441E-03 ( 8.573E-14, 8.204E-14) ( 7.792E-14, 7.361E-14)  1.00E-07
  1.005E+02 2.49508E-26 -6.522E-03 ( 8.441E-14, 8.085E-14) ( 7.722E-14, 7.300E-14)  1.00E-07
  1.010E+02 2.43471E-26 -6.603E-03 ( 8.311E-14, 7.967E-14) ( 7.651E-14, 7.238E-14)  1.00E-07
  1.015E+02 2.37589E-26 -6.687E-03 ( 8.183E-14, 7.851E-14) ( 7.582E-14, 7.177E-14)  1.00E-07
  1.020E+02 2.31858E-26 -6.770E-03 ( 8.057E-14, 7.736E-14) ( 7.513E-14, 7.117E-14)  1.00E-07
  1.025E+02 2.26273E-26 -6.855E-03 ( 7.933E-14, 7.624E-14) ( 7.445E-14, 7.056E-14)  1.00E-07
  1.030E+02 2.20831E-26 -6.940E-03 ( 7.812E-14, 7.513E-14) ( 7.377E-14, 6.996E-14)  1.00E-07
  1.035E+02 2.15526E-26 -7.026E-03 ( 7.692E-14, 7.404E-14) ( 7.309E-14, 6.937E-14)  1.00E-07
  1.040E+02 2.10355E-26 -7.112E-03 ( 7.574E-14, 7.296E-14) ( 7.242E-14, 6.878E-14)  1.00E-07
  1.045E+02 2.05313E-26 -7.200E-03 ( 7.458E-14, 7.190E-14) ( 7.176E-14, 6.819E-14)  1.00E-07
  1.050E+02 2.00398E-26 -7.289E-03 ( 7.344E-14, 7.086E-14) ( 7.110E-14, 6.760E-14)  1.00E-07
  1.055E+02 1.95605E-26 -7.379E-03 ( 7.232E-14, 6.983E-14) ( 7.044E-14, 6.702E-14)  1.00E-07
  1.060E+02 1.90932E-26 -7.470E-03 ( 7.121E-14, 6.882E-14) ( 6.979E-14, 6.644E-14)  1.00E-07
  1.065E+02 1.86374E-26 -7.562E-03 ( 7.013E-14, 6.782E-14) ( 6.915E-14, 6.587E-14)  1.00E-07
  1.070E+02 1.81928E-26 -7.654E-03 ( 6.906E-14, 6.684E-14) ( 6.851E-14, 6.530E-14)  1.00E-07
  1.075E+02 1.77592E-26 -7.747E-03 ( 6.800E-14, 6.587E-14) ( 6.787E-14, 6.473E-14)  1.00E-07
  1.080E+02 1.73362E-26 -7.841E-03 ( 6.697E-14, 6.492E-14) ( 6.724E-14, 6.416E-14)  1.00E-07
  1.085E+02 1.69235E-26 -7.937E-03 ( 6.595E-14, 6.398E-14) ( 6.661E-14, 6.360E-14)  1.00E-07
  1.090E+02 1.65208E-26 -8.034E-03 ( 6.494E-14, 6.305E-14) ( 6.598E-14, 6.304E-14)  1.00E-07
  1.095E+02 1.61279E-26 -8.132E-03 ( 6.395E-14, 6.214E-14) ( 6.536E-14, 6.248E-14)  1.00E-07
  1.100E+02 1.57444E-26 -8.231E-03 ( 6.298E-14, 6.124E-14) ( 6.475E-14, 6.193E-14)  1.00E-07
  1.105E+02 1.53702E-26 -8.330E-03 ( 6.202E-14, 6.035E-14) ( 6.414E-14, 6.138E-14)  1.00E-07
  1.110E+02 1.50050E-26 -8.430E-03 ( 6.108E-14, 5.948E-14) ( 6.353E-14, 6.083E-14)  1.00E-07
  1.115E+02 1.46485E-26 -8.532E-03 ( 6.015E-14, 5.862E-14) ( 6.292E-14, 6.028E-14)  1.00E-07
  1.120E+02 1.43005E-26 -8.635E-03 ( 5.924E-14, 5.777E-14) ( 6.232E-14, 5.974E-14)  1.00E-07
  1.125E+02 1.39607E-26 -8.740E-03 ( 5.834E-14, 5.694E-14) ( 6.173E-14, 5.920E-14)  1.00E-07
  1.130E+02 1.36290E-26 -8.846E-03 ( 5.745E-14, 5.612E-14) ( 6.114E-14, 5.867E-14)  1.00E-07
  1.135E+02 1.33051E-26 -8.952E-03 ( 5.658E-14, 5.531E-14) ( 6.055E-14, 5.813E-14)  1.00E-07
  1.140E+02 1.29888E-26 -9.060E-03 ( 5.572E-14, 5.451E-14) ( 5.996E-14, 5.760E-14)  1.00E-07
  1.145E+02 1.26800E-26 -9.168E-03 ( 5.488E-14, 5.372E-14) ( 5.938E-14, 5.707E-14)  1.00E-07
  1.150E+02 1.23783E-26 -9.278E-03 ( 5.404E-14, 5.294E-14) ( 5.880E-14, 5.654E-14)  1.00E-07
  1.155E+02 1.20837E-26 -9.390E-03 ( 5.322E-14, 5.218E-14) ( 5.823E-14, 5.602E-14)  1.00E-07
  1.160E+02 1.17959E-26 -9.503E-03 ( 5.242E-14, 5.143E-14) ( 5.766E-14, 5.550E-14)  1.00E-07
  1.165E+02 1.15148E-26 -9.618E-03 ( 5.162E-14, 5.068E-14) ( 5.709E-14, 5.498E-14)  1.00E-07
  1.170E+02 1.12402E-26 -9.733E-03 ( 5.084E-14, 4.995E-14) ( 5.652E-14, 5.446E-14)  1.00E-07
  1.175E+02 1.09720E-26 -9.850E-03 ( 5.007E-14, 4.923E-14) ( 5.596E-14, 5.394E-14)  1.00E-07
  1.180E+02 1.07099E-26 -9.967E-03 ( 4.931E-14, 4.852E-14) ( 5.540E-14, 5.343E-14)  1.00E-07
  1.185E+02 1.04538E-26 -1.009E-02 ( 4.856E-14, 4.782E-14) ( 5.485E-14, 5.292E-14)  1.00E-07
  1.190E+02 1.02035E-26 -1.021E-02 ( 4.783E-14, 4.713E-14) ( 5.430E-14, 5.241E-14)  1.00E-07
  1.195E+02 9.95896E-27 -1.033E-02 ( 4.710E-14, 4.645E-14) ( 5.375E-14, 5.191E-14)  1.00E-07
  1.200E+02 9.71998E-27 -1.046E-02 ( 4.639E-14, 4.578E-14) ( 5.320E-14, 5.140E-14)  1.00E-07
  1.205E+02 9.48642E-27 -1.058E-02 ( 4.569E-14, 4.512E-14) ( 5.266E-14, 5.090E-14)  1.00E-07
  1.210E+02 9.25816E-27 -1.071E-02 ( 4.500E-14, 4.446E-14) ( 5.212E-14, 5.040E-14)  1.00E-07
  1.215E+02 9.03505E-27 -1.084E-02 ( 4.431E-14, 4.382E-14) ( 5.158E-14, 4.990E-14)  1.00E-07
  1.220E+02 8.81697E-27 -1.097E-02 ( 4.364E-14, 4.319E-14) ( 5.105E-14, 4.941E-14)  1.00E-07
  1.225E+02 8.60379E-27 -1.110E-02 ( 4.298E-14, 4.257E-14) ( 5.051E-14, 4.891E-14)  1.00E-07
  1.230E+02 8.39539E-27 -1.123E-02 ( 4.233E-14, 4.195E-14) ( 4.998E-14, 4.842E-14)  1.00E-07
  1.235E+02 8.19165E-27 -1.137E-02 ( 4.169E-14, 4.135E-14) ( 4.946E-14, 4.793E-14)  1.00E-07
  1.240E+02 7.99247E-27 -1.150E-02 ( 4.106E-14, 4.075E-14) ( 4.893E-14, 4.745E-14)  1.00E-07
  1.245E+02 7.79773E-27 -1.164E-02 ( 4.044E-14, 4.016E-14) ( 4.841E-14, 4.696E-14)  1.00E-07
  1.250E+02 7.60734E-27 -1.178E-02 ( 3.983E-14, 3.958E-14) ( 4.790E-14, 4.648E-14)  1.00E-07
  1.255E+02 7.42118E-27 -1.192E-02 ( 3.923E-14, 3.901E-14) ( 4.738E-14, 4.599E-14)  1.00E-07
  1.260E+02 7.23914E-27 -1.207E-02 ( 3.863E-14, 3.845E-14) ( 4.687E-14, 4.551E-14)  1.00E-07
  1.265E+02 7.06113E-27 -1.222E-02 ( 3.805E-14, 3.790E-14) ( 4.636E-14, 4.504E-14)  1.00E-07
  1.270E+02 6.88705E-27 -1.236E-02 ( 3.747E-14, 3.735E-14) ( 4.585E-14, 4.456E-14)  1.00E-07
  1.275E+02 6.71681E-27 -1.251E-02 ( 3.691E-14, 3.681E-14) ( 4.534E-14, 4.409E-14)  1.00E-07
  1.280E+02 6.55034E-27 -1.267E-02 ( 3.635E-14, 3.628E-14) ( 4.484E-14, 4.361E-14)  1.00E-07
  1.285E+02 6.38753E-27 -1.282E-02 ( 3.580E-14, 3.576E-14) ( 4.434E-14, 4.314E-14)  1.00E-07
  1.290E+02 6.22831E-27 -1.298E-02 ( 3.526E-14, 3.525E-14) ( 4.384E-14, 4.267E-14)  1.00E-07
  1.295E+02 6.07258E-27 -1.313E-02 ( 3.473E-14, 3.474E-14) ( 4.334E-14, 4.220E-14)  1.00E-07
  1.300E+02 5.92027E-27 -1.330E-02 ( 3.421E-14, 3.424E-14) ( 4.284E-14, 4.174E-14)  1.00E-07
  1.305E+02 5.77129E-27 -1.346E-02 ( 3.369E-14, 3.375E-14) ( 4.235E-14, 4.127E-14)  1.00E-07
  1.310E+02 5.62557E-27 -1.362E-02 ( 3.318E-14, 3.327E-14) ( 4.186E-14, 4.081E-14)  1.00E-07
  1.315E+02 5.48305E-27 -1.379E-02 ( 3.269E-14, 3.279E-14) ( 4.137E-14, 4.035E-14)  1.00E-07
  1.320E+02 5.34365E-27 -1.396E-02 ( 3.219E-14, 3.232E-14) ( 4.089E-14, 3.989E-14)  1.00E-07
  1.325E+02 5.20730E-27 -1.413E-02 ( 3.171E-14, 3.186E-14) ( 4.040E-14, 3.943E-14)  1.00E-07
  1.330E+02 5.07392E-27 -1.431E-02 ( 3.123E-14, 3.140E-14) ( 3.992E-14, 3.897E-14)  1.00E-07
  1.335E+02 4.94345E-27 -1.448E-02 ( 3.077E-14, 3.095E-14) ( 3.944E-14, 3.851E-14)  1.00E-07
  1.340E+02 4.81583E-27 -1.466E-02 ( 3.030E-14, 3.051E-14) ( 3.896E-14, 3.806E-14)  1.00E-07
  1.345E+02 4.69100E-27 -1.485E-02 ( 2.985E-14, 3.007E-14) ( 3.849E-14, 3.761E-14)  1.00E-07
  1.350E+02 4.56889E-27 -1.503E-02 ( 2.940E-14, 2.964E-14) ( 3.801E-14, 3.716E-14)  1.00E-07
  1.355E+02 4.44945E-27 -1.522E-02 ( 2.896E-14, 2.922E-14) ( 3.754E-14, 3.671E-14)  1.00E-07
  1.360E+02 4.33263E-27 -1.541E-02 ( 2.853E-14, 2.881E-14) ( 3.707E-14, 3.626E-14)  1.00E-07
  1.365E+02 4.21835E-27 -1.560E-02 ( 2.811E-14, 2.840E-14) ( 3.660E-14, 3.581E-14)  1.00E-07
  1.370E+02 4.10657E-27 -1.580E-02 ( 2.769E-14, 2.800E-14) ( 3.613E-14, 3.536E-14)  1.00E-07
  1.375E+02 3.99723E-27 -1.600E-02 ( 2.728E-14, 2.760E-14) ( 3.567E-14, 3.492E-14)  1.00E-07
  1.380E+02 3.89028E-27 -1.620E-02 ( 2.687E-14, 2.721E-14) ( 3.520E-14, 3.447E-14)  1.00E-07
  1.385E+02 3.78568E-27 -1.641E-02 ( 2.647E-14, 2.683E-14) ( 3.474E-14, 3.403E-14)  1.00E-07
  1.390E+02 3.68338E-27 -1.662E-02 ( 2.608E-14, 2.645E-14) ( 3.428E-14, 3.359E-14)  1.00E-07
  1.395E+02 3.58332E-27 -1.683E-02 ( 2.570E-14, 2.608E-14) ( 3.382E-14, 3.315E-14)  1.00E-07
  1.400E+02 3.48547E-27 -1.704E-02 ( 2.532E-14, 2.571E-14) ( 3.337E-14, 3.271E-14)  1.00E-07
  1.405E+02 3.38976E-27 -1.726E-02 ( 2.495E-14, 2.535E-14) ( 3.291E-14, 3.227E-14)  1.00E-07
  1.410E+02 3.29617E-27 -1.748E-02 ( 2.458E-14, 2.500E-14) ( 3.246E-14, 3.184E-14)  1.00E-07
  1.415E+02 3.20464E-27 -1.771E-02 ( 2.422E-14, 2.465E-14) ( 3.200E-14, 3.140E-14)  1.00E-07
  1.420E+02 3.11513E-27 -1.794E-02 ( 2.387E-14, 2.431E-14) ( 3.155E-14, 3.097E-14)  1.00E-07
  1.425E+02 3.02762E-27 -1.817E-02 ( 2.352E-14, 2.397E-14) ( 3.110E-14, 3.054E-14)  1.00E-07
  1.430E+02 2.94207E-27 -1.840E-02 ( 2.318E-14, 2.364E-14) ( 3.065E-14, 3.010E-14)  1.00E-07
  1.435E+02 2.85842E-27 -1.864E-02 ( 2.284E-14, 2.332E-14) ( 3.021E-14, 2.967E-14)  1.00E-07
  1.440E+02 2.77664E-27 -1.888E-02 ( 2.251E-14, 2.300E-14) ( 2.976E-14, 2.924E-14)  1.00E-07
  1.445E+02 2.69668E-27 -1.913E-02 ( 2.219E-14, 2.268E-14) ( 2.932E-14, 2.881E-14)  1.00E-07
  1.450E+02 2.61853E-27 -1.938E-02 ( 2.187E-14, 2.238E-14) ( 2.888E-14, 2.839E-14)  1.00E-07
  1.455E+02 2.54215E-27 -1.963E-02 ( 2.156E-14, 2.207E-14) ( 2.844E-14, 2.796E-14)  1.00E-07
  1.460E+02 2.46750E-27 -1.989E-02 ( 2.125E-14, 2.178E-14) ( 2.800E-14, 2.753E-14)  1.00E-07
  1.465E+02 2.39456E-27 -2.015E-02 ( 2.095E-14, 2.148E-14) ( 2.756E-14, 2.711E-14)  1.00E-07
  1.470E+02 2.32329E-27 -2.041E-02 ( 2.065E-14, 2.120E-14) ( 2.712E-14, 2.668E-14)  1.00E-07
  1.475E+02 2.25364E-27 -2.068E-02 ( 2.036E-14, 2.091E-14) ( 2.668E-14, 2.626E-14)  1.00E-07
  1.480E+02 2.18560E-27 -2.096E-02 ( 2.008E-14, 2.064E-14) ( 2.625E-14, 2.584E-14)  1.00E-07
  1.485E+02 2.11914E-27 -2.123E-02 ( 1.980E-14, 2.037E-14) ( 2.581E-14, 2.542E-14)  1.00E-07
  1.490E+02 2.05424E-27 -2.151E-02 ( 1.952E-14, 2.010E-14) ( 2.538E-14, 2.500E-14)  1.00E-07
  1.495E+02 1.99086E-27 -2.180E-02 ( 1.926E-14, 1.984E-14) ( 2.495E-14, 2.458E-14)  1.00E-07
  1.500E+02 1.92898E-27 -2.208E-02 ( 1.899E-14, 1.958E-14) ( 2.452E-14, 2.416E-14)  1.00E-07
  1.505E+02 1.86856E-27 -2.237E-02 ( 1.873E-14, 1.933E-14) ( 2.409E-14, 2.374E-14)  1.00E-07
  1.510E+02 1.80959E-27 -2.267E-02 ( 1.848E-14, 1.908E-14) ( 2.366E-14, 2.332E-14)  1.00E-07
  1.515E+02 1.75204E-27 -2.297E-02 ( 1.823E-14, 1.884E-14) ( 2.324E-14, 2.291E-14)  1.00E-07
  1.520E+02 1.69588E-27 -2.328E-02 ( 1.799E-14, 1.860E-14) ( 2.281E-14, 2.249E-14)  1.00E-07
  1.525E+02 1.64109E-27 -2.358E-02 ( 1.775E-14, 1.837E-14) ( 2.238E-14, 2.208E-14)  1.00E-07
  1.530E+02 1.58766E-27 -2.389E-02 ( 1.752E-14, 1.814E-14) ( 2.196E-14, 2.166E-14)  1.00E-07
  1.535E+02 1.53556E-27 -2.420E-02 ( 1.729E-14, 1.792E-14) ( 2.154E-14, 2.125E-14)  1.00E-07
  1.540E+02 1.48476E-27 -2.452E-02 ( 1.707E-14, 1.770E-14) ( 2.112E-14, 2.084E-14)  1.00E-07
  1.545E+02 1.43525E-27 -2.483E-02 ( 1.685E-14, 1.749E-14) ( 2.069E-14, 2.042E-14)  1.00E-07
  1.550E+02 1.38700E-27 -2.515E-02 ( 1.664E-14, 1.728E-14) ( 2.027E-14, 2.001E-14)  1.00E-07
  1.555E+02 1.33999E-27 -2.548E-02 ( 1.643E-14, 1.708E-14) ( 1.985E-14, 1.960E-14)  1.00E-07
  1.560E+02 1.29421E-27 -2.580E-02 ( 1.623E-14, 1.688E-14) ( 1.944E-14, 1.919E-14)  1.00E-07
  1.565E+02 1.24965E-27 -2.613E-02 ( 1.603E-14, 1.669E-14) ( 1.902E-14, 1.878E-14)  1.00E-07
  1.570E+02 1.20627E-27 -2.645E-02 ( 1.583E-14, 1.649E-14) ( 1.860E-14, 1.837E-14)  1.00E-07
  1.575E+02 1.16407E-27 -2.677E-02 ( 1.564E-14, 1.631E-14) ( 1.818E-14, 1.796E-14)  1.00E-07
  1.580E+02 1.12303E-27 -2.710E-02 ( 1.546E-14, 1.613E-14) ( 1.777E-14, 1.756E-14)  1.00E-07
  1.585E+02 1.08312E-27 -2.742E-02 ( 1.528E-14, 1.595E-14) ( 1.736E-14, 1.715E-14)  1.00E-07
  1.590E+02 1.04433E-27 -2.774E-02 ( 1.510E-14, 1.578E-14) ( 1.694E-14, 1.674E-14)  1.00E-07
  1.595E+02 1.00666E-27 -2.806E-02 ( 1.493E-14, 1.561E-14) ( 1.653E-14, 1.634E-14)  1.00E-07
  1.600E+02 9.70076E-28 -2.837E-02 ( 1.476E-14, 1.545E-14) ( 1.612E-14, 1.593E-14)  1.00E-07
  1.605E+02 9.34577E-28 -2.868E-02 ( 1.460E-14, 1.529E-14) ( 1.570E-14, 1.553E-14)  1.00E-07
  1.610E+02 9.00143E-28 -2.897E-02 ( 1.444E-14, 1.513E-14) ( 1.529E-14, 1.512E-14)  1.00E-07
  1.615E+02 8.66760E-28 -2.926E-02 ( 1.429E-14, 1.498E-14) ( 1.488E-14, 1.472E-14)  1.00E-07
  1.620E+02 8.34413E-28 -2.954E-02 ( 1.414E-14, 1.484E-14) ( 1.447E-14, 1.432E-14)  1.00E-07
  1.625E+02 8.03091E-28 -2.981E-02 ( 1.399E-14, 1.469E-14) ( 1.406E-14, 1.391E-14)  1.00E-07
  1.630E+02 7.72782E-28 -3.006E-02 ( 1.385E-14, 1.456E-14) ( 1.366E-14, 1.351E-14)  1.00E-07
  1.635E+02 7.43477E-28 -3.030E-02 ( 1.372E-14, 1.442E-14) ( 1.325E-14, 1.311E-14)  1.00E-07
  1.640E+02 7.15166E-28 -3.051E-02 ( 1.359E-14, 1.429E-14) ( 1.284E-14, 1.271E-14)  1.00E-07
  1.645E+02 6.87835E-28 -3.070E-02 ( 1.346E-14, 1.417E-14) ( 1.243E-14, 1.231E-14)  1.00E-07
  1.650E+02 6.61473E-28 -3.086E-02 ( 1.333E-14, 1.405E-14) ( 1.203E-14, 1.190E-14)  1.00E-07
  1.655E+02 6.36067E-28 -3.100E-02 ( 1.322E-14, 1.393E-14) ( 1.162E-14, 1.150E-14)  1.00E-07
  1.660E+02 6.11609E-28 -3.110E-02 ( 1.310E-14, 1.382E-14) ( 1.122E-14, 1.110E-14)  1.00E-07
  1.665E+02 5.88089E-28 -3.116E-02 ( 1.299E-14, 1.371E-14) ( 1.081E-14, 1.070E-14)  1.00E-07
  1.670E+02 5.65503E-28 -3.118E-02 ( 1.288E-14, 1.360E-14) ( 1.041E-14, 1.030E-14)  1.00E-07
  1.675E+02 5.43842E-28 -3.115E-02 ( 1.278E-14, 1.350E-14) ( 1.000E-14, 9.906E-15)  1.00E-07
  1.680E+02 5.23096E-28 -3.106E-02 ( 1.268E-14, 1.341E-14) ( 9.600E-15, 9.507E-15)  1.00E-07
  1.685E+02 5.03255E-28 -3.092E-02 ( 1.259E-14, 1.331E-14) ( 9.197E-15, 9.109E-15)  1.00E-07
  1.690E+02 4.84311E-28 -3.071E-02 ( 1.250E-14, 1.322E-14) ( 8.795E-15, 8.711E-15)  1.00E-07
  1.695E+02 4.66256E-28 -3.043E-02 ( 1.241E-14, 1.314E-14) ( 8.392E-15, 8.313E-15)  1.00E-07
  1.700E+02 4.49084E-28 -3.007E-02 ( 1.233E-14, 1.306E-14) ( 7.990E-15, 7.915E-15)  1.00E-07
  1.705E+02 4.32792E-28 -2.963E-02 ( 1.225E-14, 1.298E-14) ( 7.589E-15, 7.518E-15)  1.00E-07
  1.710E+02 4.17374E-28 -2.909E-02 ( 1.218E-14, 1.291E-14) ( 7.188E-15, 7.121E-15)  1.00E-07
  1.715E+02 4.02825E-28 -2.845E-02 ( 1.211E-14, 1.284E-14) ( 6.787E-15, 6.724E-15)  1.00E-07
  1.720E+02 3.89136E-28 -2.770E-02 ( 1.204E-14, 1.278E-14) ( 6.386E-15, 6.327E-15)  1.00E-07
  1.725E+02 3.76300E-28 -2.684E-02 ( 1.198E-14, 1.272E-14) ( 5.986E-15, 5.931E-15)  1.00E-07
  1.730E+02 3.64312E-28 -2.586E-02 ( 1.192E-14, 1.266E-14) ( 5.585E-15, 5.535E-15)  1.00E-07
  1.735E+02 3.53167E-28 -2.477E-02 ( 1.187E-14, 1.261E-14) ( 5.185E-15, 5.139E-15)  1.00E-07
  1.740E+02 3.42867E-28 -2.354E-02 ( 1.182E-14, 1.256E-14) ( 4.786E-15, 4.743E-15)  1.00E-07
  1.745E+02 3.33407E-28 -2.218E-02 ( 1.178E-14, 1.251E-14) ( 4.386E-15, 4.347E-15)  1.00E-07
  1.750E+02 3.24785E-28 -2.069E-02 ( 1.173E-14, 1.247E-14) ( 3.987E-15, 3.951E-15)  1.00E-07
  1.755E+02 3.16994E-28 -1.907E-02 ( 1.170E-14, 1.244E-14) ( 3.588E-15, 3.556E-15)  1.00E-07
  1.760E+02 3.10030E-28 -1.733E-02 ( 1.166E-14, 1.240E-14) ( 3.189E-15, 3.160E-15)  1.00E-07
  1.765E+02 3.03887E-28 -1.547E-02 ( 1.163E-14, 1.237E-14) ( 2.790E-15, 2.765E-15)  1.00E-07
  1.770E+02 2.98564E-28 -1.349E-02 ( 1.161E-14, 1.235E-14) ( 2.391E-15, 2.370E-15)  1.00E-07
  1.775E+02 2.94064E-28 -1.142E-02 ( 1.159E-14, 1.233E-14) ( 1.992E-15, 1.975E-15)  1.00E-07
  1.780E+02 2.90387E-28 -9.248E-03 ( 1.157E-14, 1.231E-14) ( 1.594E-15, 1.580E-15)  1.00E-07
  1.785E+02 2.87534E-28 -7.003E-03 ( 1.155E-14, 1.230E-14) ( 1.195E-15, 1.185E-15)  1.00E-07
  1.790E+02 2.85503E-28 -4.700E-03 ( 1.155E-14, 1.229E-14) ( 7.968E-16, 7.899E-16)  1.00E-07
  1.795E+02 2.84287E-28 -2.359E-03 ( 1.154E-14, 1.228E-14) ( 3.984E-16, 3.949E-16)  1.00E-07
  1.800E+02 2.83885E-28 -3.314E-17 ( 1.154E-14, 1.228E-14) ( 5.591E-30, 5.542E-30)  1.00E-07

  TOTAL ELASTIC CROSS SECTION = 2.789588E-19 cm**2
               FROM DCS TABLE = 2.783436E-19  (REL. DIF. = 2.21E-03)

  1ST TRANSPORT CROSS SECTION = 5.699308E-24 cm**2
               FROM DCS TABLE = 5.697533E-24  (REL. DIF. = 3.11E-04)

  2ND TRANSPORT CROSS SECTION = 1.630808E-23 cm**2

  WARNING: RELATIVE DIFFERENCES ARE TOO LARGE.
           THE DCS TABLE IS NOT CONSISTENT.

  **** DPWA0 ENDED ************************************************************

