 #  Scattering amplitudes (in cm)      MU=(1-cos(TH))/2
 #  Z =   8,   projectile: electron
 #  Kinetic energy = 3.70000E+06 eV
 #
 # TH (deg)      MU          Re(F)        Im(F)        Re(G)        Im(G)
 #--------------------------------------------------------------------------
  0.000E+00  0.00000E+00  1.63499E-07  4.70227E-09  0.00000E+00  0.00000E+00
  1.000E-04  7.61557E-13  1.63499E-07  4.70227E-09  1.25366E-13  3.60561E-15
  1.250E-04  1.18994E-12  1.63499E-07  4.70227E-09  1.56707E-13  4.50701E-15
  1.500E-04  1.71346E-12  1.63499E-07  4.70227E-09  1.88049E-13  5.40841E-15
  1.750E-04  2.33225E-12  1.63499E-07  4.70227E-09  2.19390E-13  6.30981E-15
  2.000E-04  3.04617E-12  1.63499E-07  4.70227E-09  2.50731E-13  7.21122E-15
  2.250E-04  3.85530E-12  1.63498E-07  4.70227E-09  2.82073E-13  8.11262E-15
  2.500E-04  4.75964E-12  1.63498E-07  4.70227E-09  3.13414E-13  9.01402E-15
  2.750E-04  5.75917E-12  1.63498E-07  4.70226E-09  3.44755E-13  9.91542E-15
  3.000E-04  6.85391E-12  1.63498E-07  4.70226E-09  3.76096E-13  1.08168E-14
  3.250E-04  8.04379E-12  1.63498E-07  4.70226E-09  4.07436E-13  1.17182E-14
  3.500E-04  9.32893E-12  1.63497E-07  4.70226E-09  4.38777E-13  1.26196E-14
  3.750E-04  1.07092E-11  1.63497E-07  4.70226E-09  4.70117E-13  1.35210E-14
  4.000E-04  1.21847E-11  1.63497E-07  4.70226E-09  5.01458E-13  1.44224E-14
  4.250E-04  1.37554E-11  1.63497E-07  4.70226E-09  5.32798E-13  1.53238E-14
  4.500E-04  1.54213E-11  1.63496E-07  4.70225E-09  5.64138E-13  1.62252E-14
  4.750E-04  1.71823E-11  1.63496E-07  4.70225E-09  5.95478E-13  1.71266E-14
  5.000E-04  1.90386E-11  1.63496E-07  4.70225E-09  6.26817E-13  1.80280E-14
  5.250E-04  2.09900E-11  1.63495E-07  4.70225E-09  6.58157E-13  1.89294E-14
  5.500E-04  2.30367E-11  1.63495E-07  4.70225E-09  6.89496E-13  1.98308E-14
  5.750E-04  2.51785E-11  1.63495E-07  4.70225E-09  7.20835E-13  2.07321E-14
  6.000E-04  2.74156E-11  1.63494E-07  4.70224E-09  7.52174E-13  2.16335E-14
  6.250E-04  2.97478E-11  1.63494E-07  4.70224E-09  7.83513E-13  2.25349E-14
  6.500E-04  3.21752E-11  1.63493E-07  4.70224E-09  8.14851E-13  2.34363E-14
  6.750E-04  3.46979E-11  1.63493E-07  4.70224E-09  8.46189E-13  2.43377E-14
  7.000E-04  3.73157E-11  1.63492E-07  4.70223E-09  8.77527E-13  2.52391E-14
  7.250E-04  4.00286E-11  1.63492E-07  4.70223E-09  9.08864E-13  2.61405E-14
  7.500E-04  4.28368E-11  1.63491E-07  4.70223E-09  9.40201E-13  2.70418E-14
  7.750E-04  4.57402E-11  1.63491E-07  4.70223E-09  9.71538E-13  2.79432E-14
  8.000E-04  4.87388E-11  1.63490E-07  4.70222E-09  1.00287E-12  2.88446E-14
  8.250E-04  5.18325E-11  1.63490E-07  4.70222E-09  1.03421E-12  2.97460E-14
  8.500E-04  5.50215E-11  1.63489E-07  4.70222E-09  1.06555E-12  3.06473E-14
  8.750E-04  5.83057E-11  1.63489E-07  4.70221E-09  1.09688E-12  3.15487E-14
  9.000E-04  6.16850E-11  1.63488E-07  4.70221E-09  1.12822E-12  3.24501E-14
  9.250E-04  6.51595E-11  1.63487E-07  4.70221E-09  1.15955E-12  3.33514E-14
  9.500E-04  6.87293E-11  1.63487E-07  4.70220E-09  1.19089E-12  3.42528E-14
  9.750E-04  7.23943E-11  1.63486E-07  4.70220E-09  1.22222E-12  3.51542E-14
  1.000E-03  7.61544E-11  1.63485E-07  4.70220E-09  1.25356E-12  3.60555E-14
  1.250E-03  1.18991E-10  1.63478E-07  4.70215E-09  1.56687E-12  4.50690E-14
  1.500E-03  1.71347E-10  1.63468E-07  4.70210E-09  1.88014E-12  5.40822E-14
  1.750E-03  2.33223E-10  1.63457E-07  4.70204E-09  2.19334E-12  6.30951E-14
  2.000E-03  3.04617E-10  1.63444E-07  4.70197E-09  2.50648E-12  7.21076E-14
  2.250E-03  3.85531E-10  1.63429E-07  4.70189E-09  2.81953E-12  8.11197E-14
  2.500E-03  4.75965E-10  1.63413E-07  4.70180E-09  3.13250E-12  9.01313E-14
  2.750E-03  5.75917E-10  1.63395E-07  4.70170E-09  3.44537E-12  9.91424E-14
  3.000E-03  6.85389E-10  1.63375E-07  4.70160E-09  3.75813E-12  1.08153E-13
  3.250E-03  8.04380E-10  1.63354E-07  4.70148E-09  4.07077E-12  1.17163E-13
  3.500E-03  9.32891E-10  1.63330E-07  4.70135E-09  4.38329E-12  1.26172E-13
  3.750E-03  1.07092E-09  1.63306E-07  4.70122E-09  4.69566E-12  1.35180E-13
  4.000E-03  1.21847E-09  1.63279E-07  4.70107E-09  5.00789E-12  1.44188E-13
  4.250E-03  1.37554E-09  1.63251E-07  4.70092E-09  5.31996E-12  1.53194E-13
  4.500E-03  1.54213E-09  1.63220E-07  4.70076E-09  5.63186E-12  1.62200E-13
  4.750E-03  1.71823E-09  1.63189E-07  4.70058E-09  5.94358E-12  1.71205E-13
  5.000E-03  1.90386E-09  1.63155E-07  4.70040E-09  6.25512E-12  1.80209E-13
  5.250E-03  2.09900E-09  1.63120E-07  4.70021E-09  6.56646E-12  1.89212E-13
  5.500E-03  2.30367E-09  1.63083E-07  4.70001E-09  6.87759E-12  1.98213E-13
  5.750E-03  2.51785E-09  1.63045E-07  4.69980E-09  7.18851E-12  2.07214E-13
  6.000E-03  2.74156E-09  1.63004E-07  4.69958E-09  7.49920E-12  2.16213E-13
  6.250E-03  2.97478E-09  1.62962E-07  4.69935E-09  7.80966E-12  2.25211E-13
  6.500E-03  3.21752E-09  1.62919E-07  4.69912E-09  8.11987E-12  2.34207E-13
  6.750E-03  3.46978E-09  1.62873E-07  4.69887E-09  8.42983E-12  2.43203E-13
  7.000E-03  3.73156E-09  1.62826E-07  4.69861E-09  8.73952E-12  2.52196E-13
  7.250E-03  4.00286E-09  1.62778E-07  4.69835E-09  9.04893E-12  2.61189E-13
  7.500E-03  4.28368E-09  1.62727E-07  4.69807E-09  9.35807E-12  2.70179E-13
  7.750E-03  4.57402E-09  1.62675E-07  4.69779E-09  9.66691E-12  2.79168E-13
  8.000E-03  4.87388E-09  1.62621E-07  4.69749E-09  9.97545E-12  2.88156E-13
  8.250E-03  5.18326E-09  1.62566E-07  4.69719E-09  1.02837E-11  2.97141E-13
  8.500E-03  5.50215E-09  1.62509E-07  4.69688E-09  1.05916E-11  3.06125E-13
  8.750E-03  5.83057E-09  1.62450E-07  4.69656E-09  1.08992E-11  3.15108E-13
  9.000E-03  6.16850E-09  1.62390E-07  4.69623E-09  1.12064E-11  3.24088E-13
  9.250E-03  6.51596E-09  1.62328E-07  4.69589E-09  1.15133E-11  3.33066E-13
  9.500E-03  6.87293E-09  1.62264E-07  4.69554E-09  1.18198E-11  3.42042E-13
  9.750E-03  7.23942E-09  1.62199E-07  4.69518E-09  1.21260E-11  3.51017E-13
  1.000E-02  7.61544E-09  1.62132E-07  4.69481E-09  1.24318E-11  3.59989E-13
  1.250E-02  1.18991E-08  1.61372E-07  4.69063E-09  1.54669E-11  4.49585E-13
  1.500E-02  1.71347E-08  1.60453E-07  4.68552E-09  1.84545E-11  5.38915E-13
  1.750E-02  2.33223E-08  1.59379E-07  4.67951E-09  2.13862E-11  6.27927E-13
  2.000E-02  3.04617E-08  1.58157E-07  4.67259E-09  2.42541E-11  7.16570E-13
  2.250E-02  3.85531E-08  1.56794E-07  4.66477E-09  2.70506E-11  8.04792E-13
  2.500E-02  4.75965E-08  1.55297E-07  4.65606E-09  2.97693E-11  8.92545E-13
  2.750E-02  5.75917E-08  1.53673E-07  4.64648E-09  3.24039E-11  9.79780E-13
  3.000E-02  6.85389E-08  1.51932E-07  4.63604E-09  3.49492E-11  1.06645E-12
  3.250E-02  8.04380E-08  1.50082E-07  4.62475E-09  3.74005E-11  1.15250E-12
  3.500E-02  9.32891E-08  1.48131E-07  4.61261E-09  3.97539E-11  1.23790E-12
  3.750E-02  1.07092E-07  1.46089E-07  4.59966E-09  4.20063E-11  1.32260E-12
  4.000E-02  1.21847E-07  1.43964E-07  4.58590E-09  4.41551E-11  1.40655E-12
  4.250E-02  1.37554E-07  1.41767E-07  4.57134E-09  4.61986E-11  1.48972E-12
  4.500E-02  1.54213E-07  1.39504E-07  4.55602E-09  4.81355E-11  1.57206E-12
  4.750E-02  1.71823E-07  1.37186E-07  4.53993E-09  4.99654E-11  1.65354E-12
  5.000E-02  1.90386E-07  1.34820E-07  4.52311E-09  5.16881E-11  1.73412E-12
  5.250E-02  2.09900E-07  1.32415E-07  4.50557E-09  5.33044E-11  1.81376E-12
  5.500E-02  2.30367E-07  1.29979E-07  4.48733E-09  5.48152E-11  1.89244E-12
  5.750E-02  2.51785E-07  1.27518E-07  4.46841E-09  5.62220E-11  1.97012E-12
  6.000E-02  2.74156E-07  1.25041E-07  4.44884E-09  5.75266E-11  2.04677E-12
  6.250E-02  2.97478E-07  1.22553E-07  4.42862E-09  5.87312E-11  2.12237E-12
  6.500E-02  3.21752E-07  1.20061E-07  4.40779E-09  5.98383E-11  2.19688E-12
  6.750E-02  3.46978E-07  1.17570E-07  4.38636E-09  6.08507E-11  2.27028E-12
  7.000E-02  3.73156E-07  1.15086E-07  4.36436E-09  6.17714E-11  2.34256E-12
  7.250E-02  4.00286E-07  1.12614E-07  4.34181E-09  6.26034E-11  2.41369E-12
  7.500E-02  4.28368E-07  1.10159E-07  4.31873E-09  6.33500E-11  2.48364E-12
  7.750E-02  4.57402E-07  1.07724E-07  4.29515E-09  6.40145E-11  2.55242E-12
  8.000E-02  4.87388E-07  1.05312E-07  4.27108E-09  6.46005E-11  2.61999E-12
  8.250E-02  5.18325E-07  1.02929E-07  4.24655E-09  6.51113E-11  2.68634E-12
  8.500E-02  5.50215E-07  1.00575E-07  4.22158E-09  6.55505E-11  2.75147E-12
  8.750E-02  5.83057E-07  9.82545E-08  4.19619E-09  6.59215E-11  2.81537E-12
  9.000E-02  6.16850E-07  9.59690E-08  4.17040E-09  6.62277E-11  2.87801E-12
  9.250E-02  6.51596E-07  9.37206E-08  4.14425E-09  6.64726E-11  2.93941E-12
  9.500E-02  6.87293E-07  9.15109E-08  4.11774E-09  6.66596E-11  2.99954E-12
  9.750E-02  7.23942E-07  8.93414E-08  4.09091E-09  6.67919E-11  3.05842E-12
  1.000E-01  7.61543E-07  8.72131E-08  4.06377E-09  6.68726E-11  3.11602E-12
  1.250E-01  1.18991E-06  6.83174E-08  3.77990E-09  6.54800E-11  3.62295E-12
  1.500E-01  1.71347E-06  5.36343E-08  3.48612E-09  6.16882E-11  4.00965E-12
  1.750E-01  2.33223E-06  4.25040E-08  3.19695E-09  5.70344E-11  4.28991E-12
  2.000E-01  3.04617E-06  3.41247E-08  2.92218E-09  5.23322E-11  4.48138E-12
  2.250E-01  3.85531E-06  2.77972E-08  2.66748E-09  4.79573E-11  4.60214E-12
  2.500E-01  4.75964E-06  2.29781E-08  2.43541E-09  4.40479E-11  4.66863E-12
  2.750E-01  5.75916E-06  1.92651E-08  2.22640E-09  4.06235E-11  4.69476E-12
  3.000E-01  6.85388E-06  1.63669E-08  2.03952E-09  3.76497E-11  4.69169E-12
  3.250E-01  8.04378E-06  1.40736E-08  1.87314E-09  3.50722E-11  4.66803E-12
  3.500E-01  9.32888E-06  1.22342E-08  1.72526E-09  3.28337E-11  4.63024E-12
  3.750E-01  1.07092E-05  1.07393E-08  1.59384E-09  3.08807E-11  4.58308E-12
  4.000E-01  1.21846E-05  9.50925E-09  1.47690E-09  2.91666E-11  4.52995E-12
  4.250E-01  1.37553E-05  8.48509E-09  1.37262E-09  2.76519E-11  4.47326E-12
  4.500E-01  1.54212E-05  7.62307E-09  1.27938E-09  2.63041E-11  4.41469E-12
  4.750E-01  1.71822E-05  6.89025E-09  1.19576E-09  2.50964E-11  4.35537E-12
  5.000E-01  1.90385E-05  6.26153E-09  1.12050E-09  2.40068E-11  4.29607E-12
  5.250E-01  2.09899E-05  5.71762E-09  1.05254E-09  2.30176E-11  4.23729E-12
  5.500E-01  2.30365E-05  5.24350E-09  9.90959E-10  2.21142E-11  4.17936E-12
  5.750E-01  2.51783E-05  4.82737E-09  9.34966E-10  2.12846E-11  4.12246E-12
  6.000E-01  2.74153E-05  4.45984E-09  8.83886E-10  2.05192E-11  4.06669E-12
  6.250E-01  2.97475E-05  4.13340E-09  8.37142E-10  1.98097E-11  4.01212E-12
  6.500E-01  3.21749E-05  3.84195E-09  7.94237E-10  1.91495E-11  3.95877E-12
  6.750E-01  3.46974E-05  3.58052E-09  7.54743E-10  1.85329E-11  3.90661E-12
  7.000E-01  3.73152E-05  3.34501E-09  7.18291E-10  1.79552E-11  3.85565E-12
  7.250E-01  4.00281E-05  3.13203E-09  6.84561E-10  1.74124E-11  3.80584E-12
  7.500E-01  4.28362E-05  2.93871E-09  6.53276E-10  1.69011E-11  3.75716E-12
  7.750E-01  4.57395E-05  2.76268E-09  6.24194E-10  1.64184E-11  3.70957E-12
  8.000E-01  4.87380E-05  2.60188E-09  5.97103E-10  1.59616E-11  3.66305E-12
  8.250E-01  5.18317E-05  2.45459E-09  5.71816E-10  1.55287E-11  3.61756E-12
  8.500E-01  5.50205E-05  2.31932E-09  5.48171E-10  1.51176E-11  3.57307E-12
  8.750E-01  5.83045E-05  2.19478E-09  5.26022E-10  1.47266E-11  3.52955E-12
  9.000E-01  6.16838E-05  2.07986E-09  5.05240E-10  1.43543E-11  3.48698E-12
  9.250E-01  6.51582E-05  1.97360E-09  4.85710E-10  1.39993E-11  3.44532E-12
  9.500E-01  6.87277E-05  1.87514E-09  4.67331E-10  1.36604E-11  3.40456E-12
  9.750E-01  7.23925E-05  1.78373E-09  4.50011E-10  1.33365E-11  3.36466E-12
  1.000E+00  7.61524E-05  1.69872E-09  4.33668E-10  1.30266E-11  3.32561E-12
  1.100E+00  9.21439E-05  1.41198E-09  3.76675E-10  1.19107E-11  3.17746E-12
  1.200E+00  1.09658E-04  1.19100E-09  3.30476E-10  1.09602E-11  3.04122E-12
  1.300E+00  1.28695E-04  1.01727E-09  2.92467E-10  1.01416E-11  2.91577E-12
  1.400E+00  1.49255E-04  8.78333E-10  2.60796E-10  9.43025E-12  2.80005E-12
  1.500E+00  1.71338E-04  7.65585E-10  2.34113E-10  8.80698E-12  2.69315E-12
  1.600E+00  1.94942E-04  6.72902E-10  2.11413E-10  8.25698E-12  2.59419E-12
  1.700E+00  2.20070E-04  5.95840E-10  1.91934E-10  7.76846E-12  2.50241E-12
  1.800E+00  2.46720E-04  5.31113E-10  1.75090E-10  7.33200E-12  2.41711E-12
  1.900E+00  2.74892E-04  4.76247E-10  1.60421E-10  6.93995E-12  2.33768E-12
  2.000E+00  3.04586E-04  4.29355E-10  1.47566E-10  6.58604E-12  2.26356E-12
  2.100E+00  3.35803E-04  3.88977E-10  1.36234E-10  6.26512E-12  2.19426E-12
  2.200E+00  3.68542E-04  3.53971E-10  1.26191E-10  5.97288E-12  2.12933E-12
  2.300E+00  4.02802E-04  3.23432E-10  1.17248E-10  5.70574E-12  2.06838E-12
  2.400E+00  4.38585E-04  2.96636E-10  1.09248E-10  5.46065E-12  2.01108E-12
  2.500E+00  4.75889E-04  2.73001E-10  1.02061E-10  5.23506E-12  1.95709E-12
  2.600E+00  5.14715E-04  2.52052E-10  9.55793E-11  5.02677E-12  1.90615E-12
  2.700E+00  5.55063E-04  2.33399E-10  8.97129E-11  4.83389E-12  1.85800E-12
  2.800E+00  5.96931E-04  2.16721E-10  8.43852E-11  4.65481E-12  1.81242E-12
  2.900E+00  6.40321E-04  2.01750E-10  7.95314E-11  4.48811E-12  1.76921E-12
  3.000E+00  6.85233E-04  1.88263E-10  7.50963E-11  4.33257E-12  1.72819E-12
  3.100E+00  7.31665E-04  1.76070E-10  7.10324E-11  4.18713E-12  1.68918E-12
  3.200E+00  7.79618E-04  1.65012E-10  6.72990E-11  4.05084E-12  1.65206E-12
  3.300E+00  8.29092E-04  1.54954E-10  6.38606E-11  3.92289E-12  1.61667E-12
  3.400E+00  8.80086E-04  1.45779E-10  6.06865E-11  3.80252E-12  1.58290E-12
  3.500E+00  9.32601E-04  1.37387E-10  5.77501E-11  3.68911E-12  1.55064E-12
  3.600E+00  9.86636E-04  1.29692E-10  5.50277E-11  3.58207E-12  1.51979E-12
  3.700E+00  1.04219E-03  1.22620E-10  5.24989E-11  3.48088E-12  1.49026E-12
  3.800E+00  1.09927E-03  1.16104E-10  5.01454E-11  3.38508E-12  1.46195E-12
  3.900E+00  1.15786E-03  1.10089E-10  4.79512E-11  3.29425E-12  1.43480E-12
  4.000E+00  1.21797E-03  1.04525E-10  4.59020E-11  3.20803E-12  1.40873E-12
  4.100E+00  1.27961E-03  9.93683E-11  4.39852E-11  3.12608E-12  1.38368E-12
  4.200E+00  1.34276E-03  9.45798E-11  4.21893E-11  3.04808E-12  1.35959E-12
  4.300E+00  1.40743E-03  9.01257E-11  4.05044E-11  2.97376E-12  1.33639E-12
  4.400E+00  1.47362E-03  8.59757E-11  3.89212E-11  2.90288E-12  1.31405E-12
  4.500E+00  1.54133E-03  8.21029E-11  3.74317E-11  2.83519E-12  1.29252E-12
  4.600E+00  1.61056E-03  7.84833E-11  3.60285E-11  2.77050E-12  1.27174E-12
  4.700E+00  1.68131E-03  7.50953E-11  3.47050E-11  2.70860E-12  1.25168E-12
  4.800E+00  1.75357E-03  7.19197E-11  3.34552E-11  2.64932E-12  1.23230E-12
  4.900E+00  1.82735E-03  6.89392E-11  3.22735E-11  2.59250E-12  1.21357E-12
  5.000E+00  1.90265E-03  6.61383E-11  3.11551E-11  2.53800E-12  1.19546E-12
  5.100E+00  1.97947E-03  6.35028E-11  3.00955E-11  2.48567E-12  1.17792E-12
  5.200E+00  2.05780E-03  6.10200E-11  2.90905E-11  2.43539E-12  1.16094E-12
  5.300E+00  2.13765E-03  5.86784E-11  2.81365E-11  2.38704E-12  1.14449E-12
  5.400E+00  2.21902E-03  5.64676E-11  2.72299E-11  2.34051E-12  1.12854E-12
  5.500E+00  2.30190E-03  5.43781E-11  2.63676E-11  2.29571E-12  1.11306E-12
  5.600E+00  2.38630E-03  5.24011E-11  2.55468E-11  2.25253E-12  1.09805E-12
  5.700E+00  2.47222E-03  5.05288E-11  2.47647E-11  2.21090E-12  1.08347E-12
  5.800E+00  2.55965E-03  4.87540E-11  2.40190E-11  2.17073E-12  1.06931E-12
  5.900E+00  2.64859E-03  4.70699E-11  2.33074E-11  2.13195E-12  1.05555E-12
  6.000E+00  2.73905E-03  4.54707E-11  2.26278E-11  2.09448E-12  1.04217E-12
  6.100E+00  2.83103E-03  4.39507E-11  2.19783E-11  2.05827E-12  1.02915E-12
  6.200E+00  2.92452E-03  4.25047E-11  2.13571E-11  2.02325E-12  1.01649E-12
  6.300E+00  3.01952E-03  4.11281E-11  2.07626E-11  1.98936E-12  1.00416E-12
  6.400E+00  3.11604E-03  3.98166E-11  2.01933E-11  1.95655E-12  9.92151E-13
  6.500E+00  3.21407E-03  3.85660E-11  1.96476E-11  1.92478E-12  9.80453E-13
  6.600E+00  3.31362E-03  3.73728E-11  1.91244E-11  1.89398E-12  9.69052E-13
  6.700E+00  3.41468E-03  3.62334E-11  1.86223E-11  1.86412E-12  9.57936E-13
  6.800E+00  3.51725E-03  3.51447E-11  1.81403E-11  1.83516E-12  9.47095E-13
  6.900E+00  3.62133E-03  3.41038E-11  1.76772E-11  1.80705E-12  9.36519E-13
  7.000E+00  3.72692E-03  3.31079E-11  1.72321E-11  1.77977E-12  9.26196E-13
  7.100E+00  3.83403E-03  3.21544E-11  1.68041E-11  1.75326E-12  9.16118E-13
  7.200E+00  3.94265E-03  3.12410E-11  1.63922E-11  1.72751E-12  9.06276E-13
  7.300E+00  4.05278E-03  3.03656E-11  1.59956E-11  1.70248E-12  8.96662E-13
  7.400E+00  4.16442E-03  2.95259E-11  1.56136E-11  1.67814E-12  8.87267E-13
  7.500E+00  4.27757E-03  2.87202E-11  1.52455E-11  1.65446E-12  8.78083E-13
  7.600E+00  4.39223E-03  2.79466E-11  1.48906E-11  1.63142E-12  8.69104E-13
  7.700E+00  4.50840E-03  2.72034E-11  1.45483E-11  1.60899E-12  8.60323E-13
  7.800E+00  4.62608E-03  2.64891E-11  1.42179E-11  1.58715E-12  8.51732E-13
  7.900E+00  4.74527E-03  2.58022E-11  1.38989E-11  1.56587E-12  8.43325E-13
  8.000E+00  4.86597E-03  2.51414E-11  1.35908E-11  1.54514E-12  8.35097E-13
  8.100E+00  4.98817E-03  2.45053E-11  1.32931E-11  1.52492E-12  8.27041E-13
  8.200E+00  5.11188E-03  2.38927E-11  1.30053E-11  1.50522E-12  8.19152E-13
  8.300E+00  5.23711E-03  2.33025E-11  1.27270E-11  1.48599E-12  8.11424E-13
  8.400E+00  5.36383E-03  2.27336E-11  1.24577E-11  1.46724E-12  8.03853E-13
  8.500E+00  5.49207E-03  2.21850E-11  1.21971E-11  1.44893E-12  7.96434E-13
  8.600E+00  5.62181E-03  2.16557E-11  1.19448E-11  1.43106E-12  7.89161E-13
  8.700E+00  5.75306E-03  2.11450E-11  1.17004E-11  1.41361E-12  7.82031E-13
  8.800E+00  5.88581E-03  2.06518E-11  1.14637E-11  1.39657E-12  7.75039E-13
  8.900E+00  6.02007E-03  2.01755E-11  1.12342E-11  1.37991E-12  7.68182E-13
  9.000E+00  6.15583E-03  1.97152E-11  1.10117E-11  1.36364E-12  7.61454E-13
  9.100E+00  6.29310E-03  1.92703E-11  1.07958E-11  1.34773E-12  7.54852E-13
  9.200E+00  6.43187E-03  1.88400E-11  1.05865E-11  1.33217E-12  7.48373E-13
  9.300E+00  6.57214E-03  1.84238E-11  1.03833E-11  1.31696E-12  7.42014E-13
  9.400E+00  6.71392E-03  1.80211E-11  1.01860E-11  1.30207E-12  7.35769E-13
  9.500E+00  6.85720E-03  1.76312E-11  9.99440E-12  1.28751E-12  7.29638E-13
  9.600E+00  7.00198E-03  1.72537E-11  9.80829E-12  1.27326E-12  7.23616E-13
  9.700E+00  7.14827E-03  1.68880E-11  9.62746E-12  1.25930E-12  7.17700E-13
  9.800E+00  7.29605E-03  1.65336E-11  9.45169E-12  1.24564E-12  7.11887E-13
  9.900E+00  7.44534E-03  1.61901E-11  9.28079E-12  1.23226E-12  7.06176E-13
  1.000E+01  7.59612E-03  1.58570E-11  9.11460E-12  1.21916E-12  7.00562E-13
  1.025E+01  7.97965E-03  1.50674E-11  8.71853E-12  1.18754E-12  6.86939E-13
  1.050E+01  8.37255E-03  1.43344E-11  8.34826E-12  1.15746E-12  6.73875E-13
  1.075E+01  8.77480E-03  1.36530E-11  8.00156E-12  1.12880E-12  6.61334E-13
  1.100E+01  9.18641E-03  1.30182E-11  7.67644E-12  1.10148E-12  6.49284E-13
  1.125E+01  9.60736E-03  1.24261E-11  7.37113E-12  1.07541E-12  6.37697E-13
  1.150E+01  1.00376E-02  1.18729E-11  7.08403E-12  1.05049E-12  6.26545E-13
  1.175E+01  1.04773E-02  1.13552E-11  6.81370E-12  1.02665E-12  6.15803E-13
  1.200E+01  1.09262E-02  1.08702E-11  6.55883E-12  1.00383E-12  6.05448E-13
  1.225E+01  1.13844E-02  1.04151E-11  6.31826E-12  9.81968E-13  5.95458E-13
  1.250E+01  1.18520E-02  9.98750E-12  6.09093E-12  9.60996E-13  5.85815E-13
  1.275E+01  1.23288E-02  9.58530E-12  5.87586E-12  9.40865E-13  5.76499E-13
  1.300E+01  1.28150E-02  9.20652E-12  5.67218E-12  9.21526E-13  5.67494E-13
  1.325E+01  1.33104E-02  8.84938E-12  5.47908E-12  9.02933E-13  5.58784E-13
  1.350E+01  1.38150E-02  8.51227E-12  5.29584E-12  8.85045E-13  5.50353E-13
  1.375E+01  1.43290E-02  8.19373E-12  5.12178E-12  8.67822E-13  5.42189E-13
  1.400E+01  1.48521E-02  7.89243E-12  4.95630E-12  8.51228E-13  5.34278E-13
  1.425E+01  1.53845E-02  7.60715E-12  4.79884E-12  8.35230E-13  5.26608E-13
  1.450E+01  1.59262E-02  7.33678E-12  4.64887E-12  8.19796E-13  5.19168E-13
  1.475E+01  1.64770E-02  7.08031E-12  4.50592E-12  8.04897E-13  5.11947E-13
  1.500E+01  1.70371E-02  6.83681E-12  4.36956E-12  7.90506E-13  5.04936E-13
  1.525E+01  1.76063E-02  6.60542E-12  4.23938E-12  7.76597E-13  4.98124E-13
  1.550E+01  1.81848E-02  6.38535E-12  4.11501E-12  7.63148E-13  4.91504E-13
  1.575E+01  1.87724E-02  6.17589E-12  3.99610E-12  7.50135E-13  4.85067E-13
  1.600E+01  1.93692E-02  5.97636E-12  3.88233E-12  7.37537E-13  4.78805E-13
  1.625E+01  1.99751E-02  5.78615E-12  3.77341E-12  7.25336E-13  4.72711E-13
  1.650E+01  2.05901E-02  5.60470E-12  3.66906E-12  7.13514E-13  4.66778E-13
  1.675E+01  2.12143E-02  5.43147E-12  3.56903E-12  7.02051E-13  4.60999E-13
  1.700E+01  2.18476E-02  5.26598E-12  3.47308E-12  6.90934E-13  4.55368E-13
  1.725E+01  2.24900E-02  5.10778E-12  3.38098E-12  6.80146E-13  4.49879E-13
  1.750E+01  2.31415E-02  4.95645E-12  3.29254E-12  6.69673E-13  4.44528E-13
  1.775E+01  2.38021E-02  4.81159E-12  3.20755E-12  6.59502E-13  4.39307E-13
  1.800E+01  2.44717E-02  4.67285E-12  3.12583E-12  6.49619E-13  4.34213E-13
  1.825E+01  2.51504E-02  4.53989E-12  3.04723E-12  6.40013E-13  4.29241E-13
  1.850E+01  2.58382E-02  4.41240E-12  2.97157E-12  6.30672E-13  4.24386E-13
  1.875E+01  2.65349E-02  4.29008E-12  2.89872E-12  6.21586E-13  4.19644E-13
  1.900E+01  2.72407E-02  4.17265E-12  2.82853E-12  6.12744E-13  4.15011E-13
  1.925E+01  2.79555E-02  4.05987E-12  2.76088E-12  6.04137E-13  4.10482E-13
  1.950E+01  2.86793E-02  3.95148E-12  2.69564E-12  5.95755E-13  4.06056E-13
  1.975E+01  2.94120E-02  3.84727E-12  2.63270E-12  5.87590E-13  4.01726E-13
  2.000E+01  3.01537E-02  3.74702E-12  2.57194E-12  5.79633E-13  3.97492E-13
  2.025E+01  3.09043E-02  3.65054E-12  2.51327E-12  5.71877E-13  3.93348E-13
  2.050E+01  3.16639E-02  3.55764E-12  2.45660E-12  5.64314E-13  3.89293E-13
  2.075E+01  3.24324E-02  3.46816E-12  2.40182E-12  5.56937E-13  3.85323E-13
  2.100E+01  3.32098E-02  3.38191E-12  2.34886E-12  5.49739E-13  3.81435E-13
  2.125E+01  3.39961E-02  3.29876E-12  2.29764E-12  5.42714E-13  3.77627E-13
  2.150E+01  3.47912E-02  3.21855E-12  2.24807E-12  5.35856E-13  3.73896E-13
  2.175E+01  3.55952E-02  3.14115E-12  2.20010E-12  5.29159E-13  3.70240E-13
  2.200E+01  3.64081E-02  3.06643E-12  2.15364E-12  5.22617E-13  3.66657E-13
  2.225E+01  3.72297E-02  2.99427E-12  2.10864E-12  5.16224E-13  3.63144E-13
  2.250E+01  3.80602E-02  2.92455E-12  2.06504E-12  5.09977E-13  3.59699E-13
  2.275E+01  3.88995E-02  2.85717E-12  2.02277E-12  5.03870E-13  3.56320E-13
  2.300E+01  3.97476E-02  2.79202E-12  1.98178E-12  4.97898E-13  3.53005E-13
  2.325E+01  4.06044E-02  2.72901E-12  1.94202E-12  4.92057E-13  3.49752E-13
  2.350E+01  4.14700E-02  2.66804E-12  1.90344E-12  4.86342E-13  3.46559E-13
  2.375E+01  4.23443E-02  2.60902E-12  1.86600E-12  4.80750E-13  3.43425E-13
  2.400E+01  4.32273E-02  2.55188E-12  1.82965E-12  4.75277E-13  3.40348E-13
  2.425E+01  4.41190E-02  2.49654E-12  1.79434E-12  4.69918E-13  3.37326E-13
  2.450E+01  4.50194E-02  2.44292E-12  1.76004E-12  4.64671E-13  3.34358E-13
  2.475E+01  4.59284E-02  2.39095E-12  1.72670E-12  4.59532E-13  3.31442E-13
  2.500E+01  4.68461E-02  2.34057E-12  1.69430E-12  4.54498E-13  3.28576E-13
  2.550E+01  4.87074E-02  2.24432E-12  1.63216E-12  4.44730E-13  3.22993E-13
  2.600E+01  5.06030E-02  2.15368E-12  1.57334E-12  4.35344E-13  3.17596E-13
  2.650E+01  5.25328E-02  2.06824E-12  1.51761E-12  4.26319E-13  3.12377E-13
  2.700E+01  5.44967E-02  1.98760E-12  1.46476E-12  4.17633E-13  3.07325E-13
  2.750E+01  5.64946E-02  1.91142E-12  1.41459E-12  4.09268E-13  3.02434E-13
  2.800E+01  5.85262E-02  1.83937E-12  1.36692E-12  4.01206E-13  2.97694E-13
  2.850E+01  6.05914E-02  1.77116E-12  1.32158E-12  3.93431E-13  2.93099E-13
  2.900E+01  6.26901E-02  1.70654E-12  1.27842E-12  3.85928E-13  2.88642E-13
  2.950E+01  6.48222E-02  1.64524E-12  1.23731E-12  3.78682E-13  2.84315E-13
  3.000E+01  6.69873E-02  1.58705E-12  1.19811E-12  3.71682E-13  2.80113E-13
  3.050E+01  6.91854E-02  1.53177E-12  1.16071E-12  3.64913E-13  2.76031E-13
  3.100E+01  7.14163E-02  1.47920E-12  1.12499E-12  3.58366E-13  2.72063E-13
  3.150E+01  7.36799E-02  1.42916E-12  1.09086E-12  3.52029E-13  2.68204E-13
  3.200E+01  7.59760E-02  1.38151E-12  1.05822E-12  3.45892E-13  2.64449E-13
  3.250E+01  7.83043E-02  1.33610E-12  1.02698E-12  3.39946E-13  2.60793E-13
  3.300E+01  8.06647E-02  1.29278E-12  9.97071E-13  3.34181E-13  2.57233E-13
  3.350E+01  8.30571E-02  1.25143E-12  9.68410E-13  3.28590E-13  2.53765E-13
  3.400E+01  8.54812E-02  1.21193E-12  9.40929E-13  3.23165E-13  2.50385E-13
  3.450E+01  8.79369E-02  1.17418E-12  9.14563E-13  3.17898E-13  2.47089E-13
  3.500E+01  9.04240E-02  1.13807E-12  8.89253E-13  3.12783E-13  2.43874E-13
  3.550E+01  9.29422E-02  1.10351E-12  8.64942E-13  3.07813E-13  2.40736E-13
  3.600E+01  9.54915E-02  1.07042E-12  8.41578E-13  3.02981E-13  2.37673E-13
  3.650E+01  9.80716E-02  1.03871E-12  8.19111E-13  2.98283E-13  2.34683E-13
  3.700E+01  1.00682E-01  1.00831E-12  7.97496E-13  2.93711E-13  2.31761E-13
  3.750E+01  1.03323E-01  9.79140E-13  7.76690E-13  2.89262E-13  2.28906E-13
  3.800E+01  1.05995E-01  9.51146E-13  7.56651E-13  2.84931E-13  2.26115E-13
  3.850E+01  1.08696E-01  9.24261E-13  7.37343E-13  2.80712E-13  2.23386E-13
  3.900E+01  1.11427E-01  8.98429E-13  7.18731E-13  2.76601E-13  2.20717E-13
  3.950E+01  1.14188E-01  8.73597E-13  7.00780E-13  2.72595E-13  2.18105E-13
  4.000E+01  1.16978E-01  8.49714E-13  6.83459E-13  2.68688E-13  2.15549E-13
  4.050E+01  1.19797E-01  8.26731E-13  6.66740E-13  2.64878E-13  2.13046E-13
  4.100E+01  1.22645E-01  8.04604E-13  6.50593E-13  2.61160E-13  2.10595E-13
  4.150E+01  1.25522E-01  7.83291E-13  6.34993E-13  2.57531E-13  2.08194E-13
  4.200E+01  1.28428E-01  7.62754E-13  6.19916E-13  2.53989E-13  2.05842E-13
  4.250E+01  1.31361E-01  7.42956E-13  6.05337E-13  2.50529E-13  2.03536E-13
  4.300E+01  1.34323E-01  7.23863E-13  5.91236E-13  2.47149E-13  2.01275E-13
  4.350E+01  1.37313E-01  7.05442E-13  5.77591E-13  2.43847E-13  1.99058E-13
  4.400E+01  1.40330E-01  6.87660E-13  5.64382E-13  2.40619E-13  1.96884E-13
  4.450E+01  1.43375E-01  6.70490E-13  5.51591E-13  2.37462E-13  1.94751E-13
  4.500E+01  1.46447E-01  6.53903E-13  5.39200E-13  2.34375E-13  1.92657E-13
  4.550E+01  1.49545E-01  6.37874E-13  5.27193E-13  2.31355E-13  1.90602E-13
  4.600E+01  1.52671E-01  6.22379E-13  5.15554E-13  2.28400E-13  1.88584E-13
  4.650E+01  1.55823E-01  6.07395E-13  5.04267E-13  2.25508E-13  1.86603E-13
  4.700E+01  1.59001E-01  5.92899E-13  4.93319E-13  2.22676E-13  1.84657E-13
  4.750E+01  1.62205E-01  5.78871E-13  4.82697E-13  2.19903E-13  1.82744E-13
  4.800E+01  1.65435E-01  5.65289E-13  4.72386E-13  2.17187E-13  1.80865E-13
  4.850E+01  1.68690E-01  5.52137E-13  4.62375E-13  2.14526E-13  1.79019E-13
  4.900E+01  1.71970E-01  5.39396E-13  4.52652E-13  2.11918E-13  1.77203E-13
  4.950E+01  1.75276E-01  5.27050E-13  4.43207E-13  2.09361E-13  1.75418E-13
  5.000E+01  1.78606E-01  5.15083E-13  4.34028E-13  2.06855E-13  1.73662E-13
  5.050E+01  1.81961E-01  5.03480E-13  4.25107E-13  2.04397E-13  1.71935E-13
  5.100E+01  1.85340E-01  4.92226E-13  4.16432E-13  2.01986E-13  1.70236E-13
  5.150E+01  1.88743E-01  4.81307E-13  4.07995E-13  1.99621E-13  1.68564E-13
  5.200E+01  1.92169E-01  4.70709E-13  3.99788E-13  1.97301E-13  1.66918E-13
  5.250E+01  1.95619E-01  4.60422E-13  3.91801E-13  1.95023E-13  1.65298E-13
  5.300E+01  1.99092E-01  4.50433E-13  3.84028E-13  1.92787E-13  1.63703E-13
  5.350E+01  2.02589E-01  4.40731E-13  3.76461E-13  1.90591E-13  1.62133E-13
  5.400E+01  2.06107E-01  4.31305E-13  3.69092E-13  1.88435E-13  1.60586E-13
  5.450E+01  2.09649E-01  4.22145E-13  3.61914E-13  1.86317E-13  1.59062E-13
  5.500E+01  2.13212E-01  4.13241E-13  3.54921E-13  1.84237E-13  1.57561E-13
  5.550E+01  2.16797E-01  4.04583E-13  3.48107E-13  1.82192E-13  1.56082E-13
  5.600E+01  2.20404E-01  3.96162E-13  3.41464E-13  1.80183E-13  1.54624E-13
  5.650E+01  2.24032E-01  3.87971E-13  3.34989E-13  1.78208E-13  1.53187E-13
  5.700E+01  2.27680E-01  3.80002E-13  3.28675E-13  1.76266E-13  1.51770E-13
  5.750E+01  2.31350E-01  3.72246E-13  3.22516E-13  1.74357E-13  1.50373E-13
  5.800E+01  2.35040E-01  3.64697E-13  3.16509E-13  1.72479E-13  1.48995E-13
  5.850E+01  2.38751E-01  3.57345E-13  3.10647E-13  1.70632E-13  1.47636E-13
  5.900E+01  2.42481E-01  3.50185E-13  3.04926E-13  1.68815E-13  1.46296E-13
  5.950E+01  2.46231E-01  3.43211E-13  2.99342E-13  1.67027E-13  1.44974E-13
  6.000E+01  2.50000E-01  3.36415E-13  2.93889E-13  1.65268E-13  1.43669E-13
  6.050E+01  2.53788E-01  3.29794E-13  2.88566E-13  1.63536E-13  1.42381E-13
  6.100E+01  2.57595E-01  3.23340E-13  2.83366E-13  1.61831E-13  1.41111E-13
  6.150E+01  2.61421E-01  3.17048E-13  2.78287E-13  1.60153E-13  1.39856E-13
  6.200E+01  2.65264E-01  3.10912E-13  2.73324E-13  1.58500E-13  1.38618E-13
  6.250E+01  2.69126E-01  3.04928E-13  2.68474E-13  1.56872E-13  1.37395E-13
  6.300E+01  2.73005E-01  2.99090E-13  2.63734E-13  1.55268E-13  1.36187E-13
  6.350E+01  2.76901E-01  2.93394E-13  2.59100E-13  1.53688E-13  1.34995E-13
  6.400E+01  2.80814E-01  2.87836E-13  2.54570E-13  1.52132E-13  1.33816E-13
  6.450E+01  2.84744E-01  2.82412E-13  2.50140E-13  1.50598E-13  1.32653E-13
  6.500E+01  2.88691E-01  2.77117E-13  2.45807E-13  1.49086E-13  1.31503E-13
  6.550E+01  2.92653E-01  2.71947E-13  2.41568E-13  1.47596E-13  1.30367E-13
  6.600E+01  2.96632E-01  2.66898E-13  2.37422E-13  1.46127E-13  1.29244E-13
  6.650E+01  3.00625E-01  2.61966E-13  2.33364E-13  1.44678E-13  1.28134E-13
  6.700E+01  3.04634E-01  2.57148E-13  2.29393E-13  1.43250E-13  1.27037E-13
  6.750E+01  3.08658E-01  2.52441E-13  2.25506E-13  1.41841E-13  1.25953E-13
  6.800E+01  3.12697E-01  2.47841E-13  2.21701E-13  1.40452E-13  1.24881E-13
  6.850E+01  3.16749E-01  2.43347E-13  2.17976E-13  1.39081E-13  1.23821E-13
  6.900E+01  3.20816E-01  2.38953E-13  2.14328E-13  1.37729E-13  1.22773E-13
  6.950E+01  3.24896E-01  2.34656E-13  2.10755E-13  1.36395E-13  1.21736E-13
  7.000E+01  3.28990E-01  2.30455E-13  2.07255E-13  1.35078E-13  1.20710E-13
  7.050E+01  3.33097E-01  2.26346E-13  2.03827E-13  1.33778E-13  1.19696E-13
  7.100E+01  3.37216E-01  2.22328E-13  2.00468E-13  1.32495E-13  1.18692E-13
  7.150E+01  3.41348E-01  2.18398E-13  1.97177E-13  1.31229E-13  1.17699E-13
  7.200E+01  3.45492E-01  2.14554E-13  1.93951E-13  1.29979E-13  1.16717E-13
  7.250E+01  3.49647E-01  2.10790E-13  1.90790E-13  1.28744E-13  1.15744E-13
  7.300E+01  3.53814E-01  2.07105E-13  1.87690E-13  1.27525E-13  1.14782E-13
  7.350E+01  3.57992E-01  2.03500E-13  1.84652E-13  1.26321E-13  1.13829E-13
  7.400E+01  3.62181E-01  1.99972E-13  1.81672E-13  1.25131E-13  1.12886E-13
  7.450E+01  3.66381E-01  1.96518E-13  1.78751E-13  1.23957E-13  1.11953E-13
  7.500E+01  3.70590E-01  1.93135E-13  1.75886E-13  1.22796E-13  1.11029E-13
  7.550E+01  3.74810E-01  1.89822E-13  1.73075E-13  1.21649E-13  1.10113E-13
  7.600E+01  3.79039E-01  1.86577E-13  1.70318E-13  1.20515E-13  1.09207E-13
  7.650E+01  3.83277E-01  1.83398E-13  1.67613E-13  1.19395E-13  1.08309E-13
  7.700E+01  3.87524E-01  1.80284E-13  1.64959E-13  1.18288E-13  1.07420E-13
  7.750E+01  3.91780E-01  1.77234E-13  1.62355E-13  1.17194E-13  1.06540E-13
  7.800E+01  3.96044E-01  1.74245E-13  1.59799E-13  1.16112E-13  1.05667E-13
  7.850E+01  4.00316E-01  1.71315E-13  1.57291E-13  1.15043E-13  1.04803E-13
  7.900E+01  4.04596E-01  1.68444E-13  1.54828E-13  1.13985E-13  1.03947E-13
  7.950E+01  4.08882E-01  1.65629E-13  1.52411E-13  1.12939E-13  1.03098E-13
  8.000E+01  4.13176E-01  1.62869E-13  1.50038E-13  1.11905E-13  1.02258E-13
  8.050E+01  4.17476E-01  1.60163E-13  1.47707E-13  1.10882E-13  1.01424E-13
  8.100E+01  4.21783E-01  1.57510E-13  1.45419E-13  1.09870E-13  1.00598E-13
  8.150E+01  4.26095E-01  1.54909E-13  1.43171E-13  1.08869E-13  9.97796E-14
  8.200E+01  4.30413E-01  1.52357E-13  1.40964E-13  1.07879E-13  9.89681E-14
  8.250E+01  4.34737E-01  1.49854E-13  1.38795E-13  1.06899E-13  9.81635E-14
  8.300E+01  4.39065E-01  1.47399E-13  1.36665E-13  1.05930E-13  9.73659E-14
  8.350E+01  4.43398E-01  1.44990E-13  1.34573E-13  1.04970E-13  9.65750E-14
  8.400E+01  4.47736E-01  1.42627E-13  1.32517E-13  1.04021E-13  9.57907E-14
  8.450E+01  4.52077E-01  1.40308E-13  1.30496E-13  1.03081E-13  9.50130E-14
  8.500E+01  4.56422E-01  1.38032E-13  1.28511E-13  1.02150E-13  9.42417E-14
  8.550E+01  4.60770E-01  1.35798E-13  1.26560E-13  1.01229E-13  9.34767E-14
  8.600E+01  4.65122E-01  1.33606E-13  1.24642E-13  1.00317E-13  9.27178E-14
  8.650E+01  4.69476E-01  1.31454E-13  1.22757E-13  9.94147E-14  9.19651E-14
  8.700E+01  4.73832E-01  1.29341E-13  1.20903E-13  9.85207E-14  9.12184E-14
  8.750E+01  4.78190E-01  1.27267E-13  1.19082E-13  9.76354E-14  9.04775E-14
  8.800E+01  4.82550E-01  1.25230E-13  1.17290E-13  9.67586E-14  8.97424E-14
  8.850E+01  4.86912E-01  1.23230E-13  1.15529E-13  9.58902E-14  8.90130E-14
  8.900E+01  4.91274E-01  1.21266E-13  1.13798E-13  9.50300E-14  8.82893E-14
  8.950E+01  4.95637E-01  1.19337E-13  1.12095E-13  9.41779E-14  8.75710E-14
  9.000E+01  5.00000E-01  1.17443E-13  1.10420E-13  9.33337E-14  8.68581E-14
  9.050E+01  5.04363E-01  1.15581E-13  1.08772E-13  9.24973E-14  8.61505E-14
  9.100E+01  5.08726E-01  1.13753E-13  1.07152E-13  9.16686E-14  8.54482E-14
  9.150E+01  5.13088E-01  1.11957E-13  1.05558E-13  9.08474E-14  8.47511E-14
  9.200E+01  5.17450E-01  1.10192E-13  1.03990E-13  9.00336E-14  8.40590E-14
  9.250E+01  5.21810E-01  1.08458E-13  1.02448E-13  8.92270E-14  8.33719E-14
  9.300E+01  5.26168E-01  1.06754E-13  1.00931E-13  8.84276E-14  8.26897E-14
  9.350E+01  5.30524E-01  1.05080E-13  9.94373E-14  8.76352E-14  8.20123E-14
  9.400E+01  5.34878E-01  1.03434E-13  9.79681E-14  8.68497E-14  8.13396E-14
  9.450E+01  5.39230E-01  1.01816E-13  9.65223E-14  8.60710E-14  8.06717E-14
  9.500E+01  5.43578E-01  1.00226E-13  9.50995E-14  8.52989E-14  8.00083E-14
  9.550E+01  5.47923E-01  9.86635E-14  9.36992E-14  8.45334E-14  7.93495E-14
  9.600E+01  5.52264E-01  9.71272E-14  9.23211E-14  8.37743E-14  7.86951E-14
  9.650E+01  5.56602E-01  9.56168E-14  9.09646E-14  8.30216E-14  7.80451E-14
  9.700E+01  5.60935E-01  9.41317E-14  8.96294E-14  8.22750E-14  7.73994E-14
  9.750E+01  5.65263E-01  9.26715E-14  8.83151E-14  8.15346E-14  7.67580E-14
  9.800E+01  5.69587E-01  9.12356E-14  8.70213E-14  8.08003E-14  7.61208E-14
  9.850E+01  5.73905E-01  8.98236E-14  8.57475E-14  8.00718E-14  7.54876E-14
  9.900E+01  5.78217E-01  8.84351E-14  8.44934E-14  7.93491E-14  7.48586E-14
  9.950E+01  5.82524E-01  8.70695E-14  8.32588E-14  7.86322E-14  7.42335E-14
  1.000E+02  5.86824E-01  8.57265E-14  8.20431E-14  7.79209E-14  7.36123E-14
  1.005E+02  5.91118E-01  8.44055E-14  8.08461E-14  7.72152E-14  7.29951E-14
  1.010E+02  5.95404E-01  8.31061E-14  7.96673E-14  7.65149E-14  7.23816E-14
  1.015E+02  5.99684E-01  8.18278E-14  7.85066E-14  7.58200E-14  7.17719E-14
  1.020E+02  6.03956E-01  8.05703E-14  7.73635E-14  7.51303E-14  7.11659E-14
  1.025E+02  6.08220E-01  7.93332E-14  7.62377E-14  7.44458E-14  7.05635E-14
  1.030E+02  6.12476E-01  7.81162E-14  7.51290E-14  7.37665E-14  6.99647E-14
  1.035E+02  6.16723E-01  7.69188E-14  7.40371E-14  7.30921E-14  6.93694E-14
  1.040E+02  6.20961E-01  7.57407E-14  7.29615E-14  7.24227E-14  6.87777E-14
  1.045E+02  6.25190E-01  7.45814E-14  7.19021E-14  7.17582E-14  6.81893E-14
  1.050E+02  6.29410E-01  7.34406E-14  7.08586E-14  7.10985E-14  6.76043E-14
  1.055E+02  6.33619E-01  7.23179E-14  6.98307E-14  7.04434E-14  6.70227E-14
  1.060E+02  6.37819E-01  7.12132E-14  6.88181E-14  6.97930E-14  6.64443E-14
  1.065E+02  6.42008E-01  7.01260E-14  6.78206E-14  6.91472E-14  6.58692E-14
  1.070E+02  6.46186E-01  6.90561E-14  6.68379E-14  6.85059E-14  6.52972E-14
  1.075E+02  6.50353E-01  6.80031E-14  6.58698E-14  6.78690E-14  6.47283E-14
  1.080E+02  6.54508E-01  6.69666E-14  6.49161E-14  6.72364E-14  6.41626E-14
  1.085E+02  6.58652E-01  6.59464E-14  6.39763E-14  6.66081E-14  6.35999E-14
  1.090E+02  6.62784E-01  6.49421E-14  6.30505E-14  6.59841E-14  6.30402E-14
  1.095E+02  6.66903E-01  6.39536E-14  6.21383E-14  6.53642E-14  6.24834E-14
  1.100E+02  6.71010E-01  6.29806E-14  6.12395E-14  6.47483E-14  6.19295E-14
  1.105E+02  6.75104E-01  6.20228E-14  6.03539E-14  6.41365E-14  6.13785E-14
  1.110E+02  6.79184E-01  6.10800E-14  5.94812E-14  6.35287E-14  6.08304E-14
  1.115E+02  6.83251E-01  6.01517E-14  5.86214E-14  6.29248E-14  6.02850E-14
  1.120E+02  6.87303E-01  5.92378E-14  5.77741E-14  6.23247E-14  5.97423E-14
  1.125E+02  6.91342E-01  5.83380E-14  5.69391E-14  6.17284E-14  5.92024E-14
  1.130E+02  6.95366E-01  5.74522E-14  5.61163E-14  6.11358E-14  5.86651E-14
  1.135E+02  6.99375E-01  5.65800E-14  5.53056E-14  6.05469E-14  5.81305E-14
  1.140E+02  7.03368E-01  5.57214E-14  5.45066E-14  5.99616E-14  5.75984E-14
  1.145E+02  7.07347E-01  5.48760E-14  5.37192E-14  5.93798E-14  5.70689E-14
  1.150E+02  7.11309E-01  5.40436E-14  5.29433E-14  5.88016E-14  5.65419E-14
  1.155E+02  7.15256E-01  5.32240E-14  5.21787E-14  5.82268E-14  5.60173E-14
  1.160E+02  7.19186E-01  5.24169E-14  5.14251E-14  5.76554E-14  5.54952E-14
  1.165E+02  7.23099E-01  5.16221E-14  5.06825E-14  5.70873E-14  5.49755E-14
  1.170E+02  7.26995E-01  5.08396E-14  4.99506E-14  5.65225E-14  5.44582E-14
  1.175E+02  7.30874E-01  5.00691E-14  4.92294E-14  5.59610E-14  5.39432E-14
  1.180E+02  7.34736E-01  4.93104E-14  4.85186E-14  5.54027E-14  5.34306E-14
  1.185E+02  7.38579E-01  4.85634E-14  4.78181E-14  5.48475E-14  5.29201E-14
  1.190E+02  7.42405E-01  4.78277E-14  4.71277E-14  5.42954E-14  5.24120E-14
  1.195E+02  7.46212E-01  4.71031E-14  4.64474E-14  5.37463E-14  5.19060E-14
  1.200E+02  7.50000E-01  4.63897E-14  4.57769E-14  5.32003E-14  5.14022E-14
  1.205E+02  7.53769E-01  4.56872E-14  4.51161E-14  5.26572E-14  5.09005E-14
  1.210E+02  7.57519E-01  4.49954E-14  4.44649E-14  5.21170E-14  5.04009E-14
  1.215E+02  7.61249E-01  4.43143E-14  4.38232E-14  5.15797E-14  4.99035E-14
  1.220E+02  7.64960E-01  4.36435E-14  4.31907E-14  5.10453E-14  4.94080E-14
  1.225E+02  7.68650E-01  4.29830E-14  4.25675E-14  5.05136E-14  4.89146E-14
  1.230E+02  7.72320E-01  4.23325E-14  4.19533E-14  4.99846E-14  4.84232E-14
  1.235E+02  7.75968E-01  4.16919E-14  4.13481E-14  4.94584E-14  4.79337E-14
  1.240E+02  7.79596E-01  4.10612E-14  4.07516E-14  4.89348E-14  4.74462E-14
  1.245E+02  7.83203E-01  4.04401E-14  4.01639E-14  4.84138E-14  4.69606E-14
  1.250E+02  7.86788E-01  3.98287E-14  3.95848E-14  4.78954E-14  4.64768E-14
  1.255E+02  7.90351E-01  3.92266E-14  3.90141E-14  4.73795E-14  4.59949E-14
  1.260E+02  7.93893E-01  3.86336E-14  3.84518E-14  4.68662E-14  4.55148E-14
  1.265E+02  7.97411E-01  3.80498E-14  3.78977E-14  4.63553E-14  4.50365E-14
  1.270E+02  8.00908E-01  3.74749E-14  3.73518E-14  4.58468E-14  4.45600E-14
  1.275E+02  8.04381E-01  3.69089E-14  3.68139E-14  4.53407E-14  4.40853E-14
  1.280E+02  8.07831E-01  3.63516E-14  3.62839E-14  4.48370E-14  4.36122E-14
  1.285E+02  8.11257E-01  3.58030E-14  3.57618E-14  4.43355E-14  4.31408E-14
  1.290E+02  8.14660E-01  3.52630E-14  3.52474E-14  4.38364E-14  4.26711E-14
  1.295E+02  8.18039E-01  3.47312E-14  3.47407E-14  4.33395E-14  4.22031E-14
  1.300E+02  8.21394E-01  3.42077E-14  3.42415E-14  4.28448E-14  4.17366E-14
  1.305E+02  8.24724E-01  3.36923E-14  3.37497E-14  4.23523E-14  4.12718E-14
  1.310E+02  8.28030E-01  3.31849E-14  3.32653E-14  4.18619E-14  4.08085E-14
  1.315E+02  8.31310E-01  3.26855E-14  3.27882E-14  4.13736E-14  4.03468E-14
  1.320E+02  8.34565E-01  3.21940E-14  3.23183E-14  4.08874E-14  3.98866E-14
  1.325E+02  8.37795E-01  3.17103E-14  3.18555E-14  4.04033E-14  3.94279E-14
  1.330E+02  8.40999E-01  3.12341E-14  3.13997E-14  3.99211E-14  3.89707E-14
  1.335E+02  8.44177E-01  3.07655E-14  3.09508E-14  3.94410E-14  3.85149E-14
  1.340E+02  8.47329E-01  3.03042E-14  3.05088E-14  3.89628E-14  3.80606E-14
  1.345E+02  8.50455E-01  2.98502E-14  3.00735E-14  3.84865E-14  3.76076E-14
  1.350E+02  8.53553E-01  2.94036E-14  2.96450E-14  3.80121E-14  3.71561E-14
  1.355E+02  8.56625E-01  2.89642E-14  2.92231E-14  3.75395E-14  3.67059E-14
  1.360E+02  8.59670E-01  2.85319E-14  2.88077E-14  3.70688E-14  3.62571E-14
  1.365E+02  8.62687E-01  2.81065E-14  2.83988E-14  3.65999E-14  3.58096E-14
  1.370E+02  8.65677E-01  2.76881E-14  2.79964E-14  3.61327E-14  3.53634E-14
  1.375E+02  8.68639E-01  2.72763E-14  2.76002E-14  3.56673E-14  3.49185E-14
  1.380E+02  8.71572E-01  2.68713E-14  2.72103E-14  3.52036E-14  3.44749E-14
  1.385E+02  8.74478E-01  2.64730E-14  2.68267E-14  3.47416E-14  3.40325E-14
  1.390E+02  8.77355E-01  2.60814E-14  2.64492E-14  3.42812E-14  3.35913E-14
  1.395E+02  8.80203E-01  2.56963E-14  2.60777E-14  3.38225E-14  3.31514E-14
  1.400E+02  8.83022E-01  2.53176E-14  2.57123E-14  3.33653E-14  3.27126E-14
  1.405E+02  8.85812E-01  2.49453E-14  2.53529E-14  3.29098E-14  3.22750E-14
  1.410E+02  8.88573E-01  2.45791E-14  2.49993E-14  3.24558E-14  3.18385E-14
  1.415E+02  8.91304E-01  2.42192E-14  2.46515E-14  3.20033E-14  3.14032E-14
  1.420E+02  8.94005E-01  2.38654E-14  2.43095E-14  3.15523E-14  3.09690E-14
  1.425E+02  8.96677E-01  2.35177E-14  2.39732E-14  3.11028E-14  3.05359E-14
  1.430E+02  8.99318E-01  2.31763E-14  2.36427E-14  3.06547E-14  3.01038E-14
  1.435E+02  9.01928E-01  2.28408E-14  2.33177E-14  3.02081E-14  2.96728E-14
  1.440E+02  9.04508E-01  2.25111E-14  2.29983E-14  2.97629E-14  2.92428E-14
  1.445E+02  9.07058E-01  2.21869E-14  2.26843E-14  2.93190E-14  2.88139E-14
  1.450E+02  9.09576E-01  2.18687E-14  2.23759E-14  2.88765E-14  2.83859E-14
  1.455E+02  9.12063E-01  2.15562E-14  2.20728E-14  2.84352E-14  2.79590E-14
  1.460E+02  9.14519E-01  2.12496E-14  2.17751E-14  2.79953E-14  2.75330E-14
  1.465E+02  9.16943E-01  2.09485E-14  2.14827E-14  2.75567E-14  2.71079E-14
  1.470E+02  9.19335E-01  2.06530E-14  2.11956E-14  2.71193E-14  2.66838E-14
  1.475E+02  9.21696E-01  2.03628E-14  2.09137E-14  2.66832E-14  2.62606E-14
  1.480E+02  9.24024E-01  2.00780E-14  2.06369E-14  2.62483E-14  2.58384E-14
  1.485E+02  9.26320E-01  1.97987E-14  2.03653E-14  2.58145E-14  2.54169E-14
  1.490E+02  9.28584E-01  1.95247E-14  2.00988E-14  2.53819E-14  2.49964E-14
  1.495E+02  9.30815E-01  1.92561E-14  1.98373E-14  2.49505E-14  2.45767E-14
  1.500E+02  9.33013E-01  1.89928E-14  1.95809E-14  2.45201E-14  2.41578E-14
  1.505E+02  9.35178E-01  1.87347E-14  1.93294E-14  2.40909E-14  2.37398E-14
  1.510E+02  9.37310E-01  1.84816E-14  1.90828E-14  2.36628E-14  2.33226E-14
  1.515E+02  9.39409E-01  1.82336E-14  1.88411E-14  2.32357E-14  2.29061E-14
  1.520E+02  9.41474E-01  1.79906E-14  1.86042E-14  2.28096E-14  2.24904E-14
  1.525E+02  9.43505E-01  1.77527E-14  1.83722E-14  2.23845E-14  2.20755E-14
  1.530E+02  9.45503E-01  1.75199E-14  1.81449E-14  2.19604E-14  2.16613E-14
  1.535E+02  9.47467E-01  1.72920E-14  1.79224E-14  2.15373E-14  2.12479E-14
  1.540E+02  9.49397E-01  1.70691E-14  1.77046E-14  2.11152E-14  2.08351E-14
  1.545E+02  9.51293E-01  1.68509E-14  1.74915E-14  2.06939E-14  2.04230E-14
  1.550E+02  9.53154E-01  1.66375E-14  1.72830E-14  2.02736E-14  2.00117E-14
  1.555E+02  9.54981E-01  1.64289E-14  1.70791E-14  1.98542E-14  1.96009E-14
  1.560E+02  9.56773E-01  1.62250E-14  1.68798E-14  1.94356E-14  1.91909E-14
  1.565E+02  9.58530E-01  1.60260E-14  1.66851E-14  1.90179E-14  1.87814E-14
  1.570E+02  9.60252E-01  1.58317E-14  1.64949E-14  1.86010E-14  1.83726E-14
  1.575E+02  9.61940E-01  1.56420E-14  1.63092E-14  1.81849E-14  1.79644E-14
  1.580E+02  9.63592E-01  1.54569E-14  1.61280E-14  1.77696E-14  1.75568E-14
  1.585E+02  9.65209E-01  1.52763E-14  1.59512E-14  1.73551E-14  1.71498E-14
  1.590E+02  9.66790E-01  1.51002E-14  1.57788E-14  1.69413E-14  1.67433E-14
  1.595E+02  9.68336E-01  1.49287E-14  1.56108E-14  1.65282E-14  1.63374E-14
  1.600E+02  9.69846E-01  1.47618E-14  1.54472E-14  1.61159E-14  1.59320E-14
  1.605E+02  9.71321E-01  1.45994E-14  1.52879E-14  1.57043E-14  1.55271E-14
  1.610E+02  9.72759E-01  1.44414E-14  1.51330E-14  1.52933E-14  1.51227E-14
  1.615E+02  9.74162E-01  1.42878E-14  1.49823E-14  1.48830E-14  1.47189E-14
  1.620E+02  9.75528E-01  1.41386E-14  1.48359E-14  1.44733E-14  1.43155E-14
  1.625E+02  9.76858E-01  1.39936E-14  1.46938E-14  1.40643E-14  1.39125E-14
  1.630E+02  9.78152E-01  1.38531E-14  1.45558E-14  1.36558E-14  1.35100E-14
  1.635E+02  9.79410E-01  1.37168E-14  1.44221E-14  1.32479E-14  1.31080E-14
  1.640E+02  9.80631E-01  1.35850E-14  1.42926E-14  1.28406E-14  1.27064E-14
  1.645E+02  9.81815E-01  1.34575E-14  1.41673E-14  1.24338E-14  1.23052E-14
  1.650E+02  9.82963E-01  1.33342E-14  1.40462E-14  1.20276E-14  1.19044E-14
  1.655E+02  9.84074E-01  1.32151E-14  1.39291E-14  1.16219E-14  1.15039E-14
  1.660E+02  9.85148E-01  1.31001E-14  1.38162E-14  1.12167E-14  1.11039E-14
  1.665E+02  9.86185E-01  1.29893E-14  1.37074E-14  1.08119E-14  1.07042E-14
  1.670E+02  9.87185E-01  1.28827E-14  1.36026E-14  1.04076E-14  1.03048E-14
  1.675E+02  9.88148E-01  1.27804E-14  1.35020E-14  1.00037E-14  9.90579E-15
  1.680E+02  9.89074E-01  1.26823E-14  1.34054E-14  9.60030E-15  9.50708E-15
  1.685E+02  9.89962E-01  1.25882E-14  1.33129E-14  9.19727E-15  9.10868E-15
  1.690E+02  9.90814E-01  1.24983E-14  1.32244E-14  8.79463E-15  8.71057E-15
  1.695E+02  9.91627E-01  1.24123E-14  1.31399E-14  8.39235E-15  8.31274E-15
  1.700E+02  9.92404E-01  1.23304E-14  1.30594E-14  7.99043E-15  7.91517E-15
  1.705E+02  9.93143E-01  1.22526E-14  1.29829E-14  7.58884E-15  7.51786E-15
  1.710E+02  9.93844E-01  1.21790E-14  1.29104E-14  7.18757E-15  7.12078E-15
  1.715E+02  9.94508E-01  1.21095E-14  1.28419E-14  6.78661E-15  6.72394E-15
  1.720E+02  9.95134E-01  1.20440E-14  1.27774E-14  6.38593E-15  6.32730E-15
  1.725E+02  9.95722E-01  1.19825E-14  1.27168E-14  5.98551E-15  5.93087E-15
  1.730E+02  9.96273E-01  1.19249E-14  1.26602E-14  5.58535E-15  5.53463E-15
  1.735E+02  9.96786E-01  1.18713E-14  1.26074E-14  5.18542E-15  5.13857E-15
  1.740E+02  9.97261E-01  1.18216E-14  1.25586E-14  4.78571E-15  4.74266E-15
  1.745E+02  9.97698E-01  1.17761E-14  1.25138E-14  4.38620E-15  4.34691E-15
  1.750E+02  9.98097E-01  1.17347E-14  1.24729E-14  3.98687E-15  3.95130E-15
  1.755E+02  9.98459E-01  1.16973E-14  1.24359E-14  3.58771E-15  3.55581E-15
  1.760E+02  9.98782E-01  1.16637E-14  1.24028E-14  3.18870E-15  3.16044E-15
  1.765E+02  9.99067E-01  1.16340E-14  1.23736E-14  2.78982E-15  2.76516E-15
  1.770E+02  9.99315E-01  1.16082E-14  1.23483E-14  2.39106E-15  2.36998E-15
  1.775E+02  9.99524E-01  1.15863E-14  1.23269E-14  1.99240E-15  1.97487E-15
  1.780E+02  9.99695E-01  1.15685E-14  1.23094E-14  1.59382E-15  1.57982E-15
  1.785E+02  9.99829E-01  1.15549E-14  1.22958E-14  1.19530E-15  1.18482E-15
  1.790E+02  9.99924E-01  1.15453E-14  1.22861E-14  7.96837E-16  7.89858E-16
  1.795E+02  9.99981E-01  1.15397E-14  1.22804E-14  3.98409E-16  3.94922E-16
  1.800E+02  1.00000E+00  1.15379E-14  1.22785E-14  5.59099E-30  5.54208E-30
