 #
 # Subroutine ELSEPA. Elastic scattering of electrons and positrons
 #                    by neutral atoms and positive ions
 #
 # Projectile: electron
 # Kinetic energy = 3.70000E+06 eV = 1.35973E+05 a.u.
 #
 # Element:  C,  Z =   6,  atomic weight = 1.20107E+01 g/mol
 #
 # Nuclear model: Fermi distribution
 #                Average radius = 2.45042E-13 cm
 #                Skin thickness = 5.46000E-14 cm
 #
 # Number of electrons =  6
 #
 # Electron density: Read from file z_006.den   
 #                   Number of data points =  725
 #                   Volume integral = 6.00000E+00
 #
 # Furness-McCarthy exchange potential
 #
 # Total elastic cross section = 2.45215E-19 cm**2 = 8.75678E-03 a0**2
 # 1st transport cross section = 3.25980E-24 cm**2 = 1.16410E-07 a0**2
 # 2nd transport cross section = 9.34538E-24 cm**2 = 3.33730E-07 a0**2
 #
 #
 # Differential cross section:                       MU=(1-COS(THETA))/2
 #
 #  THETA        MU          DCS          DCS        Sherman      error
 #  (deg)                 (cm**2/sr)   (a0**2/sr)    function
 #----------------------------------------------------------------------
  0.000E+00  0.00000E+00  4.16467E-14  1.48723E+03  0.00000E+00  1.0E-07
  1.000E-04  7.61557E-13  4.16466E-14  1.48723E+03  0.00000E+00  1.0E-07
  1.250E-04  1.18994E-12  4.16465E-14  1.48722E+03  0.00000E+00  1.0E-07
  1.500E-04  1.71346E-12  4.16464E-14  1.48722E+03  0.00000E+00  1.0E-07
  1.750E-04  2.33225E-12  4.16463E-14  1.48722E+03  0.00000E+00  1.0E-07
  2.000E-04  3.04617E-12  4.16462E-14  1.48721E+03  0.00000E+00  1.0E-07
  2.250E-04  3.85530E-12  4.16461E-14  1.48721E+03  0.00000E+00  1.0E-07
  2.500E-04  4.75964E-12  4.16459E-14  1.48720E+03  0.00000E+00  1.0E-07
  2.750E-04  5.75917E-12  4.16458E-14  1.48720E+03  0.00000E+00  1.0E-07
  3.000E-04  6.85391E-12  4.16456E-14  1.48719E+03  0.00000E+00  1.0E-07
  3.250E-04  8.04379E-12  4.16454E-14  1.48718E+03  0.00000E+00  1.0E-07
  3.500E-04  9.32893E-12  4.16452E-14  1.48718E+03  0.00000E+00  1.0E-07
  3.750E-04  1.07092E-11  4.16450E-14  1.48717E+03  0.00000E+00  1.0E-07
  4.000E-04  1.21847E-11  4.16447E-14  1.48716E+03  0.00000E+00  1.0E-07
  4.250E-04  1.37554E-11  4.16445E-14  1.48715E+03  0.00000E+00  1.0E-07
  4.500E-04  1.54213E-11  4.16442E-14  1.48714E+03  0.00000E+00  1.0E-07
  4.750E-04  1.71823E-11  4.16440E-14  1.48713E+03  0.00000E+00  1.0E-07
  5.000E-04  1.90386E-11  4.16437E-14  1.48712E+03  0.00000E+00  1.0E-07
  5.250E-04  2.09900E-11  4.16434E-14  1.48711E+03  0.00000E+00  1.0E-07
  5.500E-04  2.30367E-11  4.16430E-14  1.48710E+03  0.00000E+00  1.0E-07
  5.750E-04  2.51785E-11  4.16427E-14  1.48709E+03  0.00000E+00  1.0E-07
  6.000E-04  2.74156E-11  4.16423E-14  1.48707E+03  0.00000E+00  1.0E-07
  6.250E-04  2.97478E-11  4.16420E-14  1.48706E+03  0.00000E+00  1.0E-07
  6.500E-04  3.21752E-11  4.16416E-14  1.48705E+03  0.00000E+00  1.0E-07
  6.750E-04  3.46979E-11  4.16412E-14  1.48703E+03  0.00000E+00  1.0E-07
  7.000E-04  3.73157E-11  4.16408E-14  1.48702E+03  0.00000E+00  1.0E-07
  7.250E-04  4.00286E-11  4.16403E-14  1.48700E+03  0.00000E+00  1.0E-07
  7.500E-04  4.28368E-11  4.16399E-14  1.48699E+03  0.00000E+00  1.0E-07
  7.750E-04  4.57402E-11  4.16394E-14  1.48697E+03  0.00000E+00  1.0E-07
  8.000E-04  4.87388E-11  4.16390E-14  1.48695E+03  0.00000E+00  1.0E-07
  8.250E-04  5.18325E-11  4.16385E-14  1.48694E+03  0.00000E+00  1.0E-07
  8.500E-04  5.50215E-11  4.16380E-14  1.48692E+03  0.00000E+00  1.0E-07
  8.750E-04  5.83057E-11  4.16374E-14  1.48690E+03  0.00000E+00  1.0E-07
  9.000E-04  6.16850E-11  4.16369E-14  1.48688E+03  0.00000E+00  1.0E-07
  9.250E-04  6.51595E-11  4.16364E-14  1.48686E+03  0.00000E+00  1.0E-07
  9.500E-04  6.87293E-11  4.16358E-14  1.48684E+03  0.00000E+00  1.0E-07
  9.750E-04  7.23943E-11  4.16352E-14  1.48682E+03  0.00000E+00  1.0E-07
  1.000E-03  7.61544E-11  4.16346E-14  1.48680E+03  0.00000E+00  1.0E-07
  1.250E-03  1.18991E-10  4.16278E-14  1.48656E+03  0.00000E+00  1.0E-07
  1.500E-03  1.71347E-10  4.16195E-14  1.48626E+03  0.00000E+00  1.0E-07
  1.750E-03  2.33223E-10  4.16097E-14  1.48591E+03  0.00000E+00  1.0E-07
  2.000E-03  3.04617E-10  4.15985E-14  1.48551E+03  0.00000E+00  1.0E-07
  2.250E-03  3.85531E-10  4.15857E-14  1.48505E+03  0.00000E+00  1.0E-07
  2.500E-03  4.75965E-10  4.15714E-14  1.48454E+03  0.00000E+00  1.0E-07
  2.750E-03  5.75917E-10  4.15556E-14  1.48398E+03  0.00000E+00  1.0E-07
  3.000E-03  6.85389E-10  4.15383E-14  1.48336E+03  0.00000E+00  1.0E-07
  3.250E-03  8.04380E-10  4.15195E-14  1.48269E+03  0.00000E+00  1.0E-07
  3.500E-03  9.32891E-10  4.14992E-14  1.48196E+03  0.00000E+00  1.0E-07
  3.750E-03  1.07092E-09  4.14775E-14  1.48119E+03  0.00000E+00  1.0E-07
  4.000E-03  1.21847E-09  4.14543E-14  1.48036E+03  0.00000E+00  1.0E-07
  4.250E-03  1.37554E-09  4.14295E-14  1.47948E+03  0.00000E+00  1.0E-07
  4.500E-03  1.54213E-09  4.14034E-14  1.47854E+03  0.00000E+00  1.0E-07
  4.750E-03  1.71823E-09  4.13757E-14  1.47755E+03  0.00000E+00  1.0E-07
  5.000E-03  1.90386E-09  4.13466E-14  1.47651E+03  0.00000E+00  1.0E-07
  5.250E-03  2.09900E-09  4.13160E-14  1.47542E+03  0.00000E+00  1.0E-07
  5.500E-03  2.30367E-09  4.12839E-14  1.47428E+03  0.00000E+00  1.0E-07
  5.750E-03  2.51785E-09  4.12504E-14  1.47308E+03  0.00000E+00  1.0E-07
  6.000E-03  2.74156E-09  4.12155E-14  1.47183E+03  0.00000E+00  1.0E-07
  6.250E-03  2.97478E-09  4.11791E-14  1.47053E+03  0.00000E+00  1.0E-07
  6.500E-03  3.21752E-09  4.11413E-14  1.46918E+03  0.00000E+00  1.0E-07
  6.750E-03  3.46978E-09  4.11020E-14  1.46778E+03  0.00000E+00  1.0E-07
  7.000E-03  3.73156E-09  4.10613E-14  1.46633E+03  0.00000E+00  1.0E-07
  7.250E-03  4.00286E-09  4.10192E-14  1.46482E+03  0.00000E+00  1.0E-07
  7.500E-03  4.28368E-09  4.09757E-14  1.46327E+03  0.00000E+00  1.0E-07
  7.750E-03  4.57402E-09  4.09308E-14  1.46167E+03  0.00000E+00  1.0E-07
  8.000E-03  4.87388E-09  4.08845E-14  1.46001E+03  0.00000E+00  1.0E-07
  8.250E-03  5.18326E-09  4.08368E-14  1.45831E+03  0.00000E+00  1.0E-07
  8.500E-03  5.50215E-09  4.07877E-14  1.45655E+03  0.00000E+00  1.0E-07
  8.750E-03  5.83057E-09  4.07372E-14  1.45475E+03  0.00000E+00  1.0E-07
  9.000E-03  6.16850E-09  4.06853E-14  1.45290E+03  0.00000E+00  1.0E-07
  9.250E-03  6.51596E-09  4.06321E-14  1.45100E+03  0.00000E+00  1.0E-07
  9.500E-03  6.87293E-09  4.05776E-14  1.44905E+03  0.00000E+00  1.0E-07
  9.750E-03  7.23942E-09  4.05217E-14  1.44705E+03  0.00000E+00  1.0E-07
  1.000E-02  7.61544E-09  4.04644E-14  1.44501E+03  0.00000E+00  1.0E-07
  1.250E-02  1.18991E-08  3.98202E-14  1.42201E+03  0.00000E+00  1.0E-07
  1.500E-02  1.71347E-08  3.90524E-14  1.39459E+03  0.00000E+00  1.0E-07
  1.750E-02  2.33223E-08  3.81718E-14  1.36314E+03  0.00000E+00  1.0E-07
  2.000E-02  3.04617E-08  3.71902E-14  1.32809E+03  0.00000E+00  1.0E-07
  2.250E-02  3.85531E-08  3.61205E-14  1.28989E+03  0.00000E+00  1.0E-07
  2.500E-02  4.75965E-08  3.49758E-14  1.24901E+03  0.00000E+00  1.0E-07
  2.750E-02  5.75917E-08  3.37694E-14  1.20593E+03  0.00000E+00  1.0E-07
  3.000E-02  6.85389E-08  3.25146E-14  1.16112E+03  0.00000E+00  1.0E-07
  3.250E-02  8.04380E-08  3.12243E-14  1.11504E+03  0.00000E+00  1.0E-07
  3.500E-02  9.32891E-08  2.99106E-14  1.06813E+03  0.00000E+00  1.0E-07
  3.750E-02  1.07092E-07  2.85849E-14  1.02079E+03  0.00000E+00  1.0E-07
  4.000E-02  1.21847E-07  2.72579E-14  9.73398E+02  0.00000E+00  1.0E-07
  4.250E-02  1.37554E-07  2.59389E-14  9.26297E+02  0.00000E+00  1.0E-07
  4.500E-02  1.54213E-07  2.46365E-14  8.79784E+02  0.00000E+00  1.0E-07
  4.750E-02  1.71823E-07  2.33577E-14  8.34120E+02  0.00000E+00  1.0E-07
  5.000E-02  1.90386E-07  2.21090E-14  7.89528E+02  0.00000E+00  1.0E-07
  5.250E-02  2.09900E-07  2.08955E-14  7.46194E+02  0.00000E+00  1.0E-07
  5.500E-02  2.30367E-07  1.97214E-14  7.04265E+02  0.00000E+00  1.0E-07
  5.750E-02  2.51785E-07  1.85900E-14  6.63860E+02  0.00000E+00  1.0E-07
  6.000E-02  2.74156E-07  1.75036E-14  6.25065E+02  0.00000E+00  1.0E-07
  6.250E-02  2.97478E-07  1.64640E-14  5.87940E+02  0.00000E+00  1.0E-07
  6.500E-02  3.21752E-07  1.54721E-14  5.52519E+02  0.00000E+00  1.0E-07
  6.750E-02  3.46978E-07  1.45284E-14  5.18818E+02  0.00000E+00  1.0E-07
  7.000E-02  3.73156E-07  1.36327E-14  4.86832E+02  0.00000E+00  1.0E-07
  7.250E-02  4.00286E-07  1.27845E-14  4.56544E+02  0.00000E+00  1.0E-07
  7.500E-02  4.28368E-07  1.19830E-14  4.27921E+02  0.00000E+00  1.0E-07
  7.750E-02  4.57402E-07  1.12269E-14  4.00921E+02  0.00000E+00  1.0E-07
  8.000E-02  4.87388E-07  1.05149E-14  3.75495E+02  0.00000E+00  1.0E-07
  8.250E-02  5.18325E-07  9.84545E-15  3.51587E+02  0.00000E+00  1.0E-07
  8.500E-02  5.50215E-07  9.21675E-15  3.29136E+02  0.00000E+00  1.0E-07
  8.750E-02  5.83057E-07  8.62707E-15  3.08078E+02  0.00000E+00  1.0E-07
  9.000E-02  6.16850E-07  8.07455E-15  2.88347E+02  0.00000E+00  1.0E-07
  9.250E-02  6.51596E-07  7.55733E-15  2.69877E+02  0.00000E+00  1.0E-07
  9.500E-02  6.87293E-07  7.07355E-15  2.52601E+02  0.00000E+00  1.0E-07
  9.750E-02  7.23942E-07  6.62137E-15  2.36453E+02  0.00000E+00  1.0E-07
  1.000E-01  7.61543E-07  6.19896E-15  2.21369E+02  0.00000E+00  1.0E-07
  1.250E-01  1.18991E-06  3.25794E-15  1.16343E+02  0.00000E+00  1.0E-07
  1.500E-01  1.71347E-06  1.79194E-15  6.39912E+01  0.00000E+00  1.0E-07
  1.750E-01  2.33223E-06  1.04245E-15  3.72265E+01  0.00000E+00  1.0E-07
  2.000E-01  3.04617E-06  6.41688E-16  2.29151E+01  0.00000E+00  1.0E-07
  2.250E-01  3.85531E-06  4.16093E-16  1.48590E+01  0.00000E+00  1.0E-07
  2.500E-01  4.75964E-06  2.82414E-16  1.00852E+01  0.00000E+00  1.0E-07
  2.750E-01  5.75916E-06  1.99307E-16  7.11737E+00  0.00000E+00  1.0E-07
  3.000E-01  6.85388E-06  1.45353E-16  5.19064E+00  0.00000E+00  1.0E-07
  3.250E-01  8.04378E-06  1.08962E-16  3.89111E+00  0.00000E+00  1.0E-07
  3.500E-01  9.32888E-06  8.35873E-17  2.98496E+00  0.00000E+00  1.0E-07
  3.750E-01  1.07092E-05  6.53779E-17  2.33469E+00  0.00000E+00  1.0E-07
  4.000E-01  1.21846E-05  5.19834E-17  1.85636E+00  0.00000E+00  1.1E-07
  4.250E-01  1.37553E-05  4.19183E-17  1.49693E+00  0.00000E+00  1.0E-07
  4.500E-01  1.54212E-05  3.42147E-17  1.22183E+00  0.00000E+00  1.3E-07
  4.750E-01  1.71822E-05  2.82238E-17  1.00789E+00  0.00000E+00  1.0E-07
  5.000E-01  1.90385E-05  2.34997E-17  8.39190E-01  0.00000E+00  1.4E-07
  5.250E-01  2.09899E-05  1.97289E-17  7.04532E-01  0.00000E+00  1.0E-07
  5.500E-01  2.30365E-05  1.66864E-17  5.95883E-01  0.00000E+00  1.4E-07
  5.750E-01  2.51783E-05  1.42080E-17  5.07379E-01  0.00000E+00  1.2E-07
  6.000E-01  2.74153E-05  1.21718E-17  4.34663E-01  0.00000E+00  1.2E-07
  6.250E-01  2.97475E-05  1.04858E-17  3.74455E-01  0.00000E+00  1.7E-07
  6.500E-01  3.21749E-05  9.07998E-18  3.24252E-01  0.00000E+00  1.0E-07
  6.750E-01  3.46974E-05  7.90023E-18  2.82123E-01  0.00000E+00  2.1E-07
  7.000E-01  3.73152E-05  6.90435E-18  2.46559E-01  0.00000E+00  1.0E-07
  7.250E-01  4.00281E-05  6.05906E-18  2.16373E-01  0.00000E+00  2.4E-07
  7.500E-01  4.28362E-05  5.33796E-18  1.90622E-01  0.00000E+00  1.0E-07
  7.750E-01  4.57395E-05  4.71991E-18  1.68551E-01  0.00000E+00  2.6E-07
  8.000E-01  4.87380E-05  4.18783E-18  1.49550E-01  0.00000E+00  1.1E-07
  8.250E-01  5.18317E-05  3.72784E-18  1.33124E-01  0.00000E+00  2.5E-07
  8.500E-01  5.50205E-05  3.32864E-18  1.18868E-01  0.00000E+00  1.9E-07
  8.750E-01  5.83045E-05  2.98090E-18  1.06450E-01  0.00000E+00  2.1E-07
  9.000E-01  6.16838E-05  2.67692E-18  9.55947E-02  0.00000E+00  2.7E-07
  9.250E-01  6.51582E-05  2.41032E-18  8.60742E-02  0.00000E+00  1.5E-07
  9.500E-01  6.87277E-05  2.17576E-18  7.76980E-02  0.00000E+00  3.3E-07
  9.750E-01  7.23925E-05  1.96878E-18  7.03063E-02  0.00000E+00  1.0E-07
  1.000E+00  7.61524E-05  1.78559E-18  6.37644E-02  0.00000E+00  1.0E-07
  1.100E+00  9.21439E-05  1.23396E-18  4.40656E-02  0.00000E+00  1.0E-07
  1.200E+00  1.09658E-04  8.78656E-19  3.13774E-02  0.00000E+00  1.0E-07
  1.300E+00  1.28695E-04  6.41889E-19  2.29223E-02  0.00000E+00  1.0E-07
  1.400E+00  1.49255E-04  4.79428E-19  1.71207E-02  0.00000E+00  1.0E-07
  1.500E+00  1.71338E-04  3.65077E-19  1.30371E-02  0.00000E+00  1.0E-07
  1.600E+00  1.94942E-04  2.82768E-19  1.00978E-02  0.00000E+00  1.0E-07
  1.700E+00  2.20070E-04  2.22341E-19  7.93992E-03  0.00000E+00  1.0E-07
  1.800E+00  2.46720E-04  1.77189E-19  6.32755E-03  0.00000E+00  1.0E-07
  1.900E+00  2.74892E-04  1.42917E-19  5.10366E-03  0.00000E+00  1.0E-07
  2.000E+00  3.04586E-04  1.16531E-19  4.16140E-03  0.00000E+00  1.0E-07
  2.100E+00  3.35803E-04  9.59543E-20  3.42659E-03  0.00000E+00  1.0E-07
  2.200E+00  3.68542E-04  7.97199E-20  2.84685E-03  0.00000E+00  1.0E-07
  2.300E+00  4.02802E-04  6.67747E-20  2.38457E-03  0.00000E+00  1.0E-07
  2.400E+00  4.38585E-04  5.63513E-20  2.01234E-03  0.00000E+00  1.0E-07
  2.500E+00  4.75889E-04  4.78833E-20  1.70994E-03  0.00000E+00  1.0E-07
  2.600E+00  5.14715E-04  4.09468E-20  1.46224E-03  0.00000E+00  1.0E-07
  2.700E+00  5.55063E-04  3.52215E-20  1.25778E-03  0.00000E+00  1.0E-07
  2.800E+00  5.96931E-04  3.04623E-20  1.08783E-03  0.00000E+00  1.0E-07
  2.900E+00  6.40321E-04  2.64802E-20  9.45625E-04  0.00000E+00  1.0E-07
  3.000E+00  6.85233E-04  2.31279E-20  8.25911E-04  0.00000E+00  1.0E-07
  3.100E+00  7.31665E-04  2.02895E-20  7.24552E-04  0.00000E+00  1.0E-07
  3.200E+00  7.79618E-04  1.78735E-20  6.38273E-04  0.00000E+00  1.0E-07
  3.300E+00  8.29092E-04  1.58065E-20  5.64461E-04  0.00000E+00  1.0E-07
  3.400E+00  8.80086E-04  1.40299E-20  5.01017E-04  0.00000E+00  1.0E-07
  3.500E+00  9.32601E-04  1.24960E-20  4.46240E-04  0.00000E+00  1.0E-07
  3.600E+00  9.86636E-04  1.11661E-20  3.98749E-04  0.00000E+00  1.0E-07
  3.700E+00  1.04219E-03  1.00085E-20  3.57411E-04  0.00000E+00  1.0E-07
  3.800E+00  1.09927E-03  8.99716E-21  3.21294E-04  0.00000E+00  1.0E-07
  3.900E+00  1.15786E-03  8.11037E-21  2.89627E-04  0.00000E+00  1.0E-07
  4.000E+00  1.21797E-03  7.33021E-21  2.61767E-04  0.00000E+00  1.0E-07
  4.100E+00  1.27961E-03  6.64165E-21  2.37178E-04  0.00000E+00  1.0E-07
  4.200E+00  1.34276E-03  6.03209E-21  2.15410E-04  0.00000E+00  1.0E-07
  4.300E+00  1.40743E-03  5.49089E-21  1.96083E-04  0.00000E+00  1.0E-07
  4.400E+00  1.47362E-03  5.00906E-21  1.78877E-04  0.00000E+00  1.0E-07
  4.500E+00  1.54133E-03  4.57895E-21  1.63517E-04  0.00000E+00  1.0E-07
  4.600E+00  1.61056E-03  4.19404E-21  1.49772E-04  0.00000E+00  1.0E-07
  4.700E+00  1.68131E-03  3.84874E-21  1.37441E-04  0.00000E+00  1.0E-07
  4.800E+00  1.75357E-03  3.53827E-21  1.26354E-04  0.00000E+00  1.0E-07
  4.900E+00  1.82735E-03  3.25849E-21  1.16363E-04  0.00000E+00  1.0E-07
  5.000E+00  1.90265E-03  3.00583E-21  1.07340E-04  0.00000E+00  1.0E-07
  5.100E+00  1.97947E-03  2.77720E-21  9.91754E-05  0.00000E+00  1.0E-07
  5.200E+00  2.05780E-03  2.56990E-21  9.17728E-05  0.00000E+00  1.0E-07
  5.300E+00  2.13765E-03  2.38159E-21  8.50482E-05  0.00000E+00  1.0E-07
  5.400E+00  2.21902E-03  2.21023E-21  7.89286E-05  0.00000E+00  1.0E-07
  5.500E+00  2.30190E-03  2.05401E-21  7.33499E-05  0.00000E+00  1.0E-07
  5.600E+00  2.38630E-03  1.91135E-21  6.82555E-05  0.00000E+00  1.0E-07
  5.700E+00  2.47222E-03  1.78087E-21  6.35960E-05  0.00000E+00  1.0E-07
  5.800E+00  2.55965E-03  1.66134E-21  5.93275E-05  0.00000E+00  1.0E-07
  5.900E+00  2.64859E-03  1.55167E-21  5.54112E-05  0.00000E+00  1.0E-07
  6.000E+00  2.73905E-03  1.45091E-21  5.18130E-05  0.00000E+00  1.0E-07
  6.100E+00  2.83103E-03  1.35820E-21  4.85022E-05  0.00000E+00  1.0E-07
  6.200E+00  2.92452E-03  1.27278E-21  4.54518E-05  0.00000E+00  1.0E-07
  6.300E+00  3.01952E-03  1.19397E-21  4.26375E-05  0.00000E+00  1.0E-07
  6.400E+00  3.11604E-03  1.12117E-21  4.00378E-05  0.00000E+00  1.0E-07
  6.500E+00  3.21407E-03  1.05384E-21  3.76333E-05  0.00000E+00  1.0E-07
  6.600E+00  3.31362E-03  9.91487E-22  3.54067E-05  0.00000E+00  1.0E-07
  6.700E+00  3.41468E-03  9.33681E-22  3.33424E-05  0.00000E+00  1.0E-07
  6.800E+00  3.51725E-03  8.80028E-22  3.14264E-05  0.00000E+00  1.0E-07
  6.900E+00  3.62133E-03  8.30175E-22  2.96461E-05  0.00000E+00  1.0E-07
  7.000E+00  3.72692E-03  7.83804E-22  2.79902E-05  0.00000E+00  1.0E-07
  7.100E+00  3.83403E-03  7.40627E-22  2.64483E-05  0.00000E+00  1.0E-07
  7.200E+00  3.94265E-03  7.00384E-22  2.50112E-05  0.00000E+00  1.0E-07
  7.300E+00  4.05278E-03  6.62838E-22  2.36704E-05  0.00000E+00  1.0E-07
  7.400E+00  4.16442E-03  6.27775E-22  2.24182E-05  0.00000E+00  1.0E-07
  7.500E+00  4.27757E-03  5.95001E-22  2.12479E-05  0.00000E+00  1.0E-07
  7.600E+00  4.39223E-03  5.64339E-22  2.01529E-05  0.00000E+00  1.0E-07
  7.700E+00  4.50840E-03  5.35627E-22  1.91276E-05  0.00000E+00  1.0E-07
  7.800E+00  4.62608E-03  5.08719E-22  1.81667E-05  0.00000E+00  1.0E-07
  7.900E+00  4.74527E-03  4.83480E-22  1.72654E-05  0.00000E+00  1.0E-07
  8.000E+00  4.86597E-03  4.59788E-22  1.64193E-05  0.00000E+00  1.0E-07
  8.100E+00  4.98817E-03  4.37529E-22  1.56245E-05  0.00000E+00  1.0E-07
  8.200E+00  5.11188E-03  4.16602E-22  1.48771E-05  0.00000E+00  1.0E-07
  8.300E+00  5.23711E-03  3.96912E-22  1.41740E-05  0.00000E+00  1.0E-07
  8.400E+00  5.36383E-03  3.78371E-22  1.35119E-05  0.00000E+00  1.0E-07
  8.500E+00  5.49207E-03  3.60901E-22  1.28880E-05  0.00000E+00  1.0E-07
  8.600E+00  5.62181E-03  3.44428E-22  1.22998E-05  0.00000E+00  1.0E-07
  8.700E+00  5.75306E-03  3.28885E-22  1.17447E-05  0.00000E+00  1.0E-07
  8.800E+00  5.88581E-03  3.14208E-22  1.12206E-05  0.00000E+00  1.0E-07
  8.900E+00  6.02007E-03  3.00342E-22  1.07254E-05  0.00000E+00  1.0E-07
  9.000E+00  6.15583E-03  2.87232E-22  1.02572E-05  0.00000E+00  1.0E-07
  9.100E+00  6.29310E-03  2.74830E-22  9.81435E-06  0.00000E+00  1.0E-07
  9.200E+00  6.43187E-03  2.63090E-22  9.39512E-06  0.00000E+00  1.0E-07
  9.300E+00  6.57214E-03  2.51971E-22  8.99805E-06  0.00000E+00  1.0E-07
  9.400E+00  6.71392E-03  2.41433E-22  8.62173E-06  0.00000E+00  1.0E-07
  9.500E+00  6.85720E-03  2.31440E-22  8.26489E-06  0.00000E+00  1.0E-07
  9.600E+00  7.00198E-03  2.21960E-22  7.92632E-06  0.00000E+00  1.0E-07
  9.700E+00  7.14827E-03  2.12960E-22  7.60492E-06  0.00000E+00  1.0E-07
  9.800E+00  7.29605E-03  2.04411E-22  7.29965E-06  0.00000E+00  1.0E-07
  9.900E+00  7.44534E-03  1.96287E-22  7.00955E-06  0.00000E+00  1.0E-07
  1.000E+01  7.59612E-03  1.88563E-22  6.73372E-06  0.00000E+00  1.0E-07
  1.025E+01  7.97965E-03  1.70852E-22  6.10125E-06  0.00000E+00  1.0E-07
  1.050E+01  8.37255E-03  1.55173E-22  5.54133E-06  0.00000E+00  1.0E-07
  1.075E+01  8.77480E-03  1.41252E-22  5.04420E-06  0.00000E+00  1.0E-07
  1.100E+01  9.18641E-03  1.28858E-22  4.60161E-06  0.00000E+00  1.0E-07
  1.125E+01  9.60736E-03  1.17794E-22  4.20651E-06  0.00000E+00  1.0E-07
  1.150E+01  1.00376E-02  1.07893E-22  3.85292E-06  0.00000E+00  1.0E-07
  1.175E+01  1.04773E-02  9.90103E-23  3.53572E-06  0.00000E+00  1.0E-07
  1.200E+01  1.09262E-02  9.10234E-23  3.25051E-06  0.00000E+00  1.0E-07
  1.225E+01  1.13844E-02  8.38259E-23  2.99348E-06  0.00000E+00  1.0E-07
  1.250E+01  1.18520E-02  7.73259E-23  2.76136E-06  0.00000E+00  1.0E-07
  1.275E+01  1.23288E-02  7.14439E-23  2.55131E-06  0.00000E+00  1.0E-07
  1.300E+01  1.28150E-02  6.61106E-23  2.36085E-06  0.00000E+00  1.0E-07
  1.325E+01  1.33104E-02  6.12658E-23  2.18784E-06  0.00000E+00  1.0E-07
  1.350E+01  1.38150E-02  5.68568E-23  2.03039E-06  0.00000E+00  1.0E-07
  1.375E+01  1.43290E-02  5.28372E-23  1.88685E-06  0.00000E+00  1.0E-07
  1.400E+01  1.48521E-02  4.91666E-23  1.75577E-06  0.00000E+00  1.0E-07
  1.425E+01  1.53845E-02  4.58092E-23  1.63588E-06  0.00000E+00  1.0E-07
  1.450E+01  1.59262E-02  4.27335E-23  1.52604E-06  0.00000E+00  1.0E-07
  1.475E+01  1.64770E-02  3.99115E-23  1.42527E-06  0.00000E+00  1.0E-07
  1.500E+01  1.70371E-02  3.73187E-23  1.33267E-06  0.00000E+00  1.0E-07
  1.525E+01  1.76063E-02  3.49329E-23  1.24748E-06  0.00000E+00  1.0E-07
  1.550E+01  1.81848E-02  3.27347E-23  1.16898E-06  0.00000E+00  1.0E-07
  1.575E+01  1.87724E-02  3.07066E-23  1.09655E-06  0.00000E+00  1.0E-07
  1.600E+01  1.93692E-02  2.88331E-23  1.02965E-06  0.00000E+00  1.0E-07
  1.625E+01  1.99751E-02  2.71002E-23  9.67767E-07  0.00000E+00  1.0E-07
  1.650E+01  2.05901E-02  2.54955E-23  9.10463E-07  0.00000E+00  1.0E-07
  1.675E+01  2.12143E-02  2.40078E-23  8.57334E-07  0.00000E+00  1.0E-07
  1.700E+01  2.18476E-02  2.26270E-23  8.08024E-07  0.00000E+00  1.0E-07
  1.725E+01  2.24900E-02  2.13439E-23  7.62204E-07  0.00000E+00  1.0E-07
  1.750E+01  2.31415E-02  2.01504E-23  7.19585E-07  0.00000E+00  1.0E-07
  1.775E+01  2.38021E-02  1.90391E-23  6.79899E-07  0.00000E+00  1.0E-07
  1.800E+01  2.44717E-02  1.80034E-23  6.42912E-07  0.00000E+00  1.0E-07
  1.825E+01  2.51504E-02  1.70370E-23  6.08402E-07  0.00000E+00  1.0E-07
  1.850E+01  2.58382E-02  1.61346E-23  5.76175E-07  0.00000E+00  1.0E-07
  1.875E+01  2.65349E-02  1.52910E-23  5.46052E-07  0.00000E+00  1.0E-07
  1.900E+01  2.72407E-02  1.45018E-23  5.17869E-07  0.00000E+00  1.0E-07
  1.925E+01  2.79555E-02  1.37628E-23  4.91479E-07  0.00000E+00  1.0E-07
  1.950E+01  2.86793E-02  1.30702E-23  4.66747E-07  0.00000E+00  1.0E-07
  1.975E+01  2.94120E-02  1.24206E-23  4.43549E-07  0.00000E+00  1.0E-07
  2.000E+01  3.01537E-02  1.18108E-23  4.21773E-07  0.00000E+00  1.0E-07
  2.025E+01  3.09043E-02  1.12379E-23  4.01314E-07  0.00000E+00  1.0E-07
  2.050E+01  3.16639E-02  1.06993E-23  3.82080E-07  0.00000E+00  1.0E-07
  2.075E+01  3.24324E-02  1.01925E-23  3.63982E-07  0.00000E+00  1.0E-07
  2.100E+01  3.32098E-02  9.71534E-24  3.46941E-07  0.00000E+00  1.0E-07
  2.125E+01  3.39961E-02  9.26570E-24  3.30884E-07  0.00000E+00  1.0E-07
  2.150E+01  3.47912E-02  8.84173E-24  3.15744E-07  0.00000E+00  1.0E-07
  2.175E+01  3.55952E-02  8.44170E-24  3.01459E-07  0.00000E+00  1.0E-07
  2.200E+01  3.64081E-02  8.06399E-24  2.87970E-07  0.00000E+00  1.0E-07
  2.225E+01  3.72297E-02  7.70713E-24  2.75226E-07  0.00000E+00  1.0E-07
  2.250E+01  3.80602E-02  7.36975E-24  2.63178E-07  0.00000E+00  1.0E-07
  2.275E+01  3.88995E-02  7.05059E-24  2.51781E-07  0.00000E+00  1.0E-07
  2.300E+01  3.97476E-02  6.74848E-24  2.40993E-07  0.00000E+00  1.0E-07
  2.325E+01  4.06044E-02  6.46234E-24  2.30775E-07  0.00000E+00  1.0E-07
  2.350E+01  4.14700E-02  6.19117E-24  2.21091E-07  0.00000E+00  1.0E-07
  2.375E+01  4.23443E-02  5.93404E-24  2.11908E-07  0.00000E+00  1.0E-07
  2.400E+01  4.32273E-02  5.69009E-24  2.03197E-07  0.00000E+00  1.0E-07
  2.425E+01  4.41190E-02  5.45851E-24  1.94927E-07  0.00000E+00  1.0E-07
  2.450E+01  4.50194E-02  5.23856E-24  1.87072E-07  0.00000E+00  1.0E-07
  2.475E+01  4.59284E-02  5.02954E-24  1.79608E-07  0.00000E+00  1.0E-07
  2.500E+01  4.68461E-02  4.83082E-24  1.72512E-07  0.00000E+00  1.0E-07
  2.550E+01  4.87074E-02  4.46188E-24  1.59337E-07  0.00000E+00  1.0E-07
  2.600E+01  5.06030E-02  4.12739E-24  1.47392E-07  0.00000E+00  1.0E-07
  2.650E+01  5.25328E-02  3.82357E-24  1.36542E-07 -2.01279E-04  1.0E-07
  2.700E+01  5.44967E-02  3.54709E-24  1.26669E-07 -2.10913E-04  1.0E-07
  2.750E+01  5.64946E-02  3.29507E-24  1.17669E-07 -2.20859E-04  1.0E-07
  2.800E+01  5.85262E-02  3.06495E-24  1.09451E-07 -2.31020E-04  1.0E-07
  2.850E+01  6.05914E-02  2.85449E-24  1.01936E-07 -2.41479E-04  1.0E-07
  2.900E+01  6.26901E-02  2.66172E-24  9.50516E-08 -2.52041E-04  1.0E-07
  2.950E+01  6.48222E-02  2.48487E-24  8.87363E-08 -2.62888E-04  1.0E-07
  3.000E+01  6.69873E-02  2.32240E-24  8.29345E-08 -2.73965E-04  1.0E-07
  3.050E+01  6.91854E-02  2.17293E-24  7.75968E-08 -2.85344E-04  1.0E-07
  3.100E+01  7.14163E-02  2.03523E-24  7.26793E-08 -2.97124E-04  1.0E-07
  3.150E+01  7.36799E-02  1.90820E-24  6.81432E-08 -3.09060E-04  1.0E-07
  3.200E+01  7.59760E-02  1.79088E-24  6.39534E-08 -3.21342E-04  1.0E-07
  3.250E+01  7.83043E-02  1.68238E-24  6.00790E-08 -3.33673E-04  1.0E-07
  3.300E+01  8.06647E-02  1.58193E-24  5.64918E-08 -3.46265E-04  1.0E-07
  3.350E+01  8.30571E-02  1.48882E-24  5.31666E-08 -3.59173E-04  1.0E-07
  3.400E+01  8.54812E-02  1.40241E-24  5.00808E-08 -3.72279E-04  1.0E-07
  3.450E+01  8.79369E-02  1.32213E-24  4.72140E-08 -3.86013E-04  1.0E-07
  3.500E+01  9.04240E-02  1.24747E-24  4.45480E-08 -3.99647E-04  1.0E-07
  3.550E+01  9.29422E-02  1.17797E-24  4.20660E-08 -4.13959E-04  1.0E-07
  3.600E+01  9.54915E-02  1.11321E-24  3.97534E-08 -4.27717E-04  1.0E-07
  3.650E+01  9.80716E-02  1.05279E-24  3.75959E-08 -4.42554E-04  1.0E-07
  3.700E+01  1.00682E-01  9.96393E-25  3.55818E-08 -4.56923E-04  1.0E-07
  3.750E+01  1.03323E-01  9.43682E-25  3.36995E-08 -4.72147E-04  1.0E-07
  3.800E+01  1.05995E-01  8.94379E-25  3.19388E-08 -4.87514E-04  1.0E-07
  3.850E+01  1.08696E-01  8.48223E-25  3.02906E-08 -5.03236E-04  1.0E-07
  3.900E+01  1.11427E-01  8.04977E-25  2.87462E-08 -5.19167E-04  1.0E-07
  3.950E+01  1.14188E-01  7.64426E-25  2.72981E-08 -5.35109E-04  1.0E-07
  4.000E+01  1.16978E-01  7.26369E-25  2.59391E-08 -5.51371E-04  1.0E-07
  4.050E+01  1.19797E-01  6.90625E-25  2.46627E-08 -5.67835E-04  1.0E-07
  4.100E+01  1.22645E-01  6.57028E-25  2.34629E-08 -5.84793E-04  1.0E-07
  4.150E+01  1.25522E-01  6.25424E-25  2.23343E-08 -6.02122E-04  1.0E-07
  4.200E+01  1.28428E-01  5.95675E-25  2.12719E-08 -6.19716E-04  1.0E-07
  4.250E+01  1.31361E-01  5.67652E-25  2.02712E-08 -6.37506E-04  1.0E-07
  4.300E+01  1.34323E-01  5.41237E-25  1.93279E-08 -6.55338E-04  1.0E-07
  4.350E+01  1.37313E-01  5.16321E-25  1.84382E-08 -6.73412E-04  1.0E-07
  4.400E+01  1.40330E-01  4.92802E-25  1.75983E-08 -6.91783E-04  1.0E-07
  4.450E+01  1.43375E-01  4.70588E-25  1.68050E-08 -7.10609E-04  1.0E-07
  4.500E+01  1.46447E-01  4.49593E-25  1.60553E-08 -7.29864E-04  1.0E-07
  4.550E+01  1.49545E-01  4.29738E-25  1.53462E-08 -7.49376E-04  1.0E-07
  4.600E+01  1.52671E-01  4.10951E-25  1.46753E-08 -7.69059E-04  1.0E-07
  4.650E+01  1.55823E-01  3.93163E-25  1.40401E-08 -7.88798E-04  1.0E-07
  4.700E+01  1.59001E-01  3.76312E-25  1.34383E-08 -8.08740E-04  1.0E-07
  4.750E+01  1.62205E-01  3.60338E-25  1.28679E-08 -8.29018E-04  1.0E-07
  4.800E+01  1.65435E-01  3.45188E-25  1.23269E-08 -8.49753E-04  1.0E-07
  4.850E+01  1.68690E-01  3.30812E-25  1.18135E-08 -8.70943E-04  1.0E-07
  4.900E+01  1.71970E-01  3.17162E-25  1.13261E-08 -8.92408E-04  1.0E-07
  4.950E+01  1.75276E-01  3.04197E-25  1.08631E-08 -9.14025E-04  1.0E-07
  5.000E+01  1.78606E-01  2.91874E-25  1.04230E-08 -9.35704E-04  1.0E-07
  5.050E+01  1.81961E-01  2.80157E-25  1.00046E-08 -9.57558E-04  1.0E-07
  5.100E+01  1.85340E-01  2.69010E-25  9.60653E-09 -9.79759E-04  1.0E-07
  5.150E+01  1.88743E-01  2.58400E-25  9.22764E-09 -1.00243E-03  1.0E-07
  5.200E+01  1.92169E-01  2.48297E-25  8.86684E-09 -1.02558E-03  1.0E-07
  5.250E+01  1.95619E-01  2.38671E-25  8.52311E-09 -1.04904E-03  1.0E-07
  5.300E+01  1.99092E-01  2.29497E-25  8.19550E-09 -1.07263E-03  1.0E-07
  5.350E+01  2.02589E-01  2.20750E-25  7.88313E-09 -1.09629E-03  1.0E-07
  5.400E+01  2.06107E-01  2.12406E-25  7.58516E-09 -1.12009E-03  1.0E-07
  5.450E+01  2.09649E-01  2.04443E-25  7.30078E-09 -1.14424E-03  1.0E-07
  5.500E+01  2.13212E-01  1.96840E-25  7.02927E-09 -1.16888E-03  1.0E-07
  5.550E+01  2.16797E-01  1.89577E-25  6.76993E-09 -1.19403E-03  1.0E-07
  5.600E+01  2.20404E-01  1.82638E-25  6.52212E-09 -1.21953E-03  1.0E-07
  5.650E+01  2.24032E-01  1.76005E-25  6.28525E-09 -1.24517E-03  1.0E-07
  5.700E+01  2.27680E-01  1.69662E-25  6.05874E-09 -1.27086E-03  1.0E-07
  5.750E+01  2.31350E-01  1.63595E-25  5.84207E-09 -1.29666E-03  1.0E-07
  5.800E+01  2.35040E-01  1.57788E-25  5.63472E-09 -1.32278E-03  1.0E-07
  5.850E+01  2.38751E-01  1.52229E-25  5.43620E-09 -1.34941E-03  1.0E-07
  5.900E+01  2.42481E-01  1.46905E-25  5.24608E-09 -1.37660E-03  1.0E-07
  5.950E+01  2.46231E-01  1.41805E-25  5.06394E-09 -1.40419E-03  1.0E-07
  6.000E+01  2.50000E-01  1.36917E-25  4.88939E-09 -1.43195E-03  1.0E-07
  6.050E+01  2.53788E-01  1.32231E-25  4.72206E-09 -1.45973E-03  1.0E-07
  6.100E+01  2.57595E-01  1.27738E-25  4.56159E-09 -1.48757E-03  1.0E-07
  6.150E+01  2.61421E-01  1.23427E-25  4.40765E-09 -1.51569E-03  1.0E-07
  6.200E+01  2.65264E-01  1.19290E-25  4.25993E-09 -1.54435E-03  1.0E-07
  6.250E+01  2.69126E-01  1.15319E-25  4.11811E-09 -1.57363E-03  1.0E-07
  6.300E+01  2.73005E-01  1.11505E-25  3.98193E-09 -1.60340E-03  1.0E-07
  6.350E+01  2.76901E-01  1.07842E-25  3.85112E-09 -1.63338E-03  1.0E-07
  6.400E+01  2.80814E-01  1.04323E-25  3.72545E-09 -1.66333E-03  1.0E-07
  6.450E+01  2.84744E-01  1.00941E-25  3.60467E-09 -1.69325E-03  1.0E-07
  6.500E+01  2.88691E-01  9.76893E-26  3.48855E-09 -1.72339E-03  1.0E-07
  6.550E+01  2.92653E-01  9.45622E-26  3.37688E-09 -1.75408E-03  1.0E-07
  6.600E+01  2.96632E-01  9.15539E-26  3.26945E-09 -1.78554E-03  1.0E-07
  6.650E+01  3.00625E-01  8.86591E-26  3.16607E-09 -1.81764E-03  1.0E-07
  6.700E+01  3.04634E-01  8.58729E-26  3.06658E-09 -1.85000E-03  1.0E-07
  6.750E+01  3.08658E-01  8.31907E-26  2.97079E-09 -1.88222E-03  1.0E-07
  6.800E+01  3.12697E-01  8.06079E-26  2.87856E-09 -1.91420E-03  1.0E-07
  6.850E+01  3.16749E-01  7.81201E-26  2.78972E-09 -1.94624E-03  1.0E-07
  6.900E+01  3.20816E-01  7.57229E-26  2.70412E-09 -1.97894E-03  1.0E-07
  6.950E+01  3.24896E-01  7.34124E-26  2.62161E-09 -2.01278E-03  1.0E-07
  7.000E+01  3.28990E-01  7.11849E-26  2.54206E-09 -2.04767E-03  1.0E-07
  7.050E+01  3.33097E-01  6.90370E-26  2.46536E-09 -2.08283E-03  1.0E-07
  7.100E+01  3.37216E-01  6.69658E-26  2.39139E-09 -2.11718E-03  1.0E-07
  7.150E+01  3.41348E-01  6.49681E-26  2.32005E-09 -2.15024E-03  1.0E-07
  7.200E+01  3.45492E-01  6.30404E-26  2.25122E-09 -2.18342E-03  1.0E-07
  7.250E+01  3.49647E-01  6.11792E-26  2.18475E-09 -2.22033E-03  1.0E-07
  7.300E+01  3.53814E-01  5.93823E-26  2.12058E-09 -2.25803E-03  1.0E-07
  7.350E+01  3.57992E-01  5.76474E-26  2.05863E-09 -2.29469E-03  1.0E-07
  7.400E+01  3.62181E-01  5.59722E-26  1.99880E-09 -2.33044E-03  1.0E-07
  7.450E+01  3.66381E-01  5.43539E-26  1.94101E-09 -2.36622E-03  1.0E-07
  7.500E+01  3.70590E-01  5.27901E-26  1.88517E-09 -2.40286E-03  1.0E-07
  7.550E+01  3.74810E-01  5.12787E-26  1.83120E-09 -2.44062E-03  1.0E-07
  7.600E+01  3.79039E-01  4.98176E-26  1.77902E-09 -2.47918E-03  1.0E-07
  7.650E+01  3.83277E-01  4.84049E-26  1.72857E-09 -2.51804E-03  1.0E-07
  7.700E+01  3.87524E-01  4.70388E-26  1.67979E-09 -2.55682E-03  1.0E-07
  7.750E+01  3.91780E-01  4.57175E-26  1.63260E-09 -2.59550E-03  1.0E-07
  7.800E+01  3.96044E-01  4.44393E-26  1.58696E-09 -2.63436E-03  1.0E-07
  7.850E+01  4.00316E-01  4.32025E-26  1.54279E-09 -2.67374E-03  1.0E-07
  7.900E+01  4.04596E-01  4.20053E-26  1.50004E-09 -2.71387E-03  1.0E-07
  7.950E+01  4.08882E-01  4.08465E-26  1.45865E-09 -2.75468E-03  1.0E-07
  8.000E+01  4.13176E-01  3.97244E-26  1.41859E-09 -2.79593E-03  1.0E-07
  8.050E+01  4.17476E-01  3.86379E-26  1.37979E-09 -2.83736E-03  1.0E-07
  8.100E+01  4.21783E-01  3.75856E-26  1.34221E-09 -2.87886E-03  1.0E-07
  8.150E+01  4.26095E-01  3.65663E-26  1.30580E-09 -2.92054E-03  1.0E-07
  8.200E+01  4.30413E-01  3.55786E-26  1.27053E-09 -2.96263E-03  1.0E-07
  8.250E+01  4.34737E-01  3.46214E-26  1.23635E-09 -3.00535E-03  1.0E-07
  8.300E+01  4.39065E-01  3.36937E-26  1.20322E-09 -3.04873E-03  1.0E-07
  8.350E+01  4.43398E-01  3.27943E-26  1.17111E-09 -3.09265E-03  1.0E-07
  8.400E+01  4.47736E-01  3.19223E-26  1.13997E-09 -3.13688E-03  1.0E-07
  8.450E+01  4.52077E-01  3.10767E-26  1.10977E-09 -3.18129E-03  1.0E-07
  8.500E+01  4.56422E-01  3.02565E-26  1.08048E-09 -3.22589E-03  1.0E-07
  8.550E+01  4.60770E-01  2.94610E-26  1.05207E-09 -3.27084E-03  1.0E-07
  8.600E+01  4.65122E-01  2.86891E-26  1.02451E-09 -3.31636E-03  1.0E-07
  8.650E+01  4.69476E-01  2.79400E-26  9.97757E-10 -3.36255E-03  1.0E-07
  8.700E+01  4.73832E-01  2.72131E-26  9.71796E-10 -3.40934E-03  1.0E-07
  8.750E+01  4.78190E-01  2.65074E-26  9.46596E-10 -3.45656E-03  1.0E-07
  8.800E+01  4.82550E-01  2.58223E-26  9.22133E-10 -3.50403E-03  1.0E-07
  8.850E+01  4.86912E-01  2.51572E-26  8.98380E-10 -3.55171E-03  1.0E-07
  8.900E+01  4.91274E-01  2.45113E-26  8.75313E-10 -3.59973E-03  1.0E-07
  8.950E+01  4.95637E-01  2.38839E-26  8.52909E-10 -3.64827E-03  1.0E-07
  9.000E+01  5.00000E-01  2.32744E-26  8.31145E-10 -3.69749E-03  1.0E-07
  9.050E+01  5.04363E-01  2.26823E-26  8.10000E-10 -3.74738E-03  1.0E-07
  9.100E+01  5.08726E-01  2.21070E-26  7.89454E-10 -3.79779E-03  1.0E-07
  9.150E+01  5.13088E-01  2.15478E-26  7.69487E-10 -3.84854E-03  1.0E-07
  9.200E+01  5.17450E-01  2.10044E-26  7.50080E-10 -3.89954E-03  1.0E-07
  9.250E+01  5.21810E-01  2.04761E-26  7.31216E-10 -3.95085E-03  1.0E-07
  9.300E+01  5.26168E-01  1.99626E-26  7.12876E-10 -4.00268E-03  1.0E-07
  9.350E+01  5.30524E-01  1.94632E-26  6.95042E-10 -4.05519E-03  1.0E-07
  9.400E+01  5.34878E-01  1.89775E-26  6.77699E-10 -4.10843E-03  1.0E-07
  9.450E+01  5.39230E-01  1.85052E-26  6.60831E-10 -4.16228E-03  1.0E-07
  9.500E+01  5.43578E-01  1.80457E-26  6.44423E-10 -4.21654E-03  1.0E-07
  9.550E+01  5.47923E-01  1.75987E-26  6.28461E-10 -4.27112E-03  1.0E-07
  9.600E+01  5.52264E-01  1.71638E-26  6.12931E-10 -4.32602E-03  1.0E-07
  9.650E+01  5.56602E-01  1.67406E-26  5.97819E-10 -4.38142E-03  1.0E-07
  9.700E+01  5.60935E-01  1.63288E-26  5.83111E-10 -4.43752E-03  1.0E-07
  9.750E+01  5.65263E-01  1.59279E-26  5.68795E-10 -4.49439E-03  1.0E-07
  9.800E+01  5.69587E-01  1.55376E-26  5.54859E-10 -4.55198E-03  1.0E-07
  9.850E+01  5.73905E-01  1.51577E-26  5.41292E-10 -4.61007E-03  1.0E-07
  9.900E+01  5.78217E-01  1.47878E-26  5.28082E-10 -4.66854E-03  1.0E-07
  9.950E+01  5.82524E-01  1.44276E-26  5.15219E-10 -4.72736E-03  1.0E-07
  1.000E+02  5.86824E-01  1.40768E-26  5.02692E-10 -4.78667E-03  1.0E-07
  1.005E+02  5.91118E-01  1.37351E-26  4.90490E-10 -4.84671E-03  1.0E-07
  1.010E+02  5.95404E-01  1.34023E-26  4.78604E-10 -4.90755E-03  1.0E-07
  1.015E+02  5.99684E-01  1.30780E-26  4.67024E-10 -4.96922E-03  1.0E-07
  1.020E+02  6.03956E-01  1.27621E-26  4.55741E-10 -5.03149E-03  1.0E-07
  1.025E+02  6.08220E-01  1.24542E-26  4.44748E-10 -5.09422E-03  1.0E-07
  1.030E+02  6.12476E-01  1.21542E-26  4.34034E-10 -5.15735E-03  1.0E-07
  1.035E+02  6.16723E-01  1.18618E-26  4.23593E-10 -5.22097E-03  1.0E-07
  1.040E+02  6.20961E-01  1.15768E-26  4.13415E-10 -5.28535E-03  1.0E-07
  1.045E+02  6.25190E-01  1.12990E-26  4.03493E-10 -5.35056E-03  1.0E-07
  1.050E+02  6.29410E-01  1.10281E-26  3.93820E-10 -5.41671E-03  1.0E-07
  1.055E+02  6.33619E-01  1.07640E-26  3.84389E-10 -5.48359E-03  1.0E-07
  1.060E+02  6.37819E-01  1.05065E-26  3.75193E-10 -5.55101E-03  1.0E-07
  1.065E+02  6.42008E-01  1.02553E-26  3.66224E-10 -5.61894E-03  1.0E-07
  1.070E+02  6.46186E-01  1.00104E-26  3.57478E-10 -5.68728E-03  1.0E-07
  1.075E+02  6.50353E-01  9.77150E-27  3.48947E-10 -5.75654E-03  1.0E-07
  1.080E+02  6.54508E-01  9.53847E-27  3.40625E-10 -5.82646E-03  1.0E-07
  1.085E+02  6.58652E-01  9.31111E-27  3.32506E-10 -5.89771E-03  1.0E-07
  1.090E+02  6.62784E-01  9.08930E-27  3.24585E-10 -5.96959E-03  1.0E-07
  1.095E+02  6.66903E-01  8.87287E-27  3.16856E-10 -6.04232E-03  1.0E-07
  1.100E+02  6.71010E-01  8.66168E-27  3.09314E-10 -6.11546E-03  1.0E-07
  1.105E+02  6.75104E-01  8.45558E-27  3.01954E-10 -6.18922E-03  1.0E-07
  1.110E+02  6.79184E-01  8.25444E-27  2.94771E-10 -6.26371E-03  1.0E-07
  1.115E+02  6.83251E-01  8.05811E-27  2.87760E-10 -6.33919E-03  1.0E-07
  1.120E+02  6.87303E-01  7.86646E-27  2.80916E-10 -6.41583E-03  1.0E-07
  1.125E+02  6.91342E-01  7.67937E-27  2.74235E-10 -6.49348E-03  1.0E-07
  1.130E+02  6.95366E-01  7.49671E-27  2.67712E-10 -6.57198E-03  1.0E-07
  1.135E+02  6.99375E-01  7.31838E-27  2.61344E-10 -6.65108E-03  1.0E-07
  1.140E+02  7.03368E-01  7.14425E-27  2.55126E-10 -6.73078E-03  1.0E-07
  1.145E+02  7.07347E-01  6.97422E-27  2.49054E-10 -6.81128E-03  1.0E-07
  1.150E+02  7.11309E-01  6.80816E-27  2.43124E-10 -6.89283E-03  1.0E-07
  1.155E+02  7.15256E-01  6.64598E-27  2.37332E-10 -6.97566E-03  1.0E-07
  1.160E+02  7.19186E-01  6.48757E-27  2.31675E-10 -7.05969E-03  1.0E-07
  1.165E+02  7.23099E-01  6.33285E-27  2.26150E-10 -7.14473E-03  1.0E-07
  1.170E+02  7.26995E-01  6.18170E-27  2.20753E-10 -7.23049E-03  1.0E-07
  1.175E+02  7.30874E-01  6.03405E-27  2.15480E-10 -7.31692E-03  1.0E-07
  1.180E+02  7.34736E-01  5.88981E-27  2.10329E-10 -7.40419E-03  1.0E-07
  1.185E+02  7.38579E-01  5.74887E-27  2.05296E-10 -7.49259E-03  1.0E-07
  1.190E+02  7.42405E-01  5.61116E-27  2.00378E-10 -7.58241E-03  1.0E-07
  1.195E+02  7.46212E-01  5.47659E-27  1.95573E-10 -7.67362E-03  1.0E-07
  1.200E+02  7.50000E-01  5.34509E-27  1.90877E-10 -7.76603E-03  1.0E-07
  1.205E+02  7.53769E-01  5.21658E-27  1.86288E-10 -7.85934E-03  1.0E-07
  1.210E+02  7.57519E-01  5.09099E-27  1.81803E-10 -7.95339E-03  1.0E-07
  1.215E+02  7.61249E-01  4.96824E-27  1.77419E-10 -8.04834E-03  1.0E-07
  1.220E+02  7.64960E-01  4.84827E-27  1.73135E-10 -8.14452E-03  1.0E-07
  1.225E+02  7.68650E-01  4.73099E-27  1.68947E-10 -8.24225E-03  1.0E-07
  1.230E+02  7.72320E-01  4.61635E-27  1.64853E-10 -8.34161E-03  1.0E-07
  1.235E+02  7.75968E-01  4.50428E-27  1.60851E-10 -8.44239E-03  1.0E-07
  1.240E+02  7.79596E-01  4.39472E-27  1.56938E-10 -8.54426E-03  1.0E-07
  1.245E+02  7.83203E-01  4.28761E-27  1.53113E-10 -8.64700E-03  1.0E-07
  1.250E+02  7.86788E-01  4.18289E-27  1.49374E-10 -8.75071E-03  1.0E-07
  1.255E+02  7.90351E-01  4.08051E-27  1.45718E-10 -8.85575E-03  1.0E-07
  1.260E+02  7.93893E-01  3.98039E-27  1.42142E-10 -8.96251E-03  1.0E-07
  1.265E+02  7.97411E-01  3.88250E-27  1.38647E-10 -9.07114E-03  1.0E-07
  1.270E+02  8.00908E-01  3.78677E-27  1.35228E-10 -9.18146E-03  1.0E-07
  1.275E+02  8.04381E-01  3.69316E-27  1.31885E-10 -9.29310E-03  1.0E-07
  1.280E+02  8.07831E-01  3.60162E-27  1.28616E-10 -9.40578E-03  1.0E-07
  1.285E+02  8.11257E-01  3.51211E-27  1.25420E-10 -9.51953E-03  1.0E-07
  1.290E+02  8.14660E-01  3.42456E-27  1.22293E-10 -9.63472E-03  1.0E-07
  1.295E+02  8.18039E-01  3.33894E-27  1.19236E-10 -9.75179E-03  1.0E-07
  1.300E+02  8.21394E-01  3.25520E-27  1.16245E-10 -9.87100E-03  1.0E-07
  1.305E+02  8.24724E-01  3.17330E-27  1.13321E-10 -9.99222E-03  1.0E-07
  1.310E+02  8.28030E-01  3.09320E-27  1.10460E-10 -1.01151E-02  1.0E-07
  1.315E+02  8.31310E-01  3.01485E-27  1.07662E-10 -1.02391E-02  1.0E-07
  1.320E+02  8.34565E-01  2.93822E-27  1.04926E-10 -1.03644E-02  1.0E-07
  1.325E+02  8.37795E-01  2.86327E-27  1.02249E-10 -1.04912E-02  1.0E-07
  1.330E+02  8.40999E-01  2.78996E-27  9.96314E-11 -1.06201E-02  1.0E-07
  1.335E+02  8.44177E-01  2.71826E-27  9.70707E-11 -1.07514E-02  1.0E-07
  1.340E+02  8.47329E-01  2.64811E-27  9.45658E-11 -1.08851E-02  1.0E-07
  1.345E+02  8.50455E-01  2.57950E-27  9.21158E-11 -1.10208E-02  1.0E-07
  1.350E+02  8.53553E-01  2.51240E-27  8.97194E-11 -1.11580E-02  1.0E-07
  1.355E+02  8.56625E-01  2.44676E-27  8.73755E-11 -1.12965E-02  1.0E-07
  1.360E+02  8.59670E-01  2.38256E-27  8.50829E-11 -1.14367E-02  1.0E-07
  1.365E+02  8.62687E-01  2.31977E-27  8.28405E-11 -1.15790E-02  1.0E-07
  1.370E+02  8.65677E-01  2.25835E-27  8.06471E-11 -1.17241E-02  1.0E-07
  1.375E+02  8.68639E-01  2.19827E-27  7.85016E-11 -1.18721E-02  1.0E-07
  1.380E+02  8.71572E-01  2.13950E-27  7.64031E-11 -1.20225E-02  1.0E-07
  1.385E+02  8.74478E-01  2.08203E-27  7.43507E-11 -1.21747E-02  1.0E-07
  1.390E+02  8.77355E-01  2.02583E-27  7.23435E-11 -1.23284E-02  1.0E-07
  1.395E+02  8.80203E-01  1.97086E-27  7.03805E-11 -1.24838E-02  1.0E-07
  1.400E+02  8.83022E-01  1.91710E-27  6.84608E-11 -1.26413E-02  1.0E-07
  1.405E+02  8.85812E-01  1.86452E-27  6.65833E-11 -1.28020E-02  1.0E-07
  1.410E+02  8.88573E-01  1.81311E-27  6.47472E-11 -1.29661E-02  1.0E-07
  1.415E+02  8.91304E-01  1.76283E-27  6.29516E-11 -1.31334E-02  1.0E-07
  1.420E+02  8.94005E-01  1.71366E-27  6.11959E-11 -1.33030E-02  1.0E-07
  1.425E+02  8.96677E-01  1.66559E-27  5.94794E-11 -1.34739E-02  1.0E-07
  1.430E+02  8.99318E-01  1.61860E-27  5.78012E-11 -1.36458E-02  1.0E-07
  1.435E+02  9.01928E-01  1.57266E-27  5.61606E-11 -1.38194E-02  1.0E-07
  1.440E+02  9.04508E-01  1.52774E-27  5.45566E-11 -1.39976E-02  1.0E-07
  1.445E+02  9.07058E-01  1.48383E-27  5.29884E-11 -1.41821E-02  1.0E-07
  1.450E+02  9.09576E-01  1.44090E-27  5.14555E-11 -1.43684E-02  1.0E-07
  1.455E+02  9.12063E-01  1.39895E-27  4.99576E-11 -1.45552E-02  1.0E-07
  1.460E+02  9.14519E-01  1.35796E-27  4.84938E-11 -1.47432E-02  1.0E-07
  1.465E+02  9.16943E-01  1.31791E-27  4.70633E-11 -1.49338E-02  1.0E-07
  1.470E+02  9.19335E-01  1.27877E-27  4.56656E-11 -1.51282E-02  1.0E-07
  1.475E+02  9.21696E-01  1.24052E-27  4.42999E-11 -1.53268E-02  1.0E-07
  1.480E+02  9.24024E-01  1.20316E-27  4.29657E-11 -1.55290E-02  1.0E-07
  1.485E+02  9.26320E-01  1.16667E-27  4.16625E-11 -1.57337E-02  1.0E-07
  1.490E+02  9.28584E-01  1.13103E-27  4.03898E-11 -1.59403E-02  1.0E-07
  1.495E+02  9.30815E-01  1.09623E-27  3.91471E-11 -1.61484E-02  1.0E-07
  1.500E+02  9.33013E-01  1.06225E-27  3.79338E-11 -1.63587E-02  1.0E-07
  1.505E+02  9.35178E-01  1.02909E-27  3.67493E-11 -1.65722E-02  1.0E-07
  1.510E+02  9.37310E-01  9.96708E-28  3.55931E-11 -1.67893E-02  1.0E-07
  1.515E+02  9.39409E-01  9.65110E-28  3.44647E-11 -1.70100E-02  1.0E-07
  1.520E+02  9.41474E-01  9.34278E-28  3.33637E-11 -1.72334E-02  1.0E-07
  1.525E+02  9.43505E-01  9.04202E-28  3.22896E-11 -1.74585E-02  1.0E-07
  1.530E+02  9.45503E-01  8.74869E-28  3.12421E-11 -1.76845E-02  1.0E-07
  1.535E+02  9.47467E-01  8.46267E-28  3.02207E-11 -1.79118E-02  1.0E-07
  1.540E+02  9.49397E-01  8.18383E-28  2.92250E-11 -1.81412E-02  1.0E-07
  1.545E+02  9.51293E-01  7.91204E-28  2.82544E-11 -1.83732E-02  1.0E-07
  1.550E+02  9.53154E-01  7.64718E-28  2.73086E-11 -1.86080E-02  1.0E-07
  1.555E+02  9.54981E-01  7.38916E-28  2.63872E-11 -1.88445E-02  1.0E-07
  1.560E+02  9.56773E-01  7.13789E-28  2.54899E-11 -1.90814E-02  1.0E-07
  1.565E+02  9.58530E-01  6.89327E-28  2.46163E-11 -1.93176E-02  1.0E-07
  1.570E+02  9.60252E-01  6.65521E-28  2.37662E-11 -1.95527E-02  1.0E-07
  1.575E+02  9.61940E-01  6.42359E-28  2.29391E-11 -1.97873E-02  1.0E-07
  1.580E+02  9.63592E-01  6.19831E-28  2.21346E-11 -2.00220E-02  1.0E-07
  1.585E+02  9.65209E-01  5.97928E-28  2.13524E-11 -2.02567E-02  1.0E-07
  1.590E+02  9.66790E-01  5.76640E-28  2.05922E-11 -2.04902E-02  1.0E-07
  1.595E+02  9.68336E-01  5.55962E-28  1.98538E-11 -2.07205E-02  1.0E-07
  1.600E+02  9.69846E-01  5.35886E-28  1.91368E-11 -2.09457E-02  1.0E-07
  1.605E+02  9.71321E-01  5.16404E-28  1.84411E-11 -2.11647E-02  1.0E-07
  1.610E+02  9.72759E-01  4.97507E-28  1.77663E-11 -2.13775E-02  1.0E-07
  1.615E+02  9.74162E-01  4.79187E-28  1.71121E-11 -2.15842E-02  1.0E-07
  1.620E+02  9.75528E-01  4.61436E-28  1.64782E-11 -2.17843E-02  1.0E-07
  1.625E+02  9.76858E-01  4.44247E-28  1.58643E-11 -2.19759E-02  1.0E-07
  1.630E+02  9.78152E-01  4.27615E-28  1.52704E-11 -2.21561E-02  1.0E-07
  1.635E+02  9.79410E-01  4.11534E-28  1.46961E-11 -2.23216E-02  1.0E-07
  1.640E+02  9.80631E-01  3.95998E-28  1.41414E-11 -2.24700E-02  1.0E-07
  1.645E+02  9.81815E-01  3.81001E-28  1.36058E-11 -2.26001E-02  1.0E-07
  1.650E+02  9.82963E-01  3.66536E-28  1.30892E-11 -2.27111E-02  1.0E-07
  1.655E+02  9.84074E-01  3.52595E-28  1.25914E-11 -2.28012E-02  1.0E-07
  1.660E+02  9.85148E-01  3.39174E-28  1.21121E-11 -2.28675E-02  1.0E-07
  1.665E+02  9.86185E-01  3.26269E-28  1.16513E-11 -2.29054E-02  1.0E-07
  1.670E+02  9.87185E-01  3.13876E-28  1.12087E-11 -2.29097E-02  1.0E-07
  1.675E+02  9.88148E-01  3.01990E-28  1.07843E-11 -2.28761E-02  1.0E-07
  1.680E+02  9.89074E-01  2.90608E-28  1.03778E-11 -2.28013E-02  1.0E-07
  1.685E+02  9.89962E-01  2.79722E-28  9.98905E-12 -2.26830E-02  1.0E-07
  1.690E+02  9.90814E-01  2.69328E-28  9.61787E-12 -2.25183E-02  1.0E-07
  1.695E+02  9.91627E-01  2.59421E-28  9.26409E-12 -2.23024E-02  1.0E-07
  1.700E+02  9.92404E-01  2.49999E-28  8.92763E-12 -2.20291E-02  1.0E-07
  1.705E+02  9.93143E-01  2.41060E-28  8.60841E-12 -2.16917E-02  1.0E-07
  1.710E+02  9.93844E-01  2.32601E-28  8.30634E-12 -2.12842E-02  1.0E-07
  1.715E+02  9.94508E-01  2.24619E-28  8.02130E-12 -2.08023E-02  1.0E-07
  1.720E+02  9.95134E-01  2.17109E-28  7.75311E-12 -2.02432E-02  1.0E-07
  1.725E+02  9.95722E-01  2.10067E-28  7.50162E-12 -1.96043E-02  1.0E-07
  1.730E+02  9.96273E-01  2.03489E-28  7.26673E-12 -1.88818E-02  1.0E-07
  1.735E+02  9.96786E-01  1.97375E-28  7.04838E-12 -1.80711E-02  1.0E-07
  1.740E+02  9.97261E-01  1.91723E-28  6.84656E-12 -1.71676E-02  1.0E-07
  1.745E+02  9.97698E-01  1.86533E-28  6.66123E-12 -1.61686E-02  1.0E-07
  1.750E+02  9.98097E-01  1.81803E-28  6.49232E-12 -1.50741E-02  1.0E-07
  1.755E+02  9.98459E-01  1.77530E-28  6.33971E-12 -1.38870E-02  1.0E-07
  1.760E+02  9.98782E-01  1.73709E-28  6.20327E-12 -1.26114E-02  1.0E-07
  1.765E+02  9.99067E-01  1.70339E-28  6.08291E-12 -1.12517E-02  1.0E-07
  1.770E+02  9.99315E-01  1.67418E-28  5.97861E-12 -9.81253E-03  1.0E-07
  1.775E+02  9.99524E-01  1.64949E-28  5.89042E-12 -8.29945E-03  1.0E-07
  1.780E+02  9.99695E-01  1.62931E-28  5.81839E-12 -6.72085E-03  1.0E-07
  1.785E+02  9.99829E-01  1.61367E-28  5.76252E-12 -5.08785E-03  1.0E-07
  1.790E+02  9.99924E-01  1.60254E-28  5.72276E-12 -3.41392E-03  1.0E-07
  1.795E+02  9.99981E-01  1.59587E-28  5.69895E-12 -1.71351E-03  1.0E-07
  1.800E+02  1.00000E+00  1.59368E-28  5.69112E-12 -2.40709E-17  1.0E-07
