

  **** PARTIAL WAVE ANALYSIS (DPWA0) ******************************************


  KINETIC ENERGY = 3.70000E+06 eV

      L       PHASE(SPIN UP)     PHASE(SPIN DOWN)
  -----------------------------------------------
       0      2.92899417E-01      0.00000000E+00
       1      2.57737168E-01      2.87553400E-01
       2      2.38657940E-01      2.55060667E-01
       3      2.25443979E-01      2.36873685E-01
       4      2.15311248E-01      2.24105873E-01
       5      2.07086840E-01      2.14240852E-01
       6      2.00163092E-01      2.06194932E-01
       7      1.94183675E-01      1.99398691E-01
       8      1.88921458E-01      1.93514915E-01
       9      1.84222660E-01      1.88327097E-01
      10      1.79978284E-01      1.83687828E-01
      11      1.76108237E-01      1.79492166E-01
      12      1.72551929E-01      1.75662721E-01
      13      1.69262411E-01      1.72140777E-01
      14      1.66202557E-01      1.68880719E-01
      15      1.63342506E-01      1.65846404E-01
      16      1.60657875E-01      1.63008705E-01
      17      1.58128501E-01      1.60343802E-01
      18      1.55737514E-01      1.57831969E-01
      19      1.53470660E-01      1.55456680E-01
      20      1.51315786E-01      1.53203960E-01
      21      1.49262445E-01      1.51061878E-01
      22      1.47301592E-01      1.49020170E-01
      23      1.45425343E-01      1.47069941E-01
      24      1.43626783E-01      1.45203435E-01
      25      1.41899817E-01      1.43413842E-01
      26      1.40239042E-01      1.41695156E-01
      27      1.38639646E-01      1.40042051E-01
      28      1.37097328E-01      1.38449780E-01
      29      1.35608223E-01      1.36914098E-01
      30      1.34168849E-01      1.35431189E-01
      31      1.32776059E-01      1.33997615E-01
      32      1.31426992E-01      1.32610263E-01
      33      1.30119050E-01      1.31266308E-01
      34      1.28849856E-01      1.29963179E-01
      35      1.27617239E-01      1.28698526E-01
      36      1.26419203E-01      1.27470198E-01
      37      1.25253914E-01      1.26276222E-01
      38      1.24119682E-01      1.25114782E-01
      39      1.23014943E-01      1.23984203E-01
      40      1.21938251E-01      1.22882935E-01
      41      1.20888264E-01      1.21809548E-01
      42      1.19863735E-01      1.20762709E-01
      43      1.18863501E-01      1.19741182E-01
      44      1.17886482E-01      1.18743818E-01
      45      1.16931664E-01      1.17769540E-01
      46      1.15998103E-01      1.16817347E-01
      47      1.15084911E-01      1.15886300E-01
      48      1.14191256E-01      1.14975518E-01
      49      1.13316358E-01      1.14084177E-01
      50      1.12459482E-01      1.13211501E-01
      51      1.11619934E-01      1.12356760E-01
      52      1.10797063E-01      1.11519268E-01
      53      1.09990253E-01      1.10698375E-01
      54      1.09198920E-01      1.09893471E-01
      55      1.08422515E-01      1.09103976E-01
      56      1.07660515E-01      1.08329343E-01
      57      1.06912425E-01      1.07569055E-01
      58      1.06177777E-01      1.06822619E-01
      59      1.05456124E-01      1.06089569E-01
      60      1.04747043E-01      1.05369462E-01
      61      1.04050130E-01      1.04661877E-01
      62      1.03365003E-01      1.03966413E-01
      63      1.02691294E-01      1.03282689E-01
      64      1.02028655E-01      1.02610340E-01
      65      1.01376753E-01      1.01949020E-01
      66      1.00735269E-01      1.01298397E-01
      67      1.00103901E-01      1.00658156E-01
      68      9.94823562E-02      1.00027994E-01
      69      9.88703573E-02      9.94076211E-02
      70      9.82676375E-02      9.87967611E-02
      71      9.76739413E-02      9.81951487E-02
      72      9.70890238E-02      9.76025296E-02
      73      9.65126498E-02      9.70186602E-02
      74      9.59445938E-02      9.64433066E-02
      75      9.53846389E-02      9.58762441E-02
      76      9.48325768E-02      9.53172571E-02
      77      9.42882071E-02      9.47661382E-02
      78      9.37513371E-02      9.42226880E-02
      79      9.32217811E-02      9.36867145E-02
      80      9.26993605E-02      9.31580331E-02
      81      9.21839030E-02      9.26364658E-02
      82      9.16752426E-02      9.21218412E-02
      83      9.11732191E-02      9.16139940E-02
      84      9.06776781E-02      9.11127647E-02
      85      9.01884704E-02      9.06179995E-02
      86      8.97054520E-02      9.01295499E-02
      87      8.92284836E-02      8.96472724E-02
      88      8.87574307E-02      8.91710284E-02
      89      8.82921634E-02      8.87006840E-02
      90      8.78325558E-02      8.82361096E-02
      91      8.73784860E-02      8.77771799E-02
      92      8.69298364E-02      8.73237736E-02
      93      8.64864927E-02      8.68757734E-02
      94      8.60483444E-02      8.64330656E-02

  WARNING: Possible accumulation of round-off errors.
      95      8.56152843E-02      8.59955400E-02  i
      96      8.51872086E-02      8.55630898E-02  i
      97      8.47640165E-02      8.51356117E-02  i
      98      8.43456104E-02      8.47130052E-02  i
      99      8.39318955E-02      8.42951730E-02  i
     100      8.35227796E-02      8.38820206E-02  i
     105      8.15431476E-02      8.18833380E-02  i
     110      7.96661119E-02      7.99889540E-02  i
     115      7.78827302E-02      7.81897096E-02  i
     120      7.61851704E-02      7.64775914E-02  i
     125      7.45665315E-02      7.48455463E-02  i
     130      7.30207005E-02      7.32873319E-02  i
     135      7.15422351E-02      7.17973954E-02  i
     140      7.01262678E-02      7.03707744E-02  i
     145      6.87684271E-02      6.90030155E-02  i
     150      6.74647714E-02      6.76901057E-02  i
     155      6.62117339E-02      6.64284160E-02  i
     160      6.50060763E-02      6.52146532E-02  i
     165      6.38448491E-02      6.40458199E-02  i
     170      6.27253581E-02      6.29191791E-02  i
     175      6.16451359E-02      6.18322255E-02  i
     180      6.06019167E-02      6.07826593E-02  i
     185      5.95936150E-02      5.97683650E-02  i
     190      5.86183072E-02      5.87873917E-02  i
     195      5.76742149E-02      5.78379365E-02  i
     200      5.67596911E-02      5.69183304E-02  i
     205      5.58732077E-02      5.60270251E-02  i
     210      5.50133440E-02      5.51625819E-02  i
     215      5.41787775E-02      5.43236615E-02  i
     220      5.33682748E-02      5.35090155E-02  i
     225      5.25806841E-02      5.27174784E-02  i
     230      5.18149284E-02      5.19479605E-02  i
     235      5.10699992E-02      5.11994416E-02  i
     240      5.03449510E-02      5.04709654E-02  i
     245      4.96388961E-02      4.97616346E-02  i
     250      4.89510004E-02      4.90706059E-02  i
     255      4.82804795E-02      4.83970864E-02  i
     260      4.76265944E-02      4.77403294E-02  i
     265      4.69886486E-02      4.70996312E-02  i
     270      4.63659850E-02      4.64743279E-02  i
     275      4.57579832E-02      4.58637929E-02  i
     280      4.51640566E-02      4.52674339E-02  i
     285      4.45836504E-02      4.46846906E-02  i
     290      4.40162397E-02      4.41150329E-02  i
     295      4.34613267E-02      4.35579586E-02  i
     300      4.29184400E-02      4.30129915E-02  i
     310      4.18669778E-02      4.19575956E-02  i
     320      4.08585372E-02      4.09454993E-02  i
     330      3.98901221E-02      3.99736799E-02  i
     340      3.89590194E-02      3.90394008E-02  i
     350      3.80627664E-02      3.81401785E-02  i
     360      3.71991230E-02      3.72737543E-02  i
     370      3.63660476E-02      3.64380702E-02  i
     380      3.55616762E-02      3.56312472E-02  i
     390      3.47843034E-02      3.48515668E-02  i
     400      3.40323665E-02      3.40974541E-02  i
     410      3.33044311E-02      3.33674643E-02  i
     420      3.25991785E-02      3.26602687E-02  i
     430      3.19153943E-02      3.19746443E-02  i
     440      3.12519586E-02      3.13094633E-02  i
     450      3.06078373E-02      3.06636843E-02  i
     460      2.99820736E-02      3.00363441E-02  i
     470      2.93737816E-02      2.94265508E-02  i
     480      2.87821395E-02      2.88334771E-02  i
     490      2.82063839E-02      2.82563548E-02  i
     500      2.76458051E-02      2.76944697E-02  i
     510      2.70997420E-02      2.71471564E-02  i
     520      2.65675781E-02      2.66137949E-02  i
     530      2.60487378E-02      2.60938060E-02  i
     540      2.55426831E-02      2.55866486E-02  i
     550      2.50489102E-02      2.50918159E-02  i
     560      2.45669470E-02      2.46088332E-02  i
     570      2.40963504E-02      2.41372549E-02  i
     580      2.36367041E-02      2.36766625E-02  i
     590      2.31876163E-02      2.32266620E-02  i
     600      2.27487181E-02      2.27868828E-02  i
     620      2.19001180E-02      2.19366082E-02  i
     640      2.10883444E-02      2.11232667E-02  i
     660      2.03111049E-02      2.03445548E-02  i
     680      1.95663363E-02      1.95984002E-02  i
     700      1.88521738E-02      1.88829299E-02  i
     720      1.81669245E-02      1.81964438E-02  i
     740      1.75090446E-02      1.75373920E-02  i
     760      1.68771210E-02      1.69043561E-02  i
     780      1.62698546E-02      1.62960324E-02  i
     800      1.56860475E-02      1.57112185E-02  i
     820      1.51245905E-02      1.51488018E-02  i
     840      1.45844533E-02      1.46077486E-02  i
     860      1.40646761E-02      1.40870962E-02  i
     880      1.35643618E-02      1.35859449E-02  i
     900      1.30826700E-02      1.31034519E-02  i
     920      1.26188111E-02      1.26388254E-02  i
     940      1.21720415E-02      1.21913201E-02  i
     960      1.17416595E-02      1.17602324E-02  i
     980      1.13270018E-02      1.13448973E-02  i
    1000      1.09274398E-02      1.09446848E-02  i
    1020      1.05423769E-02      1.05589971E-02  i
    1040      1.01712464E-02      1.01872660E-02  i
    1060      9.81350877E-03      9.82895098E-03  i
    1080      9.46864980E-03      9.48353668E-03  i
    1100      9.13617900E-03      9.15053163E-03  i
    1120      8.81562785E-03      8.82946637E-03  i
    1140      8.50654845E-03      8.51989212E-03  i
    1160      8.20851223E-03      8.22137950E-03  i
    1180      7.92110880E-03      7.93351732E-03  i
    1200      7.64394485E-03      7.65591156E-03  i
    1250      6.99339534E-03      7.00432715E-03  i
    1300      6.39903697E-03      6.40902563E-03  i
    1350      5.85590459E-03      5.86503318E-03  i
    1400      5.35949745E-03      5.36784137E-03  i
    1450      4.90572837E-03      4.91335612E-03  i
    1500      4.49088053E-03      4.49785445E-03  i
    1550      4.11157033E-03      4.11794720E-03  i
    1600      3.76471504E-03      3.77054659E-03  i
    1650      3.44750427E-03      3.45283769E-03  i
    1700      3.15737479E-03      3.16225312E-03  i
    1750      2.89198789E-03      2.89645042E-03  i
    1800      2.64920920E-03      2.65329177E-03  i
    1850      2.42709040E-03      2.43082574E-03  i
    1900      2.22385274E-03      2.22727074E-03  i
    1950      2.03787208E-03      2.04100001E-03  i
    2000      1.86766528E-03      1.87052807E-03  i
    2050      1.71187788E-03      1.71449828E-03  i
    2100      1.56927284E-03      1.57167164E-03  i
    2150      1.43872028E-03      1.44091647E-03  i
    2200      1.31918815E-03      1.32119906E-03  i
    2250      1.20973368E-03      1.21157516E-03  i
    2300      1.10949563E-03      1.11118215E-03  i
    2350      1.01768717E-03      1.01923195E-03  i
    2400      9.33589430E-04      9.35004554E-04  i
    2450      8.56545567E-04      8.57842072E-04  i
    2500      7.85955384E-04      7.87143358E-04  i
    2550      7.21270366E-04      7.22359028E-04  i
    2600      6.61989247E-04      6.62987021E-04  i
    2650      6.07653862E-04      6.08568450E-04  i
    2700      5.57845415E-04      5.58683857E-04  i
    2750      5.12181059E-04      5.12949790E-04  i
    2800      4.70310776E-04      4.71015680E-04  i
    2850      4.31914530E-04      4.32560987E-04  i
    2900      3.96699673E-04      3.97292603E-04  i
    2950      3.64398572E-04      3.64942476E-04  i
    3000      3.34766438E-04      3.35265432E-04  i
    3100      2.82632465E-04      2.83052613E-04  i
    3200      2.38725490E-04      2.39079425E-04  i
    3300      2.01729070E-04      2.02027374E-04  i
    3400      1.70540338E-04      1.70791876E-04  i
    3500      1.44234989E-04      1.44447194E-04  i
    3600      1.22037853E-04      1.22216960E-04  i
    3700      1.03298626E-04      1.03449866E-04  i
    3800      8.74713813E-05      8.75991494E-05  i
    3900      7.40976076E-05      7.42055939E-05  i
    4000      6.27920261E-05      6.28833329E-05  i
    4100      5.32306943E-05      5.33079308E-05  i
    4200      4.51411191E-05      4.52064806E-05  i
    4300      3.82939529E-05      3.83492872E-05  i
    4400      3.24960869E-05      3.25429506E-05  i
    4500      2.75848194E-05      2.76245246E-05  i
    4600      2.34230088E-05      2.34566615E-05  i
    4700      1.98950075E-05      1.99235403E-05  i
    4800      1.69032262E-05      1.69274266E-05  i
    4900      1.43653008E-05      1.43858334E-05  i
    5000      1.22116719E-05      1.22290983E-05  i
    5100      1.03835569E-05      1.03983516E-05  i
    5200      8.83127815E-06      8.84384260E-06  i
    5300      7.51282540E-06      7.52349878E-06  i
    5400      6.39265017E-06      6.40171971E-06  i
    5500      5.44067599E-06      5.44838475E-06  i
    5600      4.63142440E-06      4.63797830E-06  i
    5700      3.94332556E-06      3.94889896E-06  i
    5800      3.35809572E-06      3.36283650E-06  i
    5900      2.86024140E-06      2.86427487E-06  i
    6000      2.43661833E-06      2.44005064E-06  i
    6100      2.07608029E-06      2.07900184E-06  i
    6200      1.76916992E-06      1.77165726E-06  i
    6300      1.50785895E-06      1.50997695E-06  i
    6400      1.28532820E-06      1.28713195E-06  i
    6500      1.09578838E-06      1.09732494E-06  i
    6600      9.34321393E-07      9.35630551E-07  i
    6700      7.96745555E-07      7.97861092E-07  i
    6800      6.79482296E-07      6.80432881E-07  i
    6900      5.79551241E-07      5.80361503E-07  i
    7000      4.94406474E-07      4.95097290E-07  i
    7100      4.21790387E-07      4.22379404E-07  i
    7200      3.59830169E-07      3.60332425E-07  i
    7300      3.07030119E-07      3.07458386E-07  i
    7400      2.61985333E-07      2.62350661E-07  i
    7500      2.23575686E-07      2.23887270E-07  i
    7600      1.90810342E-07      1.91076155E-07  i
    7700      1.62857134E-07      1.63083952E-07  i
    7800      1.38989391E-07      1.39182972E-07  i
    7900      1.18638139E-07      1.18803214E-07  i
    8000      1.01270990E-07      1.01411839E-07  i
    8100      8.64489868E-08      8.65693071E-08  i
    8200      7.37983313E-08      7.39008948E-08  i
    8300      6.29742909E-08      6.30618404E-08  i
    8400      5.37563481E-08      5.38312196E-08  i
    8500      4.58868249E-08      4.59505999E-08  i
    8600      3.91685563E-08      3.92229189E-08  i
    8700      3.34317940E-08      3.34783333E-08  i
    8800      2.85339817E-08      2.85737788E-08  i
    8900      2.43157064E-08      2.43498785E-08  i
    9000      2.07432532E-08      2.07724685E-08  i
    9100      1.76926168E-08      1.77171351E-08  i
    9200      1.50863977E-08      1.51072929E-08  i
    9300      1.28598036E-08      1.28780295E-08  i
    9400      1.09578678E-08      1.09734495E-08  i
    9500      9.27899974E-09      9.29218426E-09  i
    9600      7.88936947E-09      7.90039633E-09  i
    9700      6.70042995E-09      6.70996317E-09  i
    9800      5.68449897E-09      5.69240167E-09  i
    9900      4.81464296E-09      4.82193105E-09  i
   10000      4.07043043E-09      4.07675254E-09  i
   10250      2.64257659E-09      2.64638953E-09  i


  *** SCATTERING AMPLITUDES AND DIFFERENTIAL CROSS SECTION ***

    ANGLE      DCS       ASYMMETRY    DIRECT AMPLITUDE       SPIN-FLIP AMPLITUDE     ERROR
    (deg)   (cm**2/sr)                      (cm)                    (cm)
  -------------------------------------------------------------------------------------------
  0.000E+00 4.16467E-14  0.000E+00 ( 2.040E-07, 4.140E-09) ( 0.000E+00, 0.000E+00)  1.00E-07
  1.000E-04 4.16466E-14  0.000E+00 ( 2.040E-07, 4.140E-09) ( 1.564E-13, 3.174E-15)  1.00E-07
  1.250E-04 4.16465E-14  0.000E+00 ( 2.040E-07, 4.140E-09) ( 1.956E-13, 3.968E-15)  1.00E-07
  1.500E-04 4.16464E-14  0.000E+00 ( 2.040E-07, 4.140E-09) ( 2.347E-13, 4.761E-15)  1.00E-07
  1.750E-04 4.16463E-14  0.000E+00 ( 2.040E-07, 4.140E-09) ( 2.738E-13, 5.555E-15)  1.00E-07
  2.000E-04 4.16462E-14  0.000E+00 ( 2.040E-07, 4.140E-09) ( 3.129E-13, 6.349E-15)  1.00E-07
  2.250E-04 4.16461E-14  0.000E+00 ( 2.040E-07, 4.140E-09) ( 3.520E-13, 7.142E-15)  1.00E-07
  2.500E-04 4.16459E-14  0.000E+00 ( 2.040E-07, 4.140E-09) ( 3.911E-13, 7.936E-15)  1.00E-07
  2.750E-04 4.16458E-14  0.000E+00 ( 2.040E-07, 4.140E-09) ( 4.302E-13, 8.729E-15)  1.00E-07
  3.000E-04 4.16456E-14  0.000E+00 ( 2.040E-07, 4.140E-09) ( 4.693E-13, 9.523E-15)  1.00E-07
  3.250E-04 4.16454E-14  0.000E+00 ( 2.040E-07, 4.140E-09) ( 5.084E-13, 1.032E-14)  1.00E-07
  3.500E-04 4.16452E-14  0.000E+00 ( 2.040E-07, 4.140E-09) ( 5.475E-13, 1.111E-14)  1.00E-07
  3.750E-04 4.16450E-14  0.000E+00 ( 2.040E-07, 4.140E-09) ( 5.867E-13, 1.190E-14)  1.00E-07
  4.000E-04 4.16447E-14  0.000E+00 ( 2.040E-07, 4.140E-09) ( 6.258E-13, 1.270E-14)  1.00E-07
  4.250E-04 4.16445E-14  0.000E+00 ( 2.040E-07, 4.140E-09) ( 6.649E-13, 1.349E-14)  1.00E-07
  4.500E-04 4.16442E-14  0.000E+00 ( 2.040E-07, 4.140E-09) ( 7.040E-13, 1.428E-14)  1.00E-07
  4.750E-04 4.16440E-14  0.000E+00 ( 2.040E-07, 4.140E-09) ( 7.431E-13, 1.508E-14)  1.00E-07
  5.000E-04 4.16437E-14  0.000E+00 ( 2.040E-07, 4.140E-09) ( 7.822E-13, 1.587E-14)  1.00E-07
  5.250E-04 4.16434E-14  0.000E+00 ( 2.040E-07, 4.140E-09) ( 8.213E-13, 1.666E-14)  1.00E-07
  5.500E-04 4.16430E-14  0.000E+00 ( 2.040E-07, 4.140E-09) ( 8.604E-13, 1.746E-14)  1.00E-07
  5.750E-04 4.16427E-14  0.000E+00 ( 2.040E-07, 4.140E-09) ( 8.995E-13, 1.825E-14)  1.00E-07
  6.000E-04 4.16423E-14  0.000E+00 ( 2.040E-07, 4.140E-09) ( 9.386E-13, 1.905E-14)  1.00E-07
  6.250E-04 4.16420E-14  0.000E+00 ( 2.040E-07, 4.140E-09) ( 9.777E-13, 1.984E-14)  1.00E-07
  6.500E-04 4.16416E-14  0.000E+00 ( 2.040E-07, 4.140E-09) ( 1.017E-12, 2.063E-14)  1.00E-07
  6.750E-04 4.16412E-14  0.000E+00 ( 2.040E-07, 4.140E-09) ( 1.056E-12, 2.143E-14)  1.00E-07
  7.000E-04 4.16408E-14  0.000E+00 ( 2.040E-07, 4.140E-09) ( 1.095E-12, 2.222E-14)  1.00E-07
  7.250E-04 4.16403E-14  0.000E+00 ( 2.040E-07, 4.140E-09) ( 1.134E-12, 2.301E-14)  1.00E-07
  7.500E-04 4.16399E-14  0.000E+00 ( 2.040E-07, 4.140E-09) ( 1.173E-12, 2.381E-14)  1.00E-07
  7.750E-04 4.16394E-14  0.000E+00 ( 2.040E-07, 4.140E-09) ( 1.212E-12, 2.460E-14)  1.00E-07
  8.000E-04 4.16390E-14  0.000E+00 ( 2.040E-07, 4.140E-09) ( 1.251E-12, 2.539E-14)  1.00E-07
  8.250E-04 4.16385E-14  0.000E+00 ( 2.040E-07, 4.140E-09) ( 1.291E-12, 2.619E-14)  1.00E-07
  8.500E-04 4.16380E-14  0.000E+00 ( 2.040E-07, 4.140E-09) ( 1.330E-12, 2.698E-14)  1.00E-07
  8.750E-04 4.16374E-14  0.000E+00 ( 2.040E-07, 4.140E-09) ( 1.369E-12, 2.777E-14)  1.00E-07
  9.000E-04 4.16369E-14  0.000E+00 ( 2.040E-07, 4.140E-09) ( 1.408E-12, 2.857E-14)  1.00E-07
  9.250E-04 4.16364E-14  0.000E+00 ( 2.040E-07, 4.140E-09) ( 1.447E-12, 2.936E-14)  1.00E-07
  9.500E-04 4.16358E-14  0.000E+00 ( 2.040E-07, 4.140E-09) ( 1.486E-12, 3.015E-14)  1.00E-07
  9.750E-04 4.16352E-14  0.000E+00 ( 2.040E-07, 4.140E-09) ( 1.525E-12, 3.095E-14)  1.00E-07
  1.000E-03 4.16346E-14  0.000E+00 ( 2.040E-07, 4.140E-09) ( 1.564E-12, 3.174E-14)  1.00E-07
  1.250E-03 4.16278E-14  0.000E+00 ( 2.040E-07, 4.140E-09) ( 1.955E-12, 3.968E-14)  1.00E-07
  1.500E-03 4.16195E-14  0.000E+00 ( 2.040E-07, 4.139E-09) ( 2.346E-12, 4.761E-14)  1.00E-07
  1.750E-03 4.16097E-14  0.000E+00 ( 2.039E-07, 4.139E-09) ( 2.737E-12, 5.554E-14)  1.00E-07
  2.000E-03 4.15985E-14  0.000E+00 ( 2.039E-07, 4.139E-09) ( 3.127E-12, 6.348E-14)  1.00E-07
  2.250E-03 4.15857E-14  0.000E+00 ( 2.039E-07, 4.139E-09) ( 3.517E-12, 7.141E-14)  1.00E-07
  2.500E-03 4.15714E-14  0.000E+00 ( 2.038E-07, 4.139E-09) ( 3.908E-12, 7.934E-14)  1.00E-07
  2.750E-03 4.15556E-14  0.000E+00 ( 2.038E-07, 4.139E-09) ( 4.298E-12, 8.727E-14)  1.00E-07
  3.000E-03 4.15383E-14  0.000E+00 ( 2.038E-07, 4.139E-09) ( 4.687E-12, 9.520E-14)  1.00E-07
  3.250E-03 4.15195E-14  0.000E+00 ( 2.037E-07, 4.139E-09) ( 5.077E-12, 1.031E-13)  1.00E-07
  3.500E-03 4.14992E-14  0.000E+00 ( 2.037E-07, 4.138E-09) ( 5.466E-12, 1.111E-13)  1.00E-07
  3.750E-03 4.14775E-14  0.000E+00 ( 2.036E-07, 4.138E-09) ( 5.855E-12, 1.190E-13)  1.00E-07
  4.000E-03 4.14543E-14  0.000E+00 ( 2.036E-07, 4.138E-09) ( 6.243E-12, 1.269E-13)  1.00E-07
  4.250E-03 4.14295E-14  0.000E+00 ( 2.035E-07, 4.138E-09) ( 6.632E-12, 1.348E-13)  1.00E-07
  4.500E-03 4.14034E-14  0.000E+00 ( 2.034E-07, 4.137E-09) ( 7.019E-12, 1.428E-13)  1.00E-07
  4.750E-03 4.13757E-14  0.000E+00 ( 2.034E-07, 4.137E-09) ( 7.407E-12, 1.507E-13)  1.00E-07
  5.000E-03 4.13466E-14  0.000E+00 ( 2.033E-07, 4.137E-09) ( 7.794E-12, 1.586E-13)  1.00E-07
  5.250E-03 4.13160E-14  0.000E+00 ( 2.032E-07, 4.137E-09) ( 8.181E-12, 1.665E-13)  1.00E-07
  5.500E-03 4.12839E-14  0.000E+00 ( 2.031E-07, 4.136E-09) ( 8.567E-12, 1.744E-13)  1.00E-07
  5.750E-03 4.12504E-14  0.000E+00 ( 2.031E-07, 4.136E-09) ( 8.953E-12, 1.823E-13)  1.00E-07
  6.000E-03 4.12155E-14  0.000E+00 ( 2.030E-07, 4.136E-09) ( 9.338E-12, 1.903E-13)  1.00E-07
  6.250E-03 4.11791E-14  0.000E+00 ( 2.029E-07, 4.135E-09) ( 9.723E-12, 1.982E-13)  1.00E-07
  6.500E-03 4.11413E-14  0.000E+00 ( 2.028E-07, 4.135E-09) ( 1.011E-11, 2.061E-13)  1.00E-07
  6.750E-03 4.11020E-14  0.000E+00 ( 2.027E-07, 4.134E-09) ( 1.049E-11, 2.140E-13)  1.00E-07
  7.000E-03 4.10613E-14  0.000E+00 ( 2.026E-07, 4.134E-09) ( 1.087E-11, 2.219E-13)  1.00E-07
  7.250E-03 4.10192E-14  0.000E+00 ( 2.025E-07, 4.134E-09) ( 1.126E-11, 2.298E-13)  1.00E-07
  7.500E-03 4.09757E-14  0.000E+00 ( 2.024E-07, 4.133E-09) ( 1.164E-11, 2.377E-13)  1.00E-07
  7.750E-03 4.09308E-14  0.000E+00 ( 2.023E-07, 4.133E-09) ( 1.202E-11, 2.456E-13)  1.00E-07
  8.000E-03 4.08845E-14  0.000E+00 ( 2.022E-07, 4.132E-09) ( 1.240E-11, 2.535E-13)  1.00E-07
  8.250E-03 4.08368E-14  0.000E+00 ( 2.020E-07, 4.132E-09) ( 1.278E-11, 2.614E-13)  1.00E-07
  8.500E-03 4.07877E-14  0.000E+00 ( 2.019E-07, 4.131E-09) ( 1.316E-11, 2.693E-13)  1.00E-07
  8.750E-03 4.07372E-14  0.000E+00 ( 2.018E-07, 4.131E-09) ( 1.354E-11, 2.771E-13)  1.00E-07
  9.000E-03 4.06853E-14  0.000E+00 ( 2.017E-07, 4.130E-09) ( 1.392E-11, 2.850E-13)  1.00E-07
  9.250E-03 4.06321E-14  0.000E+00 ( 2.015E-07, 4.130E-09) ( 1.429E-11, 2.929E-13)  1.00E-07
  9.500E-03 4.05776E-14  0.000E+00 ( 2.014E-07, 4.129E-09) ( 1.467E-11, 3.008E-13)  1.00E-07
  9.750E-03 4.05217E-14  0.000E+00 ( 2.013E-07, 4.129E-09) ( 1.505E-11, 3.087E-13)  1.00E-07
  1.000E-02 4.04644E-14  0.000E+00 ( 2.011E-07, 4.128E-09) ( 1.542E-11, 3.165E-13)  1.00E-07
  1.250E-02 3.98202E-14  0.000E+00 ( 1.995E-07, 4.121E-09) ( 1.912E-11, 3.950E-13)  1.00E-07
  1.500E-02 3.90524E-14  0.000E+00 ( 1.976E-07, 4.113E-09) ( 2.272E-11, 4.731E-13)  1.00E-07
  1.750E-02 3.81718E-14  0.000E+00 ( 1.953E-07, 4.104E-09) ( 2.621E-11, 5.507E-13)  1.00E-07
  2.000E-02 3.71902E-14  0.000E+00 ( 1.928E-07, 4.093E-09) ( 2.957E-11, 6.277E-13)  1.00E-07
  2.250E-02 3.61205E-14  0.000E+00 ( 1.900E-07, 4.081E-09) ( 3.278E-11, 7.041E-13)  1.00E-07
  2.500E-02 3.49758E-14  0.000E+00 ( 1.870E-07, 4.068E-09) ( 3.584E-11, 7.797E-13)  1.00E-07
  2.750E-02 3.37694E-14  0.000E+00 ( 1.837E-07, 4.053E-09) ( 3.874E-11, 8.546E-13)  1.00E-07
  3.000E-02 3.25146E-14  0.000E+00 ( 1.803E-07, 4.037E-09) ( 4.147E-11, 9.286E-13)  1.00E-07
  3.250E-02 3.12243E-14  0.000E+00 ( 1.767E-07, 4.019E-09) ( 4.402E-11, 1.002E-12)  1.00E-07
  3.500E-02 2.99106E-14  0.000E+00 ( 1.729E-07, 4.001E-09) ( 4.640E-11, 1.074E-12)  1.00E-07
  3.750E-02 2.85849E-14  0.000E+00 ( 1.690E-07, 3.981E-09) ( 4.860E-11, 1.145E-12)  1.00E-07
  4.000E-02 2.72579E-14  0.000E+00 ( 1.651E-07, 3.960E-09) ( 5.062E-11, 1.215E-12)  1.00E-07
  4.250E-02 2.59389E-14  0.000E+00 ( 1.610E-07, 3.938E-09) ( 5.247E-11, 1.283E-12)  1.00E-07
  4.500E-02 2.46365E-14  0.000E+00 ( 1.569E-07, 3.915E-09) ( 5.414E-11, 1.351E-12)  1.00E-07
  4.750E-02 2.33577E-14  0.000E+00 ( 1.528E-07, 3.891E-09) ( 5.565E-11, 1.417E-12)  1.00E-07
  5.000E-02 2.21090E-14  0.000E+00 ( 1.486E-07, 3.866E-09) ( 5.699E-11, 1.482E-12)  1.00E-07
  5.250E-02 2.08955E-14  0.000E+00 ( 1.445E-07, 3.841E-09) ( 5.817E-11, 1.546E-12)  1.00E-07
  5.500E-02 1.97214E-14  0.000E+00 ( 1.404E-07, 3.814E-09) ( 5.920E-11, 1.608E-12)  1.00E-07
  5.750E-02 1.85900E-14  0.000E+00 ( 1.363E-07, 3.786E-09) ( 6.009E-11, 1.669E-12)  1.00E-07
  6.000E-02 1.75036E-14  0.000E+00 ( 1.322E-07, 3.758E-09) ( 6.084E-11, 1.729E-12)  1.00E-07
  6.250E-02 1.64640E-14  0.000E+00 ( 1.283E-07, 3.729E-09) ( 6.147E-11, 1.787E-12)  1.00E-07
  6.500E-02 1.54721E-14  0.000E+00 ( 1.243E-07, 3.699E-09) ( 6.197E-11, 1.844E-12)  1.00E-07
  6.750E-02 1.45284E-14  0.000E+00 ( 1.205E-07, 3.669E-09) ( 6.236E-11, 1.899E-12)  1.00E-07
  7.000E-02 1.36327E-14  0.000E+00 ( 1.167E-07, 3.638E-09) ( 6.264E-11, 1.953E-12)  1.00E-07
  7.250E-02 1.27845E-14  0.000E+00 ( 1.130E-07, 3.606E-09) ( 6.282E-11, 2.005E-12)  1.00E-07
  7.500E-02 1.19830E-14  0.000E+00 ( 1.094E-07, 3.574E-09) ( 6.292E-11, 2.055E-12)  1.00E-07
  7.750E-02 1.12269E-14  0.000E+00 ( 1.059E-07, 3.542E-09) ( 6.293E-11, 2.105E-12)  1.00E-07
  8.000E-02 1.05149E-14  0.000E+00 ( 1.025E-07, 3.509E-09) ( 6.286E-11, 2.152E-12)  1.00E-07
  8.250E-02 9.84545E-15  0.000E+00 ( 9.916E-08, 3.476E-09) ( 6.273E-11, 2.199E-12)  1.00E-07
  8.500E-02 9.21675E-15  0.000E+00 ( 9.594E-08, 3.442E-09) ( 6.253E-11, 2.243E-12)  1.00E-07
  8.750E-02 8.62707E-15  0.000E+00 ( 9.282E-08, 3.408E-09) ( 6.227E-11, 2.287E-12)  1.00E-07
  9.000E-02 8.07455E-15  0.000E+00 ( 8.980E-08, 3.374E-09) ( 6.197E-11, 2.328E-12)  1.00E-07
  9.250E-02 7.55733E-15  0.000E+00 ( 8.687E-08, 3.340E-09) ( 6.161E-11, 2.369E-12)  1.00E-07
  9.500E-02 7.07355E-15  0.000E+00 ( 8.404E-08, 3.305E-09) ( 6.122E-11, 2.408E-12)  1.00E-07
  9.750E-02 6.62137E-15  0.000E+00 ( 8.131E-08, 3.271E-09) ( 6.078E-11, 2.445E-12)  1.00E-07
  1.000E-01 6.19896E-15  0.000E+00 ( 7.867E-08, 3.236E-09) ( 6.032E-11, 2.481E-12)  1.00E-07
  1.250E-01 3.25794E-15  0.000E+00 ( 5.701E-08, 2.891E-09) ( 5.464E-11, 2.771E-12)  1.00E-07
  1.500E-01 1.79194E-15  0.000E+00 ( 4.225E-08, 2.566E-09) ( 4.860E-11, 2.951E-12)  1.00E-07
  1.750E-01 1.04245E-15  0.000E+00 ( 3.221E-08, 2.272E-09) ( 4.322E-11, 3.049E-12)  1.00E-07
  2.000E-01 6.41688E-16  0.000E+00 ( 2.525E-08, 2.016E-09) ( 3.872E-11, 3.092E-12)  1.00E-07
  2.250E-01 4.16093E-16  0.000E+00 ( 2.032E-08, 1.796E-09) ( 3.506E-11, 3.099E-12)  1.00E-07
  2.500E-01 2.82414E-16  0.000E+00 ( 1.673E-08, 1.608E-09) ( 3.207E-11, 3.083E-12)  1.00E-07
  2.750E-01 1.99307E-16  0.000E+00 ( 1.404E-08, 1.449E-09) ( 2.961E-11, 3.054E-12)  1.00E-07
  3.000E-01 1.45353E-16  0.000E+00 ( 1.198E-08, 1.312E-09) ( 2.757E-11, 3.019E-12)  1.00E-07
  3.250E-01 1.08962E-16  0.000E+00 ( 1.037E-08, 1.195E-09) ( 2.584E-11, 2.979E-12)  1.00E-07
  3.500E-01 8.35873E-17  0.000E+00 ( 9.077E-09, 1.095E-09) ( 2.436E-11, 2.937E-12)  1.00E-07
  3.750E-01 6.53779E-17  0.000E+00 ( 8.023E-09, 1.007E-09) ( 2.307E-11, 2.896E-12)  1.00E-07
  4.000E-01 5.19834E-17  0.000E+00 ( 7.150E-09, 9.304E-10) ( 2.193E-11, 2.854E-12)  1.10E-07
  4.250E-01 4.19183E-17  0.000E+00 ( 6.417E-09, 8.630E-10) ( 2.091E-11, 2.812E-12)  1.00E-07
  4.500E-01 3.42147E-17  0.000E+00 ( 5.794E-09, 8.033E-10) ( 1.999E-11, 2.772E-12)  1.30E-07
  4.750E-01 2.82238E-17  0.000E+00 ( 5.259E-09, 7.500E-10) ( 1.916E-11, 2.732E-12)  1.00E-07
  5.000E-01 2.34997E-17  0.000E+00 ( 4.796E-09, 7.022E-10) ( 1.839E-11, 2.692E-12)  1.39E-07
  5.250E-01 1.97289E-17  0.000E+00 ( 4.392E-09, 6.592E-10) ( 1.768E-11, 2.654E-12)  1.00E-07
  5.500E-01 1.66864E-17  0.000E+00 ( 4.038E-09, 6.203E-10) ( 1.703E-11, 2.616E-12)  1.36E-07
  5.750E-01 1.42080E-17  0.000E+00 ( 3.724E-09, 5.848E-10) ( 1.642E-11, 2.579E-12)  1.25E-07
  6.000E-01 1.21718E-17  0.000E+00 ( 3.445E-09, 5.525E-10) ( 1.585E-11, 2.542E-12)  1.16E-07
  6.250E-01 1.04858E-17  0.000E+00 ( 3.196E-09, 5.229E-10) ( 1.532E-11, 2.506E-12)  1.72E-07
  6.500E-01 9.07998E-18  0.000E+00 ( 2.972E-09, 4.958E-10) ( 1.481E-11, 2.471E-12)  1.00E-07
  6.750E-01 7.90023E-18  0.000E+00 ( 2.771E-09, 4.707E-10) ( 1.434E-11, 2.436E-12)  2.14E-07
  7.000E-01 6.90435E-18  0.000E+00 ( 2.589E-09, 4.476E-10) ( 1.390E-11, 2.403E-12)  1.00E-07
  7.250E-01 6.05906E-18  0.000E+00 ( 2.424E-09, 4.262E-10) ( 1.348E-11, 2.369E-12)  2.43E-07
  7.500E-01 5.33796E-18  0.000E+00 ( 2.274E-09, 4.064E-10) ( 1.308E-11, 2.337E-12)  1.00E-07
  7.750E-01 4.71991E-18  0.000E+00 ( 2.138E-09, 3.879E-10) ( 1.270E-11, 2.305E-12)  2.55E-07
  8.000E-01 4.18783E-18  0.000E+00 ( 2.013E-09, 3.707E-10) ( 1.235E-11, 2.274E-12)  1.15E-07
  8.250E-01 3.72784E-18  0.000E+00 ( 1.898E-09, 3.546E-10) ( 1.201E-11, 2.244E-12)  2.46E-07
  8.500E-01 3.32864E-18  0.000E+00 ( 1.793E-09, 3.396E-10) ( 1.168E-11, 2.214E-12)  1.94E-07
  8.750E-01 2.98090E-18  0.000E+00 ( 1.696E-09, 3.256E-10) ( 1.138E-11, 2.185E-12)  2.12E-07
  9.000E-01 2.67692E-18  0.000E+00 ( 1.606E-09, 3.124E-10) ( 1.108E-11, 2.156E-12)  2.70E-07
  9.250E-01 2.41032E-18  0.000E+00 ( 1.523E-09, 3.000E-10) ( 1.080E-11, 2.128E-12)  1.53E-07
  9.500E-01 2.17576E-18  0.000E+00 ( 1.447E-09, 2.884E-10) ( 1.054E-11, 2.101E-12)  3.34E-07
  9.750E-01 1.96878E-18  0.000E+00 ( 1.375E-09, 2.774E-10) ( 1.028E-11, 2.074E-12)  1.00E-07
  1.000E+00 1.78559E-18  0.000E+00 ( 1.309E-09, 2.671E-10) ( 1.004E-11, 2.048E-12)  1.00E-07
  1.100E+00 1.23396E-18  0.000E+00 ( 1.086E-09, 2.311E-10) ( 9.165E-12, 1.950E-12)  1.00E-07
  1.200E+00 8.78656E-19  0.000E+00 ( 9.153E-10, 2.021E-10) ( 8.423E-12, 1.860E-12)  1.00E-07
  1.300E+00 6.41889E-19  0.000E+00 ( 7.810E-10, 1.783E-10) ( 7.786E-12, 1.778E-12)  1.00E-07
  1.400E+00 4.79428E-19  0.000E+00 ( 6.740E-10, 1.586E-10) ( 7.236E-12, 1.703E-12)  1.00E-07
  1.500E+00 3.65077E-19  0.000E+00 ( 5.872E-10, 1.421E-10) ( 6.755E-12, 1.634E-12)  1.00E-07
  1.600E+00 2.82768E-19  0.000E+00 ( 5.161E-10, 1.280E-10) ( 6.332E-12, 1.571E-12)  1.00E-07
  1.700E+00 2.22341E-19  0.000E+00 ( 4.570E-10, 1.160E-10) ( 5.958E-12, 1.513E-12)  1.00E-07
  1.800E+00 1.77189E-19  0.000E+00 ( 4.074E-10, 1.057E-10) ( 5.624E-12, 1.459E-12)  1.00E-07
  1.900E+00 1.42917E-19  0.000E+00 ( 3.654E-10, 9.669E-11) ( 5.325E-12, 1.409E-12)  1.00E-07
  2.000E+00 1.16531E-19  0.000E+00 ( 3.296E-10, 8.883E-11) ( 5.055E-12, 1.363E-12)  1.00E-07
  2.100E+00 9.59543E-20  0.000E+00 ( 2.987E-10, 8.192E-11) ( 4.811E-12, 1.319E-12)  1.00E-07
  2.200E+00 7.97199E-20  0.000E+00 ( 2.719E-10, 7.580E-11) ( 4.588E-12, 1.279E-12)  1.00E-07
  2.300E+00 6.67747E-20  0.000E+00 ( 2.486E-10, 7.037E-11) ( 4.385E-12, 1.241E-12)  1.00E-07
  2.400E+00 5.63513E-20  0.000E+00 ( 2.281E-10, 6.552E-11) ( 4.199E-12, 1.206E-12)  1.00E-07
  2.500E+00 4.78833E-20  0.000E+00 ( 2.101E-10, 6.116E-11) ( 4.028E-12, 1.173E-12)  1.00E-07
  2.600E+00 4.09468E-20  0.000E+00 ( 1.940E-10, 5.724E-11) ( 3.870E-12, 1.141E-12)  1.00E-07
  2.700E+00 3.52215E-20  0.000E+00 ( 1.798E-10, 5.369E-11) ( 3.723E-12, 1.112E-12)  1.00E-07
  2.800E+00 3.04623E-20  0.000E+00 ( 1.670E-10, 5.048E-11) ( 3.587E-12, 1.084E-12)  1.00E-07
  2.900E+00 2.64802E-20  0.000E+00 ( 1.556E-10, 4.755E-11) ( 3.461E-12, 1.058E-12)  1.00E-07
  3.000E+00 2.31279E-20  0.000E+00 ( 1.453E-10, 4.488E-11) ( 3.343E-12, 1.033E-12)  1.00E-07
  3.100E+00 2.02895E-20  0.000E+00 ( 1.359E-10, 4.243E-11) ( 3.232E-12, 1.009E-12)  1.00E-07
  3.200E+00 1.78735E-20  0.000E+00 ( 1.275E-10, 4.018E-11) ( 3.129E-12, 9.864E-13)  1.00E-07
  3.300E+00 1.58065E-20  0.000E+00 ( 1.198E-10, 3.812E-11) ( 3.032E-12, 9.649E-13)  1.00E-07
  3.400E+00 1.40299E-20  0.000E+00 ( 1.127E-10, 3.621E-11) ( 2.940E-12, 9.444E-13)  1.00E-07
  3.500E+00 1.24960E-20  0.000E+00 ( 1.063E-10, 3.445E-11) ( 2.854E-12, 9.248E-13)  1.00E-07
  3.600E+00 1.11661E-20  0.000E+00 ( 1.004E-10, 3.281E-11) ( 2.773E-12, 9.062E-13)  1.00E-07
  3.700E+00 1.00085E-20  0.000E+00 ( 9.498E-11, 3.130E-11) ( 2.696E-12, 8.883E-13)  1.00E-07
  3.800E+00 8.99716E-21  0.000E+00 ( 8.998E-11, 2.989E-11) ( 2.623E-12, 8.712E-13)  1.00E-07
  3.900E+00 8.11037E-21  0.000E+00 ( 8.536E-11, 2.857E-11) ( 2.554E-12, 8.548E-13)  1.00E-07
  4.000E+00 7.33021E-21  0.000E+00 ( 8.109E-11, 2.734E-11) ( 2.489E-12, 8.391E-13)  1.00E-07
  4.100E+00 6.64165E-21  0.000E+00 ( 7.713E-11, 2.620E-11) ( 2.426E-12, 8.240E-13)  1.00E-07
  4.200E+00 6.03209E-21  0.000E+00 ( 7.345E-11, 2.512E-11) ( 2.367E-12, 8.095E-13)  1.00E-07
  4.300E+00 5.49089E-21  0.000E+00 ( 7.002E-11, 2.411E-11) ( 2.310E-12, 7.955E-13)  1.00E-07
  4.400E+00 5.00906E-21  0.000E+00 ( 6.683E-11, 2.317E-11) ( 2.256E-12, 7.821E-13)  1.00E-07
  4.500E+00 4.57895E-21  0.000E+00 ( 6.385E-11, 2.228E-11) ( 2.205E-12, 7.691E-13)  1.00E-07
  4.600E+00 4.19404E-21  0.000E+00 ( 6.107E-11, 2.144E-11) ( 2.155E-12, 7.567E-13)  1.00E-07
  4.700E+00 3.84874E-21  0.000E+00 ( 5.846E-11, 2.065E-11) ( 2.108E-12, 7.446E-13)  1.00E-07
  4.800E+00 3.53827E-21  0.000E+00 ( 5.601E-11, 1.990E-11) ( 2.063E-12, 7.330E-13)  1.00E-07
  4.900E+00 3.25849E-21  0.000E+00 ( 5.372E-11, 1.920E-11) ( 2.020E-12, 7.217E-13)  1.00E-07
  5.000E+00 3.00583E-21  0.000E+00 ( 5.156E-11, 1.853E-11) ( 1.978E-12, 7.109E-13)  1.00E-07
  5.100E+00 2.77720E-21  0.000E+00 ( 4.952E-11, 1.790E-11) ( 1.938E-12, 7.003E-13)  1.00E-07
  5.200E+00 2.56990E-21  0.000E+00 ( 4.761E-11, 1.730E-11) ( 1.900E-12, 6.902E-13)  1.00E-07
  5.300E+00 2.38159E-21  0.000E+00 ( 4.580E-11, 1.673E-11) ( 1.863E-12, 6.803E-13)  1.00E-07
  5.400E+00 2.21023E-21  0.000E+00 ( 4.410E-11, 1.619E-11) ( 1.827E-12, 6.708E-13)  1.00E-07
  5.500E+00 2.05401E-21  0.000E+00 ( 4.248E-11, 1.567E-11) ( 1.793E-12, 6.615E-13)  1.00E-07
  5.600E+00 1.91135E-21  0.000E+00 ( 4.095E-11, 1.518E-11) ( 1.760E-12, 6.525E-13)  1.00E-07
  5.700E+00 1.78087E-21  0.000E+00 ( 3.951E-11, 1.472E-11) ( 1.728E-12, 6.438E-13)  1.00E-07
  5.800E+00 1.66134E-21  0.000E+00 ( 3.814E-11, 1.427E-11) ( 1.698E-12, 6.353E-13)  1.00E-07
  5.900E+00 1.55167E-21  0.000E+00 ( 3.683E-11, 1.385E-11) ( 1.668E-12, 6.271E-13)  1.00E-07
  6.000E+00 1.45091E-21  0.000E+00 ( 3.560E-11, 1.344E-11) ( 1.639E-12, 6.191E-13)  1.00E-07
  6.100E+00 1.35820E-21  0.000E+00 ( 3.442E-11, 1.306E-11) ( 1.612E-12, 6.113E-13)  1.00E-07
  6.200E+00 1.27278E-21  0.000E+00 ( 3.330E-11, 1.269E-11) ( 1.585E-12, 6.037E-13)  1.00E-07
  6.300E+00 1.19397E-21  0.000E+00 ( 3.223E-11, 1.233E-11) ( 1.559E-12, 5.964E-13)  1.00E-07
  6.400E+00 1.12117E-21  0.000E+00 ( 3.122E-11, 1.199E-11) ( 1.534E-12, 5.892E-13)  1.00E-07
  6.500E+00 1.05384E-21  0.000E+00 ( 3.025E-11, 1.167E-11) ( 1.509E-12, 5.822E-13)  1.00E-07
  6.600E+00 9.91487E-22  0.000E+00 ( 2.933E-11, 1.136E-11) ( 1.486E-12, 5.754E-13)  1.00E-07
  6.700E+00 9.33681E-22  0.000E+00 ( 2.844E-11, 1.106E-11) ( 1.463E-12, 5.688E-13)  1.00E-07
  6.800E+00 8.80028E-22  0.000E+00 ( 2.760E-11, 1.077E-11) ( 1.441E-12, 5.623E-13)  1.00E-07
  6.900E+00 8.30175E-22  0.000E+00 ( 2.679E-11, 1.050E-11) ( 1.419E-12, 5.560E-13)  1.00E-07
  7.000E+00 7.83804E-22  0.000E+00 ( 2.602E-11, 1.023E-11) ( 1.398E-12, 5.498E-13)  1.00E-07
  7.100E+00 7.40627E-22  0.000E+00 ( 2.528E-11, 9.977E-12) ( 1.378E-12, 5.438E-13)  1.00E-07
  7.200E+00 7.00384E-22  0.000E+00 ( 2.457E-11, 9.732E-12) ( 1.358E-12, 5.379E-13)  1.00E-07
  7.300E+00 6.62838E-22  0.000E+00 ( 2.389E-11, 9.496E-12) ( 1.339E-12, 5.322E-13)  1.00E-07
  7.400E+00 6.27775E-22  0.000E+00 ( 2.323E-11, 9.269E-12) ( 1.320E-12, 5.266E-13)  1.00E-07
  7.500E+00 5.95001E-22  0.000E+00 ( 2.261E-11, 9.050E-12) ( 1.302E-12, 5.211E-13)  1.00E-07
  7.600E+00 5.64339E-22  0.000E+00 ( 2.201E-11, 8.839E-12) ( 1.284E-12, 5.158E-13)  1.00E-07
  7.700E+00 5.35627E-22  0.000E+00 ( 2.143E-11, 8.635E-12) ( 1.267E-12, 5.105E-13)  1.00E-07
  7.800E+00 5.08719E-22  0.000E+00 ( 2.087E-11, 8.439E-12) ( 1.250E-12, 5.054E-13)  1.00E-07
  7.900E+00 4.83480E-22  0.000E+00 ( 2.034E-11, 8.249E-12) ( 1.234E-12, 5.004E-13)  1.00E-07
  8.000E+00 4.59788E-22  0.000E+00 ( 1.982E-11, 8.066E-12) ( 1.218E-12, 4.955E-13)  1.00E-07
  8.100E+00 4.37529E-22  0.000E+00 ( 1.933E-11, 7.889E-12) ( 1.203E-12, 4.907E-13)  1.00E-07
  8.200E+00 4.16602E-22  0.000E+00 ( 1.885E-11, 7.718E-12) ( 1.187E-12, 4.860E-13)  1.00E-07
  8.300E+00 3.96912E-22  0.000E+00 ( 1.839E-11, 7.552E-12) ( 1.173E-12, 4.814E-13)  1.00E-07
  8.400E+00 3.78371E-22  0.000E+00 ( 1.795E-11, 7.392E-12) ( 1.158E-12, 4.769E-13)  1.00E-07
  8.500E+00 3.60901E-22  0.000E+00 ( 1.752E-11, 7.238E-12) ( 1.144E-12, 4.725E-13)  1.00E-07
  8.600E+00 3.44428E-22  0.000E+00 ( 1.711E-11, 7.088E-12) ( 1.130E-12, 4.682E-13)  1.00E-07
  8.700E+00 3.28885E-22  0.000E+00 ( 1.671E-11, 6.942E-12) ( 1.117E-12, 4.639E-13)  1.00E-07
  8.800E+00 3.14208E-22  0.000E+00 ( 1.633E-11, 6.802E-12) ( 1.104E-12, 4.597E-13)  1.00E-07
  8.900E+00 3.00342E-22  0.000E+00 ( 1.595E-11, 6.665E-12) ( 1.091E-12, 4.557E-13)  1.00E-07
  9.000E+00 2.87232E-22  0.000E+00 ( 1.559E-11, 6.533E-12) ( 1.078E-12, 4.517E-13)  1.00E-07
  9.100E+00 2.74830E-22  0.000E+00 ( 1.525E-11, 6.405E-12) ( 1.066E-12, 4.477E-13)  1.00E-07
  9.200E+00 2.63090E-22  0.000E+00 ( 1.491E-11, 6.281E-12) ( 1.054E-12, 4.439E-13)  1.00E-07
  9.300E+00 2.51971E-22  0.000E+00 ( 1.459E-11, 6.160E-12) ( 1.042E-12, 4.401E-13)  1.00E-07
  9.400E+00 2.41433E-22  0.000E+00 ( 1.427E-11, 6.043E-12) ( 1.031E-12, 4.364E-13)  1.00E-07
  9.500E+00 2.31440E-22  0.000E+00 ( 1.397E-11, 5.929E-12) ( 1.020E-12, 4.327E-13)  1.00E-07
  9.600E+00 2.21960E-22  0.000E+00 ( 1.367E-11, 5.818E-12) ( 1.009E-12, 4.292E-13)  1.00E-07
  9.700E+00 2.12960E-22  0.000E+00 ( 1.339E-11, 5.711E-12) ( 9.978E-13, 4.256E-13)  1.00E-07
  9.800E+00 2.04411E-22  0.000E+00 ( 1.311E-11, 5.607E-12) ( 9.873E-13, 4.222E-13)  1.00E-07
  9.900E+00 1.96287E-22  0.000E+00 ( 1.284E-11, 5.505E-12) ( 9.770E-13, 4.188E-13)  1.00E-07
  1.000E+01 1.88563E-22  0.000E+00 ( 1.258E-11, 5.407E-12) ( 9.668E-13, 4.154E-13)  1.00E-07
  1.025E+01 1.70852E-22  0.000E+00 ( 1.196E-11, 5.171E-12) ( 9.424E-13, 4.073E-13)  1.00E-07
  1.050E+01 1.55173E-22  0.000E+00 ( 1.139E-11, 4.952E-12) ( 9.191E-13, 3.996E-13)  1.00E-07
  1.075E+01 1.41252E-22  0.000E+00 ( 1.085E-11, 4.746E-12) ( 8.970E-13, 3.921E-13)  1.00E-07
  1.100E+01 1.28858E-22  0.000E+00 ( 1.035E-11, 4.553E-12) ( 8.758E-13, 3.850E-13)  1.00E-07
  1.125E+01 1.17794E-22  0.000E+00 ( 9.890E-12, 4.372E-12) ( 8.556E-13, 3.781E-13)  1.00E-07
  1.150E+01 1.07893E-22  0.000E+00 ( 9.455E-12, 4.201E-12) ( 8.363E-13, 3.715E-13)  1.00E-07
  1.175E+01 9.90103E-23  0.000E+00 ( 9.049E-12, 4.041E-12) ( 8.178E-13, 3.651E-13)  1.00E-07
  1.200E+01 9.10234E-23  0.000E+00 ( 8.667E-12, 3.890E-12) ( 8.001E-13, 3.589E-13)  1.00E-07
  1.225E+01 8.38259E-23  0.000E+00 ( 8.310E-12, 3.747E-12) ( 7.832E-13, 3.530E-13)  1.00E-07
  1.250E+01 7.73259E-23  0.000E+00 ( 7.973E-12, 3.612E-12) ( 7.669E-13, 3.473E-13)  1.00E-07
  1.275E+01 7.14439E-23  0.000E+00 ( 7.656E-12, 3.484E-12) ( 7.513E-13, 3.417E-13)  1.00E-07
  1.300E+01 6.61106E-23  0.000E+00 ( 7.358E-12, 3.364E-12) ( 7.362E-13, 3.364E-13)  1.00E-07
  1.325E+01 6.12658E-23  0.000E+00 ( 7.077E-12, 3.249E-12) ( 7.218E-13, 3.312E-13)  1.00E-07
  1.350E+01 5.68568E-23  0.000E+00 ( 6.811E-12, 3.140E-12) ( 7.079E-13, 3.262E-13)  1.00E-07
  1.375E+01 5.28372E-23  0.000E+00 ( 6.560E-12, 3.037E-12) ( 6.945E-13, 3.214E-13)  1.00E-07
  1.400E+01 4.91666E-23  0.000E+00 ( 6.322E-12, 2.939E-12) ( 6.815E-13, 3.167E-13)  1.00E-07
  1.425E+01 4.58092E-23  0.000E+00 ( 6.096E-12, 2.846E-12) ( 6.691E-13, 3.121E-13)  1.00E-07
  1.450E+01 4.27335E-23  0.000E+00 ( 5.883E-12, 2.757E-12) ( 6.571E-13, 3.077E-13)  1.00E-07
  1.475E+01 3.99115E-23  0.000E+00 ( 5.680E-12, 2.672E-12) ( 6.454E-13, 3.034E-13)  1.00E-07
  1.500E+01 3.73187E-23  0.000E+00 ( 5.488E-12, 2.591E-12) ( 6.342E-13, 2.993E-13)  1.00E-07
  1.525E+01 3.49329E-23  0.000E+00 ( 5.305E-12, 2.514E-12) ( 6.234E-13, 2.952E-13)  1.00E-07
  1.550E+01 3.27347E-23  0.000E+00 ( 5.130E-12, 2.440E-12) ( 6.129E-13, 2.913E-13)  1.00E-07
  1.575E+01 3.07066E-23  0.000E+00 ( 4.965E-12, 2.369E-12) ( 6.027E-13, 2.875E-13)  1.00E-07
  1.600E+01 2.88331E-23  0.000E+00 ( 4.806E-12, 2.302E-12) ( 5.929E-13, 2.838E-13)  1.00E-07
  1.625E+01 2.71002E-23  0.000E+00 ( 4.656E-12, 2.237E-12) ( 5.833E-13, 2.802E-13)  1.00E-07
  1.650E+01 2.54955E-23  0.000E+00 ( 4.512E-12, 2.176E-12) ( 5.741E-13, 2.767E-13)  1.00E-07
  1.675E+01 2.40078E-23  0.000E+00 ( 4.374E-12, 2.116E-12) ( 5.651E-13, 2.732E-13)  1.00E-07
  1.700E+01 2.26270E-23  0.000E+00 ( 4.243E-12, 2.059E-12) ( 5.564E-13, 2.699E-13)  1.00E-07
  1.725E+01 2.13439E-23  0.000E+00 ( 4.117E-12, 2.005E-12) ( 5.480E-13, 2.666E-13)  1.00E-07
  1.750E+01 2.01504E-23  0.000E+00 ( 3.997E-12, 1.952E-12) ( 5.398E-13, 2.635E-13)  1.00E-07
  1.775E+01 1.90391E-23  0.000E+00 ( 3.882E-12, 1.902E-12) ( 5.318E-13, 2.604E-13)  1.00E-07
  1.800E+01 1.80034E-23  0.000E+00 ( 3.772E-12, 1.853E-12) ( 5.241E-13, 2.573E-13)  1.00E-07
  1.825E+01 1.70370E-23  0.000E+00 ( 3.666E-12, 1.807E-12) ( 5.166E-13, 2.544E-13)  1.00E-07
  1.850E+01 1.61346E-23  0.000E+00 ( 3.565E-12, 1.762E-12) ( 5.092E-13, 2.515E-13)  1.00E-07
  1.875E+01 1.52910E-23  0.000E+00 ( 3.467E-12, 1.719E-12) ( 5.021E-13, 2.487E-13)  1.00E-07
  1.900E+01 1.45018E-23  0.000E+00 ( 3.374E-12, 1.677E-12) ( 4.952E-13, 2.460E-13)  1.00E-07
  1.925E+01 1.37628E-23  0.000E+00 ( 3.284E-12, 1.637E-12) ( 4.884E-13, 2.433E-13)  1.00E-07
  1.950E+01 1.30702E-23  0.000E+00 ( 3.198E-12, 1.598E-12) ( 4.818E-13, 2.407E-13)  1.00E-07
  1.975E+01 1.24206E-23  0.000E+00 ( 3.115E-12, 1.561E-12) ( 4.754E-13, 2.381E-13)  1.00E-07
  2.000E+01 1.18108E-23  0.000E+00 ( 3.035E-12, 1.525E-12) ( 4.692E-13, 2.356E-13)  1.00E-07
  2.025E+01 1.12379E-23  0.000E+00 ( 2.958E-12, 1.490E-12) ( 4.631E-13, 2.331E-13)  1.00E-07
  2.050E+01 1.06993E-23  0.000E+00 ( 2.884E-12, 1.457E-12) ( 4.571E-13, 2.307E-13)  1.00E-07
  2.075E+01 1.01925E-23  0.000E+00 ( 2.812E-12, 1.424E-12) ( 4.513E-13, 2.284E-13)  1.00E-07
  2.100E+01 9.71534E-24  0.000E+00 ( 2.743E-12, 1.393E-12) ( 4.456E-13, 2.261E-13)  1.00E-07
  2.125E+01 9.26570E-24  0.000E+00 ( 2.677E-12, 1.362E-12) ( 4.401E-13, 2.238E-13)  1.00E-07
  2.150E+01 8.84173E-24  0.000E+00 ( 2.613E-12, 1.333E-12) ( 4.347E-13, 2.216E-13)  1.00E-07
  2.175E+01 8.44170E-24  0.000E+00 ( 2.551E-12, 1.305E-12) ( 4.294E-13, 2.194E-13)  1.00E-07
  2.200E+01 8.06399E-24  0.000E+00 ( 2.491E-12, 1.277E-12) ( 4.243E-13, 2.173E-13)  1.00E-07
  2.225E+01 7.70713E-24  0.000E+00 ( 2.433E-12, 1.250E-12) ( 4.192E-13, 2.152E-13)  1.00E-07
  2.250E+01 7.36975E-24  0.000E+00 ( 2.378E-12, 1.225E-12) ( 4.143E-13, 2.132E-13)  1.00E-07
  2.275E+01 7.05059E-24  0.000E+00 ( 2.324E-12, 1.199E-12) ( 4.095E-13, 2.112E-13)  1.00E-07
  2.300E+01 6.74848E-24  0.000E+00 ( 2.272E-12, 1.175E-12) ( 4.048E-13, 2.092E-13)  1.00E-07
  2.325E+01 6.46234E-24  0.000E+00 ( 2.221E-12, 1.152E-12) ( 4.002E-13, 2.073E-13)  1.00E-07
  2.350E+01 6.19117E-24  0.000E+00 ( 2.172E-12, 1.129E-12) ( 3.957E-13, 2.054E-13)  1.00E-07
  2.375E+01 5.93404E-24  0.000E+00 ( 2.125E-12, 1.107E-12) ( 3.912E-13, 2.035E-13)  1.00E-07
  2.400E+01 5.69009E-24  0.000E+00 ( 2.079E-12, 1.085E-12) ( 3.869E-13, 2.017E-13)  1.00E-07
  2.425E+01 5.45851E-24  0.000E+00 ( 2.035E-12, 1.064E-12) ( 3.827E-13, 1.999E-13)  1.00E-07
  2.450E+01 5.23856E-24  0.000E+00 ( 1.992E-12, 1.044E-12) ( 3.785E-13, 1.982E-13)  1.00E-07
  2.475E+01 5.02954E-24  0.000E+00 ( 1.950E-12, 1.024E-12) ( 3.745E-13, 1.964E-13)  1.00E-07
  2.500E+01 4.83082E-24  0.000E+00 ( 1.909E-12, 1.005E-12) ( 3.705E-13, 1.947E-13)  1.00E-07
  2.550E+01 4.46188E-24  0.000E+00 ( 1.832E-12, 9.679E-13) ( 3.628E-13, 1.914E-13)  1.00E-07
  2.600E+01 4.12739E-24  0.000E+00 ( 1.759E-12, 9.331E-13) ( 3.553E-13, 1.882E-13)  1.00E-07
  2.650E+01 3.82357E-24 -2.013E-04 ( 1.691E-12, 9.000E-13) ( 3.482E-13, 1.851E-13)  1.00E-07
  2.700E+01 3.54709E-24 -2.109E-04 ( 1.626E-12, 8.687E-13) ( 3.413E-13, 1.821E-13)  1.00E-07
  2.750E+01 3.29507E-24 -2.209E-04 ( 1.564E-12, 8.390E-13) ( 3.347E-13, 1.792E-13)  1.00E-07
  2.800E+01 3.06495E-24 -2.310E-04 ( 1.506E-12, 8.107E-13) ( 3.283E-13, 1.764E-13)  1.00E-07
  2.850E+01 2.85449E-24 -2.415E-04 ( 1.451E-12, 7.838E-13) ( 3.221E-13, 1.737E-13)  1.00E-07
  2.900E+01 2.66172E-24 -2.520E-04 ( 1.399E-12, 7.582E-13) ( 3.161E-13, 1.711E-13)  1.00E-07
  2.950E+01 2.48487E-24 -2.629E-04 ( 1.350E-12, 7.339E-13) ( 3.104E-13, 1.685E-13)  1.00E-07
  3.000E+01 2.32240E-24 -2.740E-04 ( 1.303E-12, 7.106E-13) ( 3.048E-13, 1.660E-13)  1.00E-07
  3.050E+01 2.17293E-24 -2.853E-04 ( 1.258E-12, 6.884E-13) ( 2.994E-13, 1.636E-13)  1.00E-07
  3.100E+01 2.03523E-24 -2.971E-04 ( 1.215E-12, 6.673E-13) ( 2.942E-13, 1.612E-13)  1.00E-07
  3.150E+01 1.90820E-24 -3.091E-04 ( 1.175E-12, 6.470E-13) ( 2.891E-13, 1.590E-13)  1.00E-07
  3.200E+01 1.79088E-24 -3.213E-04 ( 1.136E-12, 6.277E-13) ( 2.842E-13, 1.567E-13)  1.00E-07
  3.250E+01 1.68238E-24 -3.337E-04 ( 1.100E-12, 6.092E-13) ( 2.795E-13, 1.546E-13)  1.00E-07
  3.300E+01 1.58193E-24 -3.463E-04 ( 1.065E-12, 5.914E-13) ( 2.749E-13, 1.525E-13)  1.00E-07
  3.350E+01 1.48882E-24 -3.592E-04 ( 1.031E-12, 5.744E-13) ( 2.704E-13, 1.504E-13)  1.00E-07
  3.400E+01 1.40241E-24 -3.723E-04 ( 9.990E-13, 5.582E-13) ( 2.661E-13, 1.484E-13)  1.00E-07
  3.450E+01 1.32213E-24 -3.860E-04 ( 9.684E-13, 5.425E-13) ( 2.619E-13, 1.464E-13)  1.00E-07
  3.500E+01 1.24747E-24 -3.996E-04 ( 9.391E-13, 5.275E-13) ( 2.578E-13, 1.445E-13)  1.00E-07
  3.550E+01 1.17797E-24 -4.140E-04 ( 9.110E-13, 5.131E-13) ( 2.538E-13, 1.427E-13)  1.00E-07
  3.600E+01 1.11321E-24 -4.277E-04 ( 8.841E-13, 4.992E-13) ( 2.499E-13, 1.409E-13)  1.00E-07
  3.650E+01 1.05279E-24 -4.426E-04 ( 8.583E-13, 4.859E-13) ( 2.462E-13, 1.391E-13)  1.00E-07
  3.700E+01 9.96393E-25 -4.569E-04 ( 8.336E-13, 4.731E-13) ( 2.425E-13, 1.374E-13)  1.00E-07
  3.750E+01 9.43682E-25 -4.721E-04 ( 8.099E-13, 4.608E-13) ( 2.389E-13, 1.357E-13)  1.00E-07
  3.800E+01 8.94379E-25 -4.875E-04 ( 7.871E-13, 4.489E-13) ( 2.355E-13, 1.340E-13)  1.00E-07
  3.850E+01 8.48223E-25 -5.032E-04 ( 7.652E-13, 4.374E-13) ( 2.321E-13, 1.324E-13)  1.00E-07
  3.900E+01 8.04977E-25 -5.192E-04 ( 7.441E-13, 4.264E-13) ( 2.288E-13, 1.308E-13)  1.00E-07
  3.950E+01 7.64426E-25 -5.351E-04 ( 7.239E-13, 4.158E-13) ( 2.256E-13, 1.293E-13)  1.00E-07
  4.000E+01 7.26369E-25 -5.514E-04 ( 7.044E-13, 4.055E-13) ( 2.224E-13, 1.278E-13)  1.00E-07
  4.050E+01 6.90625E-25 -5.678E-04 ( 6.856E-13, 3.956E-13) ( 2.194E-13, 1.263E-13)  1.00E-07
  4.100E+01 6.57028E-25 -5.848E-04 ( 6.676E-13, 3.860E-13) ( 2.164E-13, 1.248E-13)  1.00E-07
  4.150E+01 6.25424E-25 -6.021E-04 ( 6.501E-13, 3.768E-13) ( 2.134E-13, 1.234E-13)  1.00E-07
  4.200E+01 5.95675E-25 -6.197E-04 ( 6.334E-13, 3.678E-13) ( 2.106E-13, 1.220E-13)  1.00E-07
  4.250E+01 5.67652E-25 -6.375E-04 ( 6.172E-13, 3.592E-13) ( 2.078E-13, 1.206E-13)  1.00E-07
  4.300E+01 5.41237E-25 -6.553E-04 ( 6.016E-13, 3.508E-13) ( 2.051E-13, 1.193E-13)  1.00E-07
  4.350E+01 5.16321E-25 -6.734E-04 ( 5.865E-13, 3.427E-13) ( 2.024E-13, 1.180E-13)  1.00E-07
  4.400E+01 4.92802E-25 -6.918E-04 ( 5.719E-13, 3.349E-13) ( 1.998E-13, 1.167E-13)  1.00E-07
  4.450E+01 4.70588E-25 -7.106E-04 ( 5.579E-13, 3.273E-13) ( 1.973E-13, 1.154E-13)  1.00E-07
  4.500E+01 4.49593E-25 -7.299E-04 ( 5.443E-13, 3.200E-13) ( 1.948E-13, 1.142E-13)  1.00E-07
  4.550E+01 4.29738E-25 -7.494E-04 ( 5.311E-13, 3.128E-13) ( 1.923E-13, 1.130E-13)  1.00E-07
  4.600E+01 4.10951E-25 -7.691E-04 ( 5.184E-13, 3.059E-13) ( 1.899E-13, 1.118E-13)  1.00E-07
  4.650E+01 3.93163E-25 -7.888E-04 ( 5.062E-13, 2.992E-13) ( 1.876E-13, 1.106E-13)  1.00E-07
  4.700E+01 3.76312E-25 -8.087E-04 ( 4.943E-13, 2.927E-13) ( 1.853E-13, 1.095E-13)  1.00E-07
  4.750E+01 3.60338E-25 -8.290E-04 ( 4.827E-13, 2.864E-13) ( 1.831E-13, 1.083E-13)  1.00E-07
  4.800E+01 3.45188E-25 -8.498E-04 ( 4.716E-13, 2.803E-13) ( 1.809E-13, 1.072E-13)  1.00E-07
  4.850E+01 3.30812E-25 -8.709E-04 ( 4.608E-13, 2.744E-13) ( 1.787E-13, 1.061E-13)  1.00E-07
  4.900E+01 3.17162E-25 -8.924E-04 ( 4.503E-13, 2.686E-13) ( 1.766E-13, 1.050E-13)  1.00E-07
  4.950E+01 3.04197E-25 -9.140E-04 ( 4.402E-13, 2.630E-13) ( 1.745E-13, 1.040E-13)  1.00E-07
  5.000E+01 2.91874E-25 -9.357E-04 ( 4.303E-13, 2.576E-13) ( 1.725E-13, 1.029E-13)  1.00E-07
  5.050E+01 2.80157E-25 -9.576E-04 ( 4.208E-13, 2.523E-13) ( 1.705E-13, 1.019E-13)  1.00E-07
  5.100E+01 2.69010E-25 -9.798E-04 ( 4.115E-13, 2.472E-13) ( 1.685E-13, 1.009E-13)  1.00E-07
  5.150E+01 2.58400E-25 -1.002E-03 ( 4.025E-13, 2.421E-13) ( 1.666E-13, 9.992E-14)  1.00E-07
  5.200E+01 2.48297E-25 -1.026E-03 ( 3.938E-13, 2.373E-13) ( 1.647E-13, 9.894E-14)  1.00E-07
  5.250E+01 2.38671E-25 -1.049E-03 ( 3.853E-13, 2.325E-13) ( 1.629E-13, 9.798E-14)  1.00E-07
  5.300E+01 2.29497E-25 -1.073E-03 ( 3.771E-13, 2.279E-13) ( 1.611E-13, 9.703E-14)  1.00E-07
  5.350E+01 2.20750E-25 -1.096E-03 ( 3.691E-13, 2.234E-13) ( 1.593E-13, 9.610E-14)  1.00E-07
  5.400E+01 2.12406E-25 -1.120E-03 ( 3.613E-13, 2.191E-13) ( 1.575E-13, 9.519E-14)  1.00E-07
  5.450E+01 2.04443E-25 -1.144E-03 ( 3.537E-13, 2.148E-13) ( 1.558E-13, 9.428E-14)  1.00E-07
  5.500E+01 1.96840E-25 -1.169E-03 ( 3.464E-13, 2.107E-13) ( 1.541E-13, 9.339E-14)  1.00E-07
  5.550E+01 1.89577E-25 -1.194E-03 ( 3.392E-13, 2.066E-13) ( 1.524E-13, 9.252E-14)  1.00E-07
  5.600E+01 1.82638E-25 -1.220E-03 ( 3.323E-13, 2.027E-13) ( 1.508E-13, 9.165E-14)  1.00E-07
  5.650E+01 1.76005E-25 -1.245E-03 ( 3.255E-13, 1.988E-13) ( 1.492E-13, 9.080E-14)  1.00E-07
  5.700E+01 1.69662E-25 -1.271E-03 ( 3.189E-13, 1.951E-13) ( 1.476E-13, 8.996E-14)  1.00E-07
  5.750E+01 1.63595E-25 -1.297E-03 ( 3.125E-13, 1.914E-13) ( 1.461E-13, 8.913E-14)  1.00E-07
  5.800E+01 1.57788E-25 -1.323E-03 ( 3.063E-13, 1.879E-13) ( 1.445E-13, 8.832E-14)  1.00E-07
  5.850E+01 1.52229E-25 -1.349E-03 ( 3.002E-13, 1.844E-13) ( 1.430E-13, 8.751E-14)  1.00E-07
  5.900E+01 1.46905E-25 -1.377E-03 ( 2.943E-13, 1.810E-13) ( 1.415E-13, 8.672E-14)  1.00E-07
  5.950E+01 1.41805E-25 -1.404E-03 ( 2.885E-13, 1.777E-13) ( 1.401E-13, 8.593E-14)  1.00E-07
  6.000E+01 1.36917E-25 -1.432E-03 ( 2.829E-13, 1.745E-13) ( 1.386E-13, 8.516E-14)  1.00E-07
  6.050E+01 1.32231E-25 -1.460E-03 ( 2.774E-13, 1.713E-13) ( 1.372E-13, 8.440E-14)  1.00E-07
  6.100E+01 1.27738E-25 -1.488E-03 ( 2.720E-13, 1.682E-13) ( 1.358E-13, 8.364E-14)  1.00E-07
  6.150E+01 1.23427E-25 -1.516E-03 ( 2.668E-13, 1.652E-13) ( 1.344E-13, 8.290E-14)  1.00E-07
  6.200E+01 1.19290E-25 -1.544E-03 ( 2.617E-13, 1.623E-13) ( 1.331E-13, 8.217E-14)  1.00E-07
  6.250E+01 1.15319E-25 -1.574E-03 ( 2.567E-13, 1.594E-13) ( 1.318E-13, 8.144E-14)  1.00E-07
  6.300E+01 1.11505E-25 -1.603E-03 ( 2.519E-13, 1.566E-13) ( 1.304E-13, 8.073E-14)  1.00E-07
  6.350E+01 1.07842E-25 -1.633E-03 ( 2.472E-13, 1.538E-13) ( 1.291E-13, 8.002E-14)  1.00E-07
  6.400E+01 1.04323E-25 -1.663E-03 ( 2.426E-13, 1.511E-13) ( 1.279E-13, 7.932E-14)  1.00E-07
  6.450E+01 1.00941E-25 -1.693E-03 ( 2.381E-13, 1.485E-13) ( 1.266E-13, 7.863E-14)  1.00E-07
  6.500E+01 9.76893E-26 -1.723E-03 ( 2.337E-13, 1.459E-13) ( 1.254E-13, 7.795E-14)  1.00E-07
  6.550E+01 9.45622E-26 -1.754E-03 ( 2.294E-13, 1.434E-13) ( 1.241E-13, 7.728E-14)  1.00E-07
  6.600E+01 9.15539E-26 -1.786E-03 ( 2.252E-13, 1.410E-13) ( 1.229E-13, 7.661E-14)  1.00E-07
  6.650E+01 8.86591E-26 -1.818E-03 ( 2.211E-13, 1.386E-13) ( 1.217E-13, 7.595E-14)  1.00E-07
  6.700E+01 8.58729E-26 -1.850E-03 ( 2.170E-13, 1.362E-13) ( 1.206E-13, 7.530E-14)  1.00E-07
  6.750E+01 8.31907E-26 -1.882E-03 ( 2.131E-13, 1.339E-13) ( 1.194E-13, 7.466E-14)  1.00E-07
  6.800E+01 8.06079E-26 -1.914E-03 ( 2.093E-13, 1.316E-13) ( 1.183E-13, 7.402E-14)  1.00E-07
  6.850E+01 7.81201E-26 -1.946E-03 ( 2.056E-13, 1.294E-13) ( 1.171E-13, 7.340E-14)  1.00E-07
  6.900E+01 7.57229E-26 -1.979E-03 ( 2.019E-13, 1.273E-13) ( 1.160E-13, 7.277E-14)  1.00E-07
  6.950E+01 7.34124E-26 -2.013E-03 ( 1.983E-13, 1.252E-13) ( 1.149E-13, 7.216E-14)  1.00E-07
  7.000E+01 7.11849E-26 -2.048E-03 ( 1.948E-13, 1.231E-13) ( 1.139E-13, 7.155E-14)  1.00E-07
  7.050E+01 6.90370E-26 -2.083E-03 ( 1.914E-13, 1.210E-13) ( 1.128E-13, 7.095E-14)  1.00E-07
  7.100E+01 6.69658E-26 -2.117E-03 ( 1.880E-13, 1.191E-13) ( 1.117E-13, 7.036E-14)  1.00E-07
  7.150E+01 6.49681E-26 -2.150E-03 ( 1.848E-13, 1.171E-13) ( 1.107E-13, 6.977E-14)  1.00E-07
  7.200E+01 6.30404E-26 -2.183E-03 ( 1.816E-13, 1.152E-13) ( 1.096E-13, 6.918E-14)  1.00E-07
  7.250E+01 6.11792E-26 -2.220E-03 ( 1.784E-13, 1.133E-13) ( 1.086E-13, 6.861E-14)  1.00E-07
  7.300E+01 5.93823E-26 -2.258E-03 ( 1.753E-13, 1.115E-13) ( 1.076E-13, 6.804E-14)  1.00E-07
  7.350E+01 5.76474E-26 -2.295E-03 ( 1.723E-13, 1.097E-13) ( 1.066E-13, 6.747E-14)  1.00E-07
  7.400E+01 5.59722E-26 -2.330E-03 ( 1.694E-13, 1.079E-13) ( 1.056E-13, 6.691E-14)  1.00E-07
  7.450E+01 5.43539E-26 -2.366E-03 ( 1.665E-13, 1.062E-13) ( 1.047E-13, 6.636E-14)  1.00E-07
  7.500E+01 5.27901E-26 -2.403E-03 ( 1.637E-13, 1.045E-13) ( 1.037E-13, 6.581E-14)  1.00E-07
  7.550E+01 5.12787E-26 -2.441E-03 ( 1.609E-13, 1.028E-13) ( 1.028E-13, 6.527E-14)  1.00E-07
  7.600E+01 4.98176E-26 -2.479E-03 ( 1.582E-13, 1.012E-13) ( 1.018E-13, 6.473E-14)  1.00E-07
  7.650E+01 4.84049E-26 -2.518E-03 ( 1.555E-13, 9.956E-14) ( 1.009E-13, 6.420E-14)  1.00E-07
  7.700E+01 4.70388E-26 -2.557E-03 ( 1.529E-13, 9.799E-14) ( 9.999E-14, 6.367E-14)  1.00E-07
  7.750E+01 4.57175E-26 -2.596E-03 ( 1.504E-13, 9.644E-14) ( 9.908E-14, 6.315E-14)  1.00E-07
  7.800E+01 4.44393E-26 -2.634E-03 ( 1.479E-13, 9.493E-14) ( 9.818E-14, 6.263E-14)  1.00E-07
  7.850E+01 4.32025E-26 -2.674E-03 ( 1.454E-13, 9.344E-14) ( 9.730E-14, 6.212E-14)  1.00E-07
  7.900E+01 4.20053E-26 -2.714E-03 ( 1.430E-13, 9.198E-14) ( 9.642E-14, 6.161E-14)  1.00E-07
  7.950E+01 4.08465E-26 -2.755E-03 ( 1.407E-13, 9.054E-14) ( 9.556E-14, 6.111E-14)  1.00E-07
  8.000E+01 3.97244E-26 -2.796E-03 ( 1.383E-13, 8.913E-14) ( 9.470E-14, 6.061E-14)  1.00E-07
  8.050E+01 3.86379E-26 -2.837E-03 ( 1.361E-13, 8.775E-14) ( 9.385E-14, 6.012E-14)  1.00E-07
  8.100E+01 3.75856E-26 -2.879E-03 ( 1.338E-13, 8.639E-14) ( 9.301E-14, 5.963E-14)  1.00E-07
  8.150E+01 3.65663E-26 -2.921E-03 ( 1.317E-13, 8.506E-14) ( 9.218E-14, 5.914E-14)  1.00E-07
  8.200E+01 3.55786E-26 -2.963E-03 ( 1.295E-13, 8.375E-14) ( 9.136E-14, 5.866E-14)  1.00E-07
  8.250E+01 3.46214E-26 -3.005E-03 ( 1.274E-13, 8.246E-14) ( 9.054E-14, 5.819E-14)  1.00E-07
  8.300E+01 3.36937E-26 -3.049E-03 ( 1.254E-13, 8.120E-14) ( 8.974E-14, 5.771E-14)  1.00E-07
  8.350E+01 3.27943E-26 -3.093E-03 ( 1.233E-13, 7.996E-14) ( 8.894E-14, 5.725E-14)  1.00E-07
  8.400E+01 3.19223E-26 -3.137E-03 ( 1.214E-13, 7.874E-14) ( 8.815E-14, 5.678E-14)  1.00E-07
  8.450E+01 3.10767E-26 -3.181E-03 ( 1.194E-13, 7.754E-14) ( 8.737E-14, 5.632E-14)  1.00E-07
  8.500E+01 3.02565E-26 -3.226E-03 ( 1.175E-13, 7.636E-14) ( 8.659E-14, 5.586E-14)  1.00E-07
  8.550E+01 2.94610E-26 -3.271E-03 ( 1.156E-13, 7.521E-14) ( 8.583E-14, 5.541E-14)  1.00E-07
  8.600E+01 2.86891E-26 -3.316E-03 ( 1.138E-13, 7.407E-14) ( 8.507E-14, 5.496E-14)  1.00E-07
  8.650E+01 2.79400E-26 -3.363E-03 ( 1.120E-13, 7.295E-14) ( 8.432E-14, 5.451E-14)  1.00E-07
  8.700E+01 2.72131E-26 -3.409E-03 ( 1.102E-13, 7.185E-14) ( 8.357E-14, 5.407E-14)  1.00E-07
  8.750E+01 2.65074E-26 -3.457E-03 ( 1.085E-13, 7.077E-14) ( 8.283E-14, 5.363E-14)  1.00E-07
  8.800E+01 2.58223E-26 -3.504E-03 ( 1.067E-13, 6.971E-14) ( 8.210E-14, 5.319E-14)  1.00E-07
  8.850E+01 2.51572E-26 -3.552E-03 ( 1.051E-13, 6.866E-14) ( 8.138E-14, 5.276E-14)  1.00E-07
  8.900E+01 2.45113E-26 -3.600E-03 ( 1.034E-13, 6.763E-14) ( 8.066E-14, 5.233E-14)  1.00E-07
  8.950E+01 2.38839E-26 -3.648E-03 ( 1.018E-13, 6.662E-14) ( 7.995E-14, 5.191E-14)  1.00E-07
  9.000E+01 2.32744E-26 -3.697E-03 ( 1.002E-13, 6.563E-14) ( 7.925E-14, 5.149E-14)  1.00E-07
  9.050E+01 2.26823E-26 -3.747E-03 ( 9.861E-14, 6.465E-14) ( 7.855E-14, 5.107E-14)  1.00E-07
  9.100E+01 2.21070E-26 -3.798E-03 ( 9.707E-14, 6.369E-14) ( 7.786E-14, 5.065E-14)  1.00E-07
  9.150E+01 2.15478E-26 -3.849E-03 ( 9.556E-14, 6.274E-14) ( 7.717E-14, 5.024E-14)  1.00E-07
  9.200E+01 2.10044E-26 -3.900E-03 ( 9.407E-14, 6.181E-14) ( 7.649E-14, 4.983E-14)  1.00E-07
  9.250E+01 2.04761E-26 -3.951E-03 ( 9.261E-14, 6.090E-14) ( 7.582E-14, 4.942E-14)  1.00E-07
  9.300E+01 1.99626E-26 -4.003E-03 ( 9.118E-14, 6.000E-14) ( 7.515E-14, 4.901E-14)  1.00E-07
  9.350E+01 1.94632E-26 -4.055E-03 ( 8.976E-14, 5.911E-14) ( 7.449E-14, 4.861E-14)  1.00E-07
  9.400E+01 1.89775E-26 -4.108E-03 ( 8.838E-14, 5.824E-14) ( 7.383E-14, 4.821E-14)  1.00E-07
  9.450E+01 1.85052E-26 -4.162E-03 ( 8.701E-14, 5.738E-14) ( 7.318E-14, 4.782E-14)  1.00E-07
  9.500E+01 1.80457E-26 -4.217E-03 ( 8.567E-14, 5.654E-14) ( 7.253E-14, 4.742E-14)  1.00E-07
  9.550E+01 1.75987E-26 -4.271E-03 ( 8.435E-14, 5.571E-14) ( 7.189E-14, 4.703E-14)  1.00E-07
  9.600E+01 1.71638E-26 -4.326E-03 ( 8.305E-14, 5.489E-14) ( 7.125E-14, 4.665E-14)  1.00E-07
  9.650E+01 1.67406E-26 -4.381E-03 ( 8.178E-14, 5.409E-14) ( 7.062E-14, 4.626E-14)  1.00E-07
  9.700E+01 1.63288E-26 -4.438E-03 ( 8.052E-14, 5.329E-14) ( 7.000E-14, 4.588E-14)  1.00E-07
  9.750E+01 1.59279E-26 -4.494E-03 ( 7.929E-14, 5.251E-14) ( 6.938E-14, 4.550E-14)  1.00E-07
  9.800E+01 1.55376E-26 -4.552E-03 ( 7.808E-14, 5.175E-14) ( 6.876E-14, 4.512E-14)  1.00E-07
  9.850E+01 1.51577E-26 -4.610E-03 ( 7.688E-14, 5.099E-14) ( 6.815E-14, 4.474E-14)  1.00E-07
  9.900E+01 1.47878E-26 -4.669E-03 ( 7.571E-14, 5.025E-14) ( 6.755E-14, 4.437E-14)  1.00E-07
  9.950E+01 1.44276E-26 -4.727E-03 ( 7.455E-14, 4.951E-14) ( 6.694E-14, 4.400E-14)  1.00E-07
  1.000E+02 1.40768E-26 -4.787E-03 ( 7.342E-14, 4.879E-14) ( 6.635E-14, 4.363E-14)  1.00E-07
  1.005E+02 1.37351E-26 -4.847E-03 ( 7.230E-14, 4.808E-14) ( 6.575E-14, 4.327E-14)  1.00E-07
  1.010E+02 1.34023E-26 -4.908E-03 ( 7.120E-14, 4.738E-14) ( 6.517E-14, 4.290E-14)  1.00E-07
  1.015E+02 1.30780E-26 -4.969E-03 ( 7.012E-14, 4.669E-14) ( 6.458E-14, 4.254E-14)  1.00E-07
  1.020E+02 1.27621E-26 -5.031E-03 ( 6.906E-14, 4.602E-14) ( 6.400E-14, 4.218E-14)  1.00E-07
  1.025E+02 1.24542E-26 -5.094E-03 ( 6.801E-14, 4.535E-14) ( 6.343E-14, 4.183E-14)  1.00E-07
  1.030E+02 1.21542E-26 -5.157E-03 ( 6.698E-14, 4.469E-14) ( 6.286E-14, 4.147E-14)  1.00E-07
  1.035E+02 1.18618E-26 -5.221E-03 ( 6.597E-14, 4.404E-14) ( 6.229E-14, 4.112E-14)  1.00E-07
  1.040E+02 1.15768E-26 -5.285E-03 ( 6.497E-14, 4.340E-14) ( 6.173E-14, 4.077E-14)  1.00E-07
  1.045E+02 1.12990E-26 -5.351E-03 ( 6.399E-14, 4.277E-14) ( 6.117E-14, 4.042E-14)  1.00E-07
  1.050E+02 1.10281E-26 -5.417E-03 ( 6.302E-14, 4.216E-14) ( 6.061E-14, 4.007E-14)  1.00E-07
  1.055E+02 1.07640E-26 -5.484E-03 ( 6.207E-14, 4.155E-14) ( 6.006E-14, 3.973E-14)  1.00E-07
  1.060E+02 1.05065E-26 -5.551E-03 ( 6.113E-14, 4.094E-14) ( 5.951E-14, 3.938E-14)  1.00E-07
  1.065E+02 1.02553E-26 -5.619E-03 ( 6.021E-14, 4.035E-14) ( 5.897E-14, 3.904E-14)  1.00E-07
  1.070E+02 1.00104E-26 -5.687E-03 ( 5.930E-14, 3.977E-14) ( 5.843E-14, 3.870E-14)  1.00E-07
  1.075E+02 9.77150E-27 -5.757E-03 ( 5.841E-14, 3.920E-14) ( 5.789E-14, 3.837E-14)  1.00E-07
  1.080E+02 9.53847E-27 -5.826E-03 ( 5.753E-14, 3.863E-14) ( 5.736E-14, 3.803E-14)  1.00E-07
  1.085E+02 9.31111E-27 -5.898E-03 ( 5.666E-14, 3.807E-14) ( 5.683E-14, 3.770E-14)  1.00E-07
  1.090E+02 9.08930E-27 -5.970E-03 ( 5.581E-14, 3.752E-14) ( 5.630E-14, 3.737E-14)  1.00E-07
  1.095E+02 8.87287E-27 -6.042E-03 ( 5.497E-14, 3.698E-14) ( 5.578E-14, 3.704E-14)  1.00E-07
  1.100E+02 8.66168E-27 -6.115E-03 ( 5.415E-14, 3.645E-14) ( 5.526E-14, 3.671E-14)  1.00E-07
  1.105E+02 8.45558E-27 -6.189E-03 ( 5.333E-14, 3.592E-14) ( 5.474E-14, 3.638E-14)  1.00E-07
  1.110E+02 8.25444E-27 -6.264E-03 ( 5.253E-14, 3.540E-14) ( 5.423E-14, 3.606E-14)  1.00E-07
  1.115E+02 8.05811E-27 -6.339E-03 ( 5.175E-14, 3.489E-14) ( 5.372E-14, 3.573E-14)  1.00E-07
  1.120E+02 7.86646E-27 -6.416E-03 ( 5.097E-14, 3.439E-14) ( 5.321E-14, 3.541E-14)  1.00E-07
  1.125E+02 7.67937E-27 -6.493E-03 ( 5.021E-14, 3.390E-14) ( 5.271E-14, 3.509E-14)  1.00E-07
  1.130E+02 7.49671E-27 -6.572E-03 ( 4.945E-14, 3.341E-14) ( 5.221E-14, 3.477E-14)  1.00E-07
  1.135E+02 7.31838E-27 -6.651E-03 ( 4.871E-14, 3.293E-14) ( 5.171E-14, 3.446E-14)  1.00E-07
  1.140E+02 7.14425E-27 -6.731E-03 ( 4.798E-14, 3.245E-14) ( 5.122E-14, 3.414E-14)  1.00E-07
  1.145E+02 6.97422E-27 -6.811E-03 ( 4.726E-14, 3.199E-14) ( 5.073E-14, 3.383E-14)  1.00E-07
  1.150E+02 6.80816E-27 -6.893E-03 ( 4.655E-14, 3.153E-14) ( 5.024E-14, 3.351E-14)  1.00E-07
  1.155E+02 6.64598E-27 -6.976E-03 ( 4.586E-14, 3.107E-14) ( 4.975E-14, 3.320E-14)  1.00E-07
  1.160E+02 6.48757E-27 -7.060E-03 ( 4.517E-14, 3.062E-14) ( 4.927E-14, 3.289E-14)  1.00E-07
  1.165E+02 6.33285E-27 -7.145E-03 ( 4.450E-14, 3.018E-14) ( 4.879E-14, 3.259E-14)  1.00E-07
  1.170E+02 6.18170E-27 -7.230E-03 ( 4.383E-14, 2.975E-14) ( 4.831E-14, 3.228E-14)  1.00E-07
  1.175E+02 6.03405E-27 -7.317E-03 ( 4.317E-14, 2.932E-14) ( 4.783E-14, 3.197E-14)  1.00E-07
  1.180E+02 5.88981E-27 -7.404E-03 ( 4.253E-14, 2.890E-14) ( 4.736E-14, 3.167E-14)  1.00E-07
  1.185E+02 5.74887E-27 -7.493E-03 ( 4.189E-14, 2.848E-14) ( 4.689E-14, 3.137E-14)  1.00E-07
  1.190E+02 5.61116E-27 -7.582E-03 ( 4.127E-14, 2.807E-14) ( 4.642E-14, 3.107E-14)  1.00E-07
  1.195E+02 5.47659E-27 -7.674E-03 ( 4.065E-14, 2.767E-14) ( 4.596E-14, 3.077E-14)  1.00E-07
  1.200E+02 5.34509E-27 -7.766E-03 ( 4.004E-14, 2.727E-14) ( 4.549E-14, 3.047E-14)  1.00E-07
  1.205E+02 5.21658E-27 -7.859E-03 ( 3.944E-14, 2.688E-14) ( 4.503E-14, 3.017E-14)  1.00E-07
  1.210E+02 5.09099E-27 -7.953E-03 ( 3.885E-14, 2.649E-14) ( 4.458E-14, 2.987E-14)  1.00E-07
  1.215E+02 4.96824E-27 -8.048E-03 ( 3.827E-14, 2.611E-14) ( 4.412E-14, 2.958E-14)  1.00E-07
  1.220E+02 4.84827E-27 -8.145E-03 ( 3.770E-14, 2.574E-14) ( 4.367E-14, 2.929E-14)  1.00E-07
  1.225E+02 4.73099E-27 -8.242E-03 ( 3.714E-14, 2.537E-14) ( 4.321E-14, 2.899E-14)  1.00E-07
  1.230E+02 4.61635E-27 -8.342E-03 ( 3.658E-14, 2.500E-14) ( 4.277E-14, 2.870E-14)  1.00E-07
  1.235E+02 4.50428E-27 -8.442E-03 ( 3.604E-14, 2.464E-14) ( 4.232E-14, 2.841E-14)  1.00E-07
  1.240E+02 4.39472E-27 -8.544E-03 ( 3.550E-14, 2.429E-14) ( 4.187E-14, 2.812E-14)  1.00E-07
  1.245E+02 4.28761E-27 -8.647E-03 ( 3.497E-14, 2.394E-14) ( 4.143E-14, 2.784E-14)  1.00E-07
  1.250E+02 4.18289E-27 -8.751E-03 ( 3.445E-14, 2.360E-14) ( 4.099E-14, 2.755E-14)  1.00E-07
  1.255E+02 4.08051E-27 -8.856E-03 ( 3.394E-14, 2.326E-14) ( 4.055E-14, 2.726E-14)  1.00E-07
  1.260E+02 3.98039E-27 -8.963E-03 ( 3.343E-14, 2.293E-14) ( 4.012E-14, 2.698E-14)  1.00E-07
  1.265E+02 3.88250E-27 -9.071E-03 ( 3.293E-14, 2.260E-14) ( 3.968E-14, 2.669E-14)  1.00E-07
  1.270E+02 3.78677E-27 -9.181E-03 ( 3.244E-14, 2.227E-14) ( 3.925E-14, 2.641E-14)  1.00E-07
  1.275E+02 3.69316E-27 -9.293E-03 ( 3.196E-14, 2.195E-14) ( 3.882E-14, 2.613E-14)  1.00E-07
  1.280E+02 3.60162E-27 -9.406E-03 ( 3.148E-14, 2.164E-14) ( 3.839E-14, 2.585E-14)  1.00E-07
  1.285E+02 3.51211E-27 -9.520E-03 ( 3.101E-14, 2.133E-14) ( 3.797E-14, 2.557E-14)  1.00E-07
  1.290E+02 3.42456E-27 -9.635E-03 ( 3.055E-14, 2.102E-14) ( 3.754E-14, 2.529E-14)  1.00E-07
  1.295E+02 3.33894E-27 -9.752E-03 ( 3.010E-14, 2.072E-14) ( 3.712E-14, 2.502E-14)  1.00E-07
  1.300E+02 3.25520E-27 -9.871E-03 ( 2.965E-14, 2.043E-14) ( 3.670E-14, 2.474E-14)  1.00E-07
  1.305E+02 3.17330E-27 -9.992E-03 ( 2.921E-14, 2.014E-14) ( 3.628E-14, 2.446E-14)  1.00E-07
  1.310E+02 3.09320E-27 -1.012E-02 ( 2.878E-14, 1.985E-14) ( 3.586E-14, 2.419E-14)  1.00E-07
  1.315E+02 3.01485E-27 -1.024E-02 ( 2.835E-14, 1.957E-14) ( 3.544E-14, 2.391E-14)  1.00E-07
  1.320E+02 2.93822E-27 -1.036E-02 ( 2.793E-14, 1.929E-14) ( 3.503E-14, 2.364E-14)  1.00E-07
  1.325E+02 2.86327E-27 -1.049E-02 ( 2.752E-14, 1.901E-14) ( 3.462E-14, 2.337E-14)  1.00E-07
  1.330E+02 2.78996E-27 -1.062E-02 ( 2.711E-14, 1.874E-14) ( 3.421E-14, 2.310E-14)  1.00E-07
  1.335E+02 2.71826E-27 -1.075E-02 ( 2.671E-14, 1.847E-14) ( 3.380E-14, 2.283E-14)  1.00E-07
  1.340E+02 2.64811E-27 -1.089E-02 ( 2.632E-14, 1.821E-14) ( 3.339E-14, 2.256E-14)  1.00E-07
  1.345E+02 2.57950E-27 -1.102E-02 ( 2.593E-14, 1.795E-14) ( 3.298E-14, 2.229E-14)  1.00E-07
  1.350E+02 2.51240E-27 -1.116E-02 ( 2.555E-14, 1.770E-14) ( 3.258E-14, 2.202E-14)  1.00E-07
  1.355E+02 2.44676E-27 -1.130E-02 ( 2.517E-14, 1.745E-14) ( 3.218E-14, 2.176E-14)  1.00E-07
  1.360E+02 2.38256E-27 -1.144E-02 ( 2.480E-14, 1.720E-14) ( 3.178E-14, 2.149E-14)  1.00E-07
  1.365E+02 2.31977E-27 -1.158E-02 ( 2.444E-14, 1.696E-14) ( 3.138E-14, 2.123E-14)  1.00E-07
  1.370E+02 2.25835E-27 -1.172E-02 ( 2.408E-14, 1.672E-14) ( 3.098E-14, 2.096E-14)  1.00E-07
  1.375E+02 2.19827E-27 -1.187E-02 ( 2.373E-14, 1.649E-14) ( 3.058E-14, 2.070E-14)  1.00E-07
  1.380E+02 2.13950E-27 -1.202E-02 ( 2.338E-14, 1.626E-14) ( 3.018E-14, 2.043E-14)  1.00E-07
  1.385E+02 2.08203E-27 -1.217E-02 ( 2.304E-14, 1.603E-14) ( 2.979E-14, 2.017E-14)  1.00E-07
  1.390E+02 2.02583E-27 -1.233E-02 ( 2.270E-14, 1.580E-14) ( 2.940E-14, 1.991E-14)  1.00E-07
  1.395E+02 1.97086E-27 -1.248E-02 ( 2.238E-14, 1.558E-14) ( 2.900E-14, 1.965E-14)  1.00E-07
  1.400E+02 1.91710E-27 -1.264E-02 ( 2.205E-14, 1.537E-14) ( 2.861E-14, 1.939E-14)  1.00E-07
  1.405E+02 1.86452E-27 -1.280E-02 ( 2.173E-14, 1.515E-14) ( 2.822E-14, 1.913E-14)  1.00E-07
  1.410E+02 1.81311E-27 -1.297E-02 ( 2.142E-14, 1.494E-14) ( 2.784E-14, 1.887E-14)  1.00E-07
  1.415E+02 1.76283E-27 -1.313E-02 ( 2.111E-14, 1.474E-14) ( 2.745E-14, 1.861E-14)  1.00E-07
  1.420E+02 1.71366E-27 -1.330E-02 ( 2.081E-14, 1.453E-14) ( 2.706E-14, 1.836E-14)  1.00E-07
  1.425E+02 1.66559E-27 -1.347E-02 ( 2.051E-14, 1.433E-14) ( 2.668E-14, 1.810E-14)  1.00E-07
  1.430E+02 1.61860E-27 -1.365E-02 ( 2.022E-14, 1.414E-14) ( 2.630E-14, 1.784E-14)  1.00E-07
  1.435E+02 1.57266E-27 -1.382E-02 ( 1.993E-14, 1.395E-14) ( 2.592E-14, 1.759E-14)  1.00E-07
  1.440E+02 1.52774E-27 -1.400E-02 ( 1.965E-14, 1.376E-14) ( 2.554E-14, 1.733E-14)  1.00E-07
  1.445E+02 1.48383E-27 -1.418E-02 ( 1.937E-14, 1.357E-14) ( 2.516E-14, 1.708E-14)  1.00E-07
  1.450E+02 1.44090E-27 -1.437E-02 ( 1.910E-14, 1.339E-14) ( 2.478E-14, 1.683E-14)  1.00E-07
  1.455E+02 1.39895E-27 -1.456E-02 ( 1.883E-14, 1.321E-14) ( 2.440E-14, 1.657E-14)  1.00E-07
  1.460E+02 1.35796E-27 -1.474E-02 ( 1.857E-14, 1.303E-14) ( 2.402E-14, 1.632E-14)  1.00E-07
  1.465E+02 1.31791E-27 -1.493E-02 ( 1.831E-14, 1.286E-14) ( 2.365E-14, 1.607E-14)  1.00E-07
  1.470E+02 1.27877E-27 -1.513E-02 ( 1.806E-14, 1.269E-14) ( 2.327E-14, 1.582E-14)  1.00E-07
  1.475E+02 1.24052E-27 -1.533E-02 ( 1.781E-14, 1.252E-14) ( 2.290E-14, 1.557E-14)  1.00E-07
  1.480E+02 1.20316E-27 -1.553E-02 ( 1.756E-14, 1.235E-14) ( 2.253E-14, 1.532E-14)  1.00E-07
  1.485E+02 1.16667E-27 -1.573E-02 ( 1.732E-14, 1.219E-14) ( 2.216E-14, 1.507E-14)  1.00E-07
  1.490E+02 1.13103E-27 -1.594E-02 ( 1.709E-14, 1.203E-14) ( 2.179E-14, 1.482E-14)  1.00E-07
  1.495E+02 1.09623E-27 -1.615E-02 ( 1.686E-14, 1.188E-14) ( 2.142E-14, 1.457E-14)  1.00E-07
  1.500E+02 1.06225E-27 -1.636E-02 ( 1.663E-14, 1.173E-14) ( 2.105E-14, 1.432E-14)  1.00E-07
  1.505E+02 1.02909E-27 -1.657E-02 ( 1.641E-14, 1.158E-14) ( 2.068E-14, 1.407E-14)  1.00E-07
  1.510E+02 9.96708E-28 -1.679E-02 ( 1.619E-14, 1.143E-14) ( 2.031E-14, 1.382E-14)  1.00E-07
  1.515E+02 9.65110E-28 -1.701E-02 ( 1.598E-14, 1.129E-14) ( 1.995E-14, 1.358E-14)  1.00E-07
  1.520E+02 9.34278E-28 -1.723E-02 ( 1.577E-14, 1.115E-14) ( 1.958E-14, 1.333E-14)  1.00E-07
  1.525E+02 9.04202E-28 -1.746E-02 ( 1.557E-14, 1.101E-14) ( 1.922E-14, 1.308E-14)  1.00E-07
  1.530E+02 8.74869E-28 -1.768E-02 ( 1.537E-14, 1.088E-14) ( 1.886E-14, 1.284E-14)  1.00E-07
  1.535E+02 8.46267E-28 -1.791E-02 ( 1.517E-14, 1.074E-14) ( 1.849E-14, 1.259E-14)  1.00E-07
  1.540E+02 8.18383E-28 -1.814E-02 ( 1.498E-14, 1.061E-14) ( 1.813E-14, 1.235E-14)  1.00E-07
  1.545E+02 7.91204E-28 -1.837E-02 ( 1.480E-14, 1.049E-14) ( 1.777E-14, 1.211E-14)  1.00E-07
  1.550E+02 7.64718E-28 -1.861E-02 ( 1.461E-14, 1.036E-14) ( 1.741E-14, 1.186E-14)  1.00E-07
  1.555E+02 7.38916E-28 -1.884E-02 ( 1.443E-14, 1.024E-14) ( 1.705E-14, 1.162E-14)  1.00E-07
  1.560E+02 7.13789E-28 -1.908E-02 ( 1.426E-14, 1.012E-14) ( 1.669E-14, 1.138E-14)  1.00E-07
  1.565E+02 6.89327E-28 -1.932E-02 ( 1.409E-14, 1.001E-14) ( 1.633E-14, 1.113E-14)  1.00E-07
  1.570E+02 6.65521E-28 -1.955E-02 ( 1.392E-14, 9.896E-15) ( 1.598E-14, 1.089E-14)  1.00E-07
  1.575E+02 6.42359E-28 -1.979E-02 ( 1.376E-14, 9.786E-15) ( 1.562E-14, 1.065E-14)  1.00E-07
  1.580E+02 6.19831E-28 -2.002E-02 ( 1.360E-14, 9.678E-15) ( 1.526E-14, 1.041E-14)  1.00E-07
  1.585E+02 5.97928E-28 -2.026E-02 ( 1.344E-14, 9.574E-15) ( 1.491E-14, 1.017E-14)  1.00E-07
  1.590E+02 5.76640E-28 -2.049E-02 ( 1.329E-14, 9.471E-15) ( 1.455E-14, 9.924E-15)  1.00E-07
  1.595E+02 5.55962E-28 -2.072E-02 ( 1.315E-14, 9.372E-15) ( 1.420E-14, 9.684E-15)  1.00E-07
  1.600E+02 5.35886E-28 -2.095E-02 ( 1.300E-14, 9.274E-15) ( 1.384E-14, 9.443E-15)  1.00E-07
  1.605E+02 5.16404E-28 -2.116E-02 ( 1.286E-14, 9.180E-15) ( 1.349E-14, 9.203E-15)  1.00E-07
  1.610E+02 4.97507E-28 -2.138E-02 ( 1.273E-14, 9.088E-15) ( 1.314E-14, 8.964E-15)  1.00E-07
  1.615E+02 4.79187E-28 -2.158E-02 ( 1.259E-14, 8.999E-15) ( 1.279E-14, 8.724E-15)  1.00E-07
  1.620E+02 4.61436E-28 -2.178E-02 ( 1.247E-14, 8.912E-15) ( 1.243E-14, 8.485E-15)  1.00E-07
  1.625E+02 4.44247E-28 -2.198E-02 ( 1.234E-14, 8.827E-15) ( 1.208E-14, 8.246E-15)  1.00E-07
  1.630E+02 4.27615E-28 -2.216E-02 ( 1.222E-14, 8.745E-15) ( 1.173E-14, 8.008E-15)  1.00E-07
  1.635E+02 4.11534E-28 -2.232E-02 ( 1.210E-14, 8.666E-15) ( 1.138E-14, 7.769E-15)  1.00E-07
  1.640E+02 3.95998E-28 -2.247E-02 ( 1.199E-14, 8.589E-15) ( 1.103E-14, 7.531E-15)  1.00E-07
  1.645E+02 3.81001E-28 -2.260E-02 ( 1.188E-14, 8.515E-15) ( 1.068E-14, 7.294E-15)  1.00E-07
  1.650E+02 3.66536E-28 -2.271E-02 ( 1.178E-14, 8.443E-15) ( 1.033E-14, 7.056E-15)  1.00E-07
  1.655E+02 3.52595E-28 -2.280E-02 ( 1.167E-14, 8.374E-15) ( 9.986E-15, 6.819E-15)  1.00E-07
  1.660E+02 3.39174E-28 -2.287E-02 ( 1.157E-14, 8.307E-15) ( 9.638E-15, 6.582E-15)  1.00E-07
  1.665E+02 3.26269E-28 -2.291E-02 ( 1.148E-14, 8.242E-15) ( 9.290E-15, 6.345E-15)  1.00E-07
  1.670E+02 3.13876E-28 -2.291E-02 ( 1.139E-14, 8.180E-15) ( 8.943E-15, 6.108E-15)  1.00E-07
  1.675E+02 3.01990E-28 -2.288E-02 ( 1.130E-14, 8.120E-15) ( 8.596E-15, 5.871E-15)  1.00E-07
  1.680E+02 2.90608E-28 -2.280E-02 ( 1.122E-14, 8.063E-15) ( 8.250E-15, 5.635E-15)  1.00E-07
  1.685E+02 2.79722E-28 -2.268E-02 ( 1.113E-14, 8.008E-15) ( 7.903E-15, 5.399E-15)  1.00E-07
  1.690E+02 2.69328E-28 -2.252E-02 ( 1.106E-14, 7.955E-15) ( 7.557E-15, 5.163E-15)  1.00E-07
  1.695E+02 2.59421E-28 -2.230E-02 ( 1.098E-14, 7.905E-15) ( 7.212E-15, 4.927E-15)  1.00E-07
  1.700E+02 2.49999E-28 -2.203E-02 ( 1.091E-14, 7.857E-15) ( 6.867E-15, 4.692E-15)  1.00E-07
  1.705E+02 2.41060E-28 -2.169E-02 ( 1.085E-14, 7.812E-15) ( 6.522E-15, 4.456E-15)  1.00E-07
  1.710E+02 2.32601E-28 -2.128E-02 ( 1.078E-14, 7.769E-15) ( 6.177E-15, 4.221E-15)  1.00E-07
  1.715E+02 2.24619E-28 -2.080E-02 ( 1.072E-14, 7.728E-15) ( 5.832E-15, 3.985E-15)  1.00E-07
  1.720E+02 2.17109E-28 -2.024E-02 ( 1.067E-14, 7.690E-15) ( 5.488E-15, 3.750E-15)  1.00E-07
  1.725E+02 2.10067E-28 -1.960E-02 ( 1.061E-14, 7.654E-15) ( 5.144E-15, 3.515E-15)  1.00E-07
  1.730E+02 2.03489E-28 -1.888E-02 ( 1.056E-14, 7.620E-15) ( 4.800E-15, 3.281E-15)  1.00E-07
  1.735E+02 1.97375E-28 -1.807E-02 ( 1.052E-14, 7.589E-15) ( 4.456E-15, 3.046E-15)  1.00E-07
  1.740E+02 1.91723E-28 -1.717E-02 ( 1.048E-14, 7.560E-15) ( 4.113E-15, 2.811E-15)  1.00E-07
  1.745E+02 1.86533E-28 -1.617E-02 ( 1.044E-14, 7.534E-15) ( 3.770E-15, 2.577E-15)  1.00E-07
  1.750E+02 1.81803E-28 -1.507E-02 ( 1.040E-14, 7.509E-15) ( 3.426E-15, 2.342E-15)  1.00E-07
  1.755E+02 1.77530E-28 -1.389E-02 ( 1.037E-14, 7.487E-15) ( 3.083E-15, 2.108E-15)  1.00E-07
  1.760E+02 1.73709E-28 -1.261E-02 ( 1.034E-14, 7.468E-15) ( 2.741E-15, 1.873E-15)  1.00E-07
  1.765E+02 1.70339E-28 -1.125E-02 ( 1.031E-14, 7.450E-15) ( 2.398E-15, 1.639E-15)  1.00E-07
  1.770E+02 1.67418E-28 -9.813E-03 ( 1.029E-14, 7.435E-15) ( 2.055E-15, 1.405E-15)  1.00E-07
  1.775E+02 1.64949E-28 -8.299E-03 ( 1.027E-14, 7.423E-15) ( 1.712E-15, 1.171E-15)  1.00E-07
  1.780E+02 1.62931E-28 -6.721E-03 ( 1.026E-14, 7.412E-15) ( 1.370E-15, 9.364E-16)  1.00E-07
  1.785E+02 1.61367E-28 -5.088E-03 ( 1.025E-14, 7.404E-15) ( 1.027E-15, 7.023E-16)  1.00E-07
  1.790E+02 1.60254E-28 -3.414E-03 ( 1.024E-14, 7.399E-15) ( 6.849E-16, 4.682E-16)  1.00E-07
  1.795E+02 1.59587E-28 -1.714E-03 ( 1.023E-14, 7.395E-15) ( 3.424E-16, 2.341E-16)  1.00E-07
  1.800E+02 1.59368E-28 -2.407E-17 ( 1.023E-14, 7.394E-15) ( 4.805E-30, 3.285E-30)  1.00E-07

  TOTAL ELASTIC CROSS SECTION = 2.455876E-19 cm**2
               FROM DCS TABLE = 2.452149E-19  (REL. DIF. = 1.52E-03)

  1ST TRANSPORT CROSS SECTION = 3.260606E-24 cm**2
               FROM DCS TABLE = 3.259799E-24  (REL. DIF. = 2.47E-04)

  2ND TRANSPORT CROSS SECTION = 9.345380E-24 cm**2

  **** DPWA0 ENDED ************************************************************

