 #  Scattering field.
 #  All quantities in atomic units (a.u.), unless otherwise indicated.
 #  Z =   9, NELEC =   9,   projectile: electron
 #  Kinetic energy = 1.35973E+05 a.u. = 3.70000E+06 eV
 #
 #   i       r           r*V         r*Vst        r*Vex       r*Vpol       r*Wabs        rho_e
 #------------------------------------------------------------------------------------------------
     1  0.00000E+00 -0.00000E+00 -0.00000E+00  0.00000E+00  0.00000E+00  0.00000E+00  4.65794E+02
     2  1.33299E-07 -2.74385E-02 -2.74385E-02 -2.33863E-10  0.00000E+00  0.00000E+00  4.65794E+02
     3  2.69894E-07 -5.55550E-02 -5.55550E-02 -4.73469E-10  0.00000E+00  0.00000E+00  4.65754E+02
     4  4.09864E-07 -8.43655E-02 -8.43655E-02 -7.18954E-10  0.00000E+00  0.00000E+00  4.65714E+02
     5  5.53292E-07 -1.13887E-01 -1.13887E-01 -9.70463E-10  0.00000E+00  0.00000E+00  4.65673E+02
     6  7.00264E-07 -1.44136E-01 -1.44136E-01 -1.22814E-09  0.00000E+00  0.00000E+00  4.65631E+02
     7  8.50866E-07 -1.75131E-01 -1.75131E-01 -1.49215E-09  0.00000E+00  0.00000E+00  4.65589E+02
     8  1.00519E-06 -2.06888E-01 -2.06888E-01 -1.76264E-09  0.00000E+00  0.00000E+00  4.65546E+02
     9  1.16333E-06 -2.39428E-01 -2.39428E-01 -2.03976E-09  0.00000E+00  0.00000E+00  4.65503E+02
    10  1.32537E-06 -2.72767E-01 -2.72767E-01 -2.32369E-09  0.00000E+00  0.00000E+00  4.65459E+02
    11  1.49142E-06 -3.06926E-01 -3.06926E-01 -2.61459E-09  0.00000E+00  0.00000E+00  4.65415E+02
    12  1.66157E-06 -3.41923E-01 -3.41923E-01 -2.91264E-09  0.00000E+00  0.00000E+00  4.65371E+02
    13  1.83592E-06 -3.77779E-01 -3.77779E-01 -3.21801E-09  0.00000E+00  0.00000E+00  4.65325E+02
    14  2.01458E-06 -4.14513E-01 -4.14513E-01 -3.53088E-09  0.00000E+00  0.00000E+00  4.65280E+02
    15  2.19766E-06 -4.52146E-01 -4.52146E-01 -3.85145E-09  0.00000E+00  0.00000E+00  4.65234E+02
    16  2.38525E-06 -4.90700E-01 -4.90700E-01 -4.17989E-09  0.00000E+00  0.00000E+00  4.65187E+02
    17  2.57749E-06 -5.30195E-01 -5.30195E-01 -4.51641E-09  0.00000E+00  0.00000E+00  4.65140E+02
    18  2.77447E-06 -5.70654E-01 -5.70654E-01 -4.86120E-09  0.00000E+00  0.00000E+00  4.65093E+02
    19  2.97632E-06 -6.12098E-01 -6.12098E-01 -5.21448E-09  0.00000E+00  0.00000E+00  4.65045E+02
    20  3.18316E-06 -6.54550E-01 -6.54550E-01 -5.57646E-09  0.00000E+00  0.00000E+00  4.64997E+02
    21  3.39510E-06 -6.98034E-01 -6.98034E-01 -5.94735E-09  0.00000E+00  0.00000E+00  4.64948E+02
    22  3.61228E-06 -7.42571E-01 -7.42571E-01 -6.32738E-09  0.00000E+00  0.00000E+00  4.64900E+02
    23  3.83483E-06 -7.88188E-01 -7.88188E-01 -6.71677E-09  0.00000E+00  0.00000E+00  4.64850E+02
    24  4.06288E-06 -8.34906E-01 -8.34906E-01 -7.11576E-09  0.00000E+00  0.00000E+00  4.64801E+02
    25  4.29656E-06 -8.82751E-01 -8.82751E-01 -7.52460E-09  0.00000E+00  0.00000E+00  4.64752E+02
    26  4.53602E-06 -9.31748E-01 -9.31748E-01 -7.94353E-09  0.00000E+00  0.00000E+00  4.64702E+02
    27  4.78139E-06 -9.81922E-01 -9.81922E-01 -8.37281E-09  0.00000E+00  0.00000E+00  4.64652E+02
    28  5.03282E-06 -1.03330E+00 -1.03330E+00 -8.81270E-09  0.00000E+00  0.00000E+00  4.64602E+02
    29  5.29047E-06 -1.08590E+00 -1.08590E+00 -9.26347E-09  0.00000E+00  0.00000E+00  4.64552E+02
    30  5.55448E-06 -1.13976E+00 -1.13976E+00 -9.72539E-09  0.00000E+00  0.00000E+00  4.64502E+02
    31  5.82501E-06 -1.19490E+00 -1.19490E+00 -1.01988E-08  0.00000E+00  0.00000E+00  4.64451E+02
    32  6.10223E-06 -1.25134E+00 -1.25134E+00 -1.06839E-08  0.00000E+00  0.00000E+00  4.64401E+02
    33  6.38630E-06 -1.30912E+00 -1.30912E+00 -1.11810E-08  0.00000E+00  0.00000E+00  4.64351E+02
    34  6.67738E-06 -1.36826E+00 -1.36826E+00 -1.16905E-08  0.00000E+00  0.00000E+00  4.64301E+02
    35  6.97566E-06 -1.42879E+00 -1.42879E+00 -1.22126E-08  0.00000E+00  0.00000E+00  4.64252E+02
    36  7.28131E-06 -1.49073E+00 -1.49073E+00 -1.27478E-08  0.00000E+00  0.00000E+00  4.64202E+02
    37  7.59451E-06 -1.55411E+00 -1.55411E+00 -1.32962E-08  0.00000E+00  0.00000E+00  4.64153E+02
    38  7.91544E-06 -1.61897E+00 -1.61897E+00 -1.38584E-08  0.00000E+00  0.00000E+00  4.64104E+02
    39  8.24431E-06 -1.68532E+00 -1.68532E+00 -1.44346E-08  0.00000E+00  0.00000E+00  4.64056E+02
    40  8.58130E-06 -1.75319E+00 -1.75319E+00 -1.50252E-08  0.00000E+00  0.00000E+00  4.64008E+02
    41  8.92661E-06 -1.82262E+00 -1.82262E+00 -1.56306E-08  0.00000E+00  0.00000E+00  4.63961E+02
    42  9.28046E-06 -1.89362E+00 -1.89362E+00 -1.62512E-08  0.00000E+00  0.00000E+00  4.63914E+02
    43  9.64305E-06 -1.96623E+00 -1.96623E+00 -1.68873E-08  0.00000E+00  0.00000E+00  4.63868E+02
    44  1.00146E-05 -2.04046E+00 -2.04046E+00 -1.75395E-08  0.00000E+00  0.00000E+00  4.63823E+02
    45  1.03953E-05 -2.11636E+00 -2.11636E+00 -1.82081E-08  0.00000E+00  0.00000E+00  4.63778E+02
    46  1.07855E-05 -2.19393E+00 -2.19393E+00 -1.88935E-08  0.00000E+00  0.00000E+00  4.63734E+02
    47  1.11852E-05 -2.27320E+00 -2.27320E+00 -1.95964E-08  0.00000E+00  0.00000E+00  4.63691E+02
    48  1.15949E-05 -2.35421E+00 -2.35421E+00 -2.03170E-08  0.00000E+00  0.00000E+00  4.63650E+02
    49  1.20147E-05 -2.43696E+00 -2.43696E+00 -2.10559E-08  0.00000E+00  0.00000E+00  4.63609E+02
    50  1.24448E-05 -2.52149E+00 -2.52149E+00 -2.18136E-08  0.00000E+00  0.00000E+00  4.63569E+02
    51  1.28856E-05 -2.60781E+00 -2.60781E+00 -2.25906E-08  0.00000E+00  0.00000E+00  4.63531E+02
    52  1.33372E-05 -2.69594E+00 -2.69594E+00 -2.33875E-08  0.00000E+00  0.00000E+00  4.63494E+02
    53  1.38001E-05 -2.78590E+00 -2.78590E+00 -2.42048E-08  0.00000E+00  0.00000E+00  4.63458E+02
    54  1.42743E-05 -2.87770E+00 -2.87770E+00 -2.50431E-08  0.00000E+00  0.00000E+00  4.63423E+02
    55  1.47603E-05 -2.97136E+00 -2.97136E+00 -2.59029E-08  0.00000E+00  0.00000E+00  4.63390E+02
    56  1.52583E-05 -3.06688E+00 -3.06688E+00 -2.67850E-08  0.00000E+00  0.00000E+00  4.63359E+02
    57  1.57685E-05 -3.16428E+00 -3.16428E+00 -2.76899E-08  0.00000E+00  0.00000E+00  4.63329E+02
    58  1.62914E-05 -3.26356E+00 -3.26356E+00 -2.86183E-08  0.00000E+00  0.00000E+00  4.63300E+02
    59  1.68272E-05 -3.36472E+00 -3.36472E+00 -2.95709E-08  0.00000E+00  0.00000E+00  4.63273E+02
    60  1.73763E-05 -3.46777E+00 -3.46777E+00 -3.05484E-08  0.00000E+00  0.00000E+00  4.63248E+02
    61  1.79389E-05 -3.57270E+00 -3.57270E+00 -3.15515E-08  0.00000E+00  0.00000E+00  4.63224E+02
    62  1.85154E-05 -3.67950E+00 -3.67950E+00 -3.25810E-08  0.00000E+00  0.00000E+00  4.63202E+02
    63  1.91062E-05 -3.78815E+00 -3.78815E+00 -3.36377E-08  0.00000E+00  0.00000E+00  4.63182E+02
    64  1.97115E-05 -3.89864E+00 -3.89864E+00 -3.47224E-08  0.00000E+00  0.00000E+00  4.63163E+02
    65  2.03318E-05 -4.01095E+00 -4.01095E+00 -3.58358E-08  0.00000E+00  0.00000E+00  4.63146E+02
    66  2.09674E-05 -4.12505E+00 -4.12505E+00 -3.69790E-08  0.00000E+00  0.00000E+00  4.63130E+02
    67  2.16188E-05 -4.24090E+00 -4.24090E+00 -3.81529E-08  0.00000E+00  0.00000E+00  4.63115E+02
    68  2.22862E-05 -4.35846E+00 -4.35846E+00 -3.93583E-08  0.00000E+00  0.00000E+00  4.63102E+02
    69  2.29701E-05 -4.47768E+00 -4.47768E+00 -4.05962E-08  0.00000E+00  0.00000E+00  4.63090E+02
    70  2.36709E-05 -4.59851E+00 -4.59851E+00 -4.18677E-08  0.00000E+00  0.00000E+00  4.63079E+02
    71  2.43891E-05 -4.72088E+00 -4.72088E+00 -4.31738E-08  0.00000E+00  0.00000E+00  4.63068E+02
    72  2.51249E-05 -4.84471E+00 -4.84470E+00 -4.45156E-08  0.00000E+00  0.00000E+00  4.63058E+02
    73  2.58790E-05 -4.96991E+00 -4.96991E+00 -4.58942E-08  0.00000E+00  0.00000E+00  4.63048E+02
    74  2.66517E-05 -5.09641E+00 -5.09641E+00 -4.73109E-08  0.00000E+00  0.00000E+00  4.63038E+02
    75  2.74434E-05 -5.22408E+00 -5.22408E+00 -4.87668E-08  0.00000E+00  0.00000E+00  4.63028E+02
    76  2.82548E-05 -5.35281E+00 -5.35281E+00 -5.02632E-08  0.00000E+00  0.00000E+00  4.63017E+02
    77  2.90862E-05 -5.48247E+00 -5.48247E+00 -5.18015E-08  0.00000E+00  0.00000E+00  4.63005E+02
    78  2.99381E-05 -5.61292E+00 -5.61292E+00 -5.33831E-08  0.00000E+00  0.00000E+00  4.62993E+02
    79  3.08111E-05 -5.74399E+00 -5.74399E+00 -5.50095E-08  0.00000E+00  0.00000E+00  4.62980E+02
    80  3.17056E-05 -5.87553E+00 -5.87553E+00 -5.66823E-08  0.00000E+00  0.00000E+00  4.62967E+02
    81  3.26222E-05 -6.00733E+00 -6.00733E+00 -5.84030E-08  0.00000E+00  0.00000E+00  4.62953E+02
    82  3.35615E-05 -6.13920E+00 -6.13920E+00 -6.01734E-08  0.00000E+00  0.00000E+00  4.62938E+02
    83  3.45240E-05 -6.27093E+00 -6.27093E+00 -6.19951E-08  0.00000E+00  0.00000E+00  4.62922E+02
    84  3.55103E-05 -6.40227E+00 -6.40227E+00 -6.38701E-08  0.00000E+00  0.00000E+00  4.62906E+02
    85  3.65209E-05 -6.53298E+00 -6.53298E+00 -6.58002E-08  0.00000E+00  0.00000E+00  4.62889E+02
    86  3.75565E-05 -6.66279E+00 -6.66279E+00 -6.77874E-08  0.00000E+00  0.00000E+00  4.62871E+02
    87  3.86177E-05 -6.79143E+00 -6.79143E+00 -6.98338E-08  0.00000E+00  0.00000E+00  4.62852E+02
    88  3.97051E-05 -6.91860E+00 -6.91860E+00 -7.19416E-08  0.00000E+00  0.00000E+00  4.62832E+02
    89  4.08194E-05 -7.04400E+00 -7.04400E+00 -7.41128E-08  0.00000E+00  0.00000E+00  4.62812E+02
    90  4.19612E-05 -7.16731E+00 -7.16731E+00 -7.63499E-08  0.00000E+00  0.00000E+00  4.62790E+02
    91  4.31312E-05 -7.28821E+00 -7.28821E+00 -7.86551E-08  0.00000E+00  0.00000E+00  4.62768E+02
    92  4.43302E-05 -7.40636E+00 -7.40636E+00 -8.10310E-08  0.00000E+00  0.00000E+00  4.62744E+02
    93  4.55587E-05 -7.52145E+00 -7.52145E+00 -8.34800E-08  0.00000E+00  0.00000E+00  4.62720E+02
    94  4.68176E-05 -7.63314E+00 -7.63314E+00 -8.60046E-08  0.00000E+00  0.00000E+00  4.62694E+02
    95  4.81076E-05 -7.74112E+00 -7.74112E+00 -8.86075E-08  0.00000E+00  0.00000E+00  4.62667E+02
    96  4.94295E-05 -7.84507E+00 -7.84507E+00 -9.12912E-08  0.00000E+00  0.00000E+00  4.62639E+02
    97  5.07840E-05 -7.94472E+00 -7.94472E+00 -9.40584E-08  0.00000E+00  0.00000E+00  4.62610E+02
    98  5.21720E-05 -8.03981E+00 -8.03981E+00 -9.69118E-08  0.00000E+00  0.00000E+00  4.62580E+02
    99  5.35943E-05 -8.13009E+00 -8.13009E+00 -9.98540E-08  0.00000E+00  0.00000E+00  4.62549E+02
   100  5.50517E-05 -8.21538E+00 -8.21538E+00 -1.02887E-07  0.00000E+00  0.00000E+00  4.62516E+02
   101  5.65452E-05 -8.29554E+00 -8.29554E+00 -1.06015E-07  0.00000E+00  0.00000E+00  4.62482E+02
   102  5.80755E-05 -8.37044E+00 -8.37044E+00 -1.09239E-07  0.00000E+00  0.00000E+00  4.62446E+02
   103  5.96437E-05 -8.44006E+00 -8.44006E+00 -1.12562E-07  0.00000E+00  0.00000E+00  4.62410E+02
   104  6.12505E-05 -8.50437E+00 -8.50437E+00 -1.15986E-07  0.00000E+00  0.00000E+00  4.62372E+02
   105  6.28971E-05 -8.56343E+00 -8.56343E+00 -1.19514E-07  0.00000E+00  0.00000E+00  4.62332E+02
   106  6.45844E-05 -8.61734E+00 -8.61734E+00 -1.23148E-07  0.00000E+00  0.00000E+00  4.62292E+02
   107  6.63134E-05 -8.66626E+00 -8.66626E+00 -1.26890E-07  0.00000E+00  0.00000E+00  4.62250E+02
   108  6.80850E-05 -8.71036E+00 -8.71036E+00 -1.30742E-07  0.00000E+00  0.00000E+00  4.62207E+02
   109  6.99005E-05 -8.74988E+00 -8.74988E+00 -1.34706E-07  0.00000E+00  0.00000E+00  4.62162E+02
   110  7.17608E-05 -8.78507E+00 -8.78507E+00 -1.38785E-07  0.00000E+00  0.00000E+00  4.62116E+02
   111  7.36670E-05 -8.81622E+00 -8.81622E+00 -1.42980E-07  0.00000E+00  0.00000E+00  4.62069E+02
   112  7.56204E-05 -8.84361E+00 -8.84361E+00 -1.47293E-07  0.00000E+00  0.00000E+00  4.62020E+02
   113  7.76220E-05 -8.86756E+00 -8.86756E+00 -1.51727E-07  0.00000E+00  0.00000E+00  4.61971E+02
   114  7.96731E-05 -8.88836E+00 -8.88836E+00 -1.56283E-07  0.00000E+00  0.00000E+00  4.61920E+02
   115  8.17748E-05 -8.90632E+00 -8.90632E+00 -1.60964E-07  0.00000E+00  0.00000E+00  4.61868E+02
   116  8.39285E-05 -8.92174E+00 -8.92174E+00 -1.65771E-07  0.00000E+00  0.00000E+00  4.61815E+02
   117  8.61354E-05 -8.93488E+00 -8.93488E+00 -1.70708E-07  0.00000E+00  0.00000E+00  4.61761E+02
   118  8.83968E-05 -8.94602E+00 -8.94602E+00 -1.75776E-07  0.00000E+00  0.00000E+00  4.61706E+02
   119  9.07140E-05 -8.95540E+00 -8.95540E+00 -1.80977E-07  0.00000E+00  0.00000E+00  4.61649E+02
   120  9.30886E-05 -8.96325E+00 -8.96325E+00 -1.86315E-07  0.00000E+00  0.00000E+00  4.61592E+02
   121  9.55217E-05 -8.96978E+00 -8.96978E+00 -1.91792E-07  0.00000E+00  0.00000E+00  4.61533E+02
   122  9.80150E-05 -8.97517E+00 -8.97517E+00 -1.97411E-07  0.00000E+00  0.00000E+00  4.61474E+02
   123  1.00570E-04 -8.97959E+00 -8.97959E+00 -2.03174E-07  0.00000E+00  0.00000E+00  4.61414E+02
   124  1.03188E-04 -8.98319E+00 -8.98319E+00 -2.09086E-07  0.00000E+00  0.00000E+00  4.61352E+02
   125  1.05871E-04 -8.98610E+00 -8.98610E+00 -2.15148E-07  0.00000E+00  0.00000E+00  4.61290E+02
   126  1.08620E-04 -8.98843E+00 -8.98843E+00 -2.21364E-07  0.00000E+00  0.00000E+00  4.61227E+02
   127  1.11437E-04 -8.99029E+00 -8.99029E+00 -2.27738E-07  0.00000E+00  0.00000E+00  4.61162E+02
   128  1.14323E-04 -8.99175E+00 -8.99175E+00 -2.34273E-07  0.00000E+00  0.00000E+00  4.61097E+02
   129  1.17281E-04 -8.99288E+00 -8.99288E+00 -2.40972E-07  0.00000E+00  0.00000E+00  4.61031E+02
   130  1.20312E-04 -8.99375E+00 -8.99375E+00 -2.47840E-07  0.00000E+00  0.00000E+00  4.60964E+02
   131  1.23418E-04 -8.99441E+00 -8.99441E+00 -2.54881E-07  0.00000E+00  0.00000E+00  4.60896E+02
   132  1.26600E-04 -8.99490E+00 -8.99490E+00 -2.62097E-07  0.00000E+00  0.00000E+00  4.60826E+02
   133  1.29861E-04 -8.99526E+00 -8.99526E+00 -2.69495E-07  0.00000E+00  0.00000E+00  4.60756E+02
   134  1.33203E-04 -8.99551E+00 -8.99551E+00 -2.77077E-07  0.00000E+00  0.00000E+00  4.60686E+02
   135  1.36627E-04 -8.99567E+00 -8.99567E+00 -2.84847E-07  0.00000E+00  0.00000E+00  4.60614E+02
   136  1.40136E-04 -8.99577E+00 -8.99577E+00 -2.92812E-07  0.00000E+00  0.00000E+00  4.60541E+02
   137  1.43732E-04 -8.99581E+00 -8.99581E+00 -3.00975E-07  0.00000E+00  0.00000E+00  4.60467E+02
   138  1.47416E-04 -8.99582E+00 -8.99582E+00 -3.09340E-07  0.00000E+00  0.00000E+00  4.60392E+02
   139  1.51191E-04 -8.99580E+00 -8.99580E+00 -3.17913E-07  0.00000E+00  0.00000E+00  4.60317E+02
   140  1.55060E-04 -8.99575E+00 -8.99575E+00 -3.26699E-07  0.00000E+00  0.00000E+00  4.60240E+02
   141  1.59024E-04 -8.99568E+00 -8.99568E+00 -3.35702E-07  0.00000E+00  0.00000E+00  4.60162E+02
   142  1.63087E-04 -8.99561E+00 -8.99560E+00 -3.44929E-07  0.00000E+00  0.00000E+00  4.60084E+02
   143  1.67249E-04 -8.99551E+00 -8.99551E+00 -3.54384E-07  0.00000E+00  0.00000E+00  4.60004E+02
   144  1.71515E-04 -8.99542E+00 -8.99541E+00 -3.64072E-07  0.00000E+00  0.00000E+00  4.59923E+02
   145  1.75885E-04 -8.99531E+00 -8.99531E+00 -3.74000E-07  0.00000E+00  0.00000E+00  4.59842E+02
   146  1.80364E-04 -8.99520E+00 -8.99520E+00 -3.84173E-07  0.00000E+00  0.00000E+00  4.59759E+02
   147  1.84953E-04 -8.99508E+00 -8.99508E+00 -3.94598E-07  0.00000E+00  0.00000E+00  4.59675E+02
   148  1.89656E-04 -8.99496E+00 -8.99496E+00 -4.05279E-07  0.00000E+00  0.00000E+00  4.59591E+02
   149  1.94475E-04 -8.99483E+00 -8.99483E+00 -4.16223E-07  0.00000E+00  0.00000E+00  4.59505E+02
   150  1.99413E-04 -8.99470E+00 -8.99470E+00 -4.27437E-07  0.00000E+00  0.00000E+00  4.59418E+02
   151  2.04473E-04 -8.99457E+00 -8.99457E+00 -4.38928E-07  0.00000E+00  0.00000E+00  4.59330E+02
   152  2.09658E-04 -8.99443E+00 -8.99443E+00 -4.50700E-07  0.00000E+00  0.00000E+00  4.59240E+02
   153  2.14972E-04 -8.99429E+00 -8.99429E+00 -4.62763E-07  0.00000E+00  0.00000E+00  4.59150E+02
   154  2.20416E-04 -8.99415E+00 -8.99414E+00 -4.75121E-07  0.00000E+00  0.00000E+00  4.59059E+02
   155  2.25995E-04 -8.99400E+00 -8.99400E+00 -4.87784E-07  0.00000E+00  0.00000E+00  4.58966E+02
   156  2.31712E-04 -8.99385E+00 -8.99384E+00 -5.00757E-07  0.00000E+00  0.00000E+00  4.58872E+02
   157  2.37570E-04 -8.99369E+00 -8.99369E+00 -5.14048E-07  0.00000E+00  0.00000E+00  4.58777E+02
   158  2.43573E-04 -8.99353E+00 -8.99353E+00 -5.27666E-07  0.00000E+00  0.00000E+00  4.58680E+02
   159  2.49724E-04 -8.99337E+00 -8.99337E+00 -5.41617E-07  0.00000E+00  0.00000E+00  4.58583E+02
   160  2.56027E-04 -8.99320E+00 -8.99320E+00 -5.55910E-07  0.00000E+00  0.00000E+00  4.58484E+02
   161  2.62485E-04 -8.99303E+00 -8.99303E+00 -5.70553E-07  0.00000E+00  0.00000E+00  4.58383E+02
   162  2.69104E-04 -8.99285E+00 -8.99285E+00 -5.85555E-07  0.00000E+00  0.00000E+00  4.58282E+02
   163  2.75885E-04 -8.99267E+00 -8.99267E+00 -6.00923E-07  0.00000E+00  0.00000E+00  4.58179E+02
   164  2.82835E-04 -8.99249E+00 -8.99249E+00 -6.16667E-07  0.00000E+00  0.00000E+00  4.58074E+02
   165  2.89956E-04 -8.99230E+00 -8.99230E+00 -6.32796E-07  0.00000E+00  0.00000E+00  4.57968E+02
   166  2.97253E-04 -8.99210E+00 -8.99210E+00 -6.49320E-07  0.00000E+00  0.00000E+00  4.57861E+02
   167  3.04730E-04 -8.99191E+00 -8.99191E+00 -6.66246E-07  0.00000E+00  0.00000E+00  4.57752E+02
   168  3.12392E-04 -8.99170E+00 -8.99170E+00 -6.83586E-07  0.00000E+00  0.00000E+00  4.57641E+02
   169  3.20243E-04 -8.99149E+00 -8.99149E+00 -7.01349E-07  0.00000E+00  0.00000E+00  4.57529E+02
   170  3.28289E-04 -8.99128E+00 -8.99128E+00 -7.19545E-07  0.00000E+00  0.00000E+00  4.57416E+02
   171  3.36533E-04 -8.99106E+00 -8.99106E+00 -7.38184E-07  0.00000E+00  0.00000E+00  4.57300E+02
   172  3.44980E-04 -8.99084E+00 -8.99084E+00 -7.57277E-07  0.00000E+00  0.00000E+00  4.57183E+02
   173  3.53637E-04 -8.99061E+00 -8.99061E+00 -7.76836E-07  0.00000E+00  0.00000E+00  4.57065E+02
   174  3.62507E-04 -8.99037E+00 -8.99037E+00 -7.96870E-07  0.00000E+00  0.00000E+00  4.56944E+02
   175  3.71596E-04 -8.99013E+00 -8.99013E+00 -8.17392E-07  0.00000E+00  0.00000E+00  4.56822E+02
   176  3.80910E-04 -8.98988E+00 -8.98988E+00 -8.38413E-07  0.00000E+00  0.00000E+00  4.56698E+02
   177  3.90454E-04 -8.98963E+00 -8.98963E+00 -8.59945E-07  0.00000E+00  0.00000E+00  4.56572E+02
   178  4.00234E-04 -8.98937E+00 -8.98937E+00 -8.82000E-07  0.00000E+00  0.00000E+00  4.56444E+02
   179  4.10255E-04 -8.98910E+00 -8.98910E+00 -9.04591E-07  0.00000E+00  0.00000E+00  4.56314E+02
   180  4.20524E-04 -8.98883E+00 -8.98883E+00 -9.27730E-07  0.00000E+00  0.00000E+00  4.56182E+02
   181  4.31047E-04 -8.98855E+00 -8.98855E+00 -9.51430E-07  0.00000E+00  0.00000E+00  4.56048E+02
   182  4.41830E-04 -8.98826E+00 -8.98826E+00 -9.75705E-07  0.00000E+00  0.00000E+00  4.55912E+02
   183  4.52879E-04 -8.98797E+00 -8.98797E+00 -1.00057E-06  0.00000E+00  0.00000E+00  4.55773E+02
   184  4.64201E-04 -8.98767E+00 -8.98767E+00 -1.02603E-06  0.00000E+00  0.00000E+00  4.55633E+02
   185  4.75803E-04 -8.98736E+00 -8.98736E+00 -1.05212E-06  0.00000E+00  0.00000E+00  4.55490E+02
   186  4.87691E-04 -8.98705E+00 -8.98705E+00 -1.07883E-06  0.00000E+00  0.00000E+00  4.55345E+02
   187  4.99873E-04 -8.98672E+00 -8.98672E+00 -1.10619E-06  0.00000E+00  0.00000E+00  4.55197E+02
   188  5.12356E-04 -8.98639E+00 -8.98639E+00 -1.13421E-06  0.00000E+00  0.00000E+00  4.55047E+02
   189  5.25147E-04 -8.98605E+00 -8.98605E+00 -1.16291E-06  0.00000E+00  0.00000E+00  4.54895E+02
   190  5.38255E-04 -8.98570E+00 -8.98570E+00 -1.19230E-06  0.00000E+00  0.00000E+00  4.54740E+02
   191  5.51686E-04 -8.98535E+00 -8.98535E+00 -1.22240E-06  0.00000E+00  0.00000E+00  4.54583E+02
   192  5.65449E-04 -8.98498E+00 -8.98498E+00 -1.25322E-06  0.00000E+00  0.00000E+00  4.54422E+02
   193  5.79552E-04 -8.98461E+00 -8.98461E+00 -1.28479E-06  0.00000E+00  0.00000E+00  4.54259E+02
   194  5.94004E-04 -8.98422E+00 -8.98422E+00 -1.31712E-06  0.00000E+00  0.00000E+00  4.54093E+02
   195  6.08812E-04 -8.98383E+00 -8.98383E+00 -1.35023E-06  0.00000E+00  0.00000E+00  4.53925E+02
   196  6.23986E-04 -8.98343E+00 -8.98343E+00 -1.38413E-06  0.00000E+00  0.00000E+00  4.53753E+02
   197  6.39535E-04 -8.98301E+00 -8.98301E+00 -1.41885E-06  0.00000E+00  0.00000E+00  4.53579E+02
   198  6.55469E-04 -8.98259E+00 -8.98259E+00 -1.45441E-06  0.00000E+00  0.00000E+00  4.53401E+02
   199  6.71796E-04 -8.98216E+00 -8.98216E+00 -1.49081E-06  0.00000E+00  0.00000E+00  4.53220E+02
   200  6.88526E-04 -8.98171E+00 -8.98171E+00 -1.52810E-06  0.00000E+00  0.00000E+00  4.53036E+02
   201  7.05669E-04 -8.98126E+00 -8.98126E+00 -1.56627E-06  0.00000E+00  0.00000E+00  4.52849E+02
   202  7.23236E-04 -8.98079E+00 -8.98079E+00 -1.60536E-06  0.00000E+00  0.00000E+00  4.52658E+02
   203  7.41237E-04 -8.98031E+00 -8.98031E+00 -1.64539E-06  0.00000E+00  0.00000E+00  4.52464E+02
   204  7.59683E-04 -8.97982E+00 -8.97982E+00 -1.68638E-06  0.00000E+00  0.00000E+00  4.52266E+02
   205  7.78585E-04 -8.97932E+00 -8.97932E+00 -1.72834E-06  0.00000E+00  0.00000E+00  4.52065E+02
   206  7.97953E-04 -8.97881E+00 -8.97880E+00 -1.77131E-06  0.00000E+00  0.00000E+00  4.51860E+02
   207  8.17800E-04 -8.97828E+00 -8.97828E+00 -1.81530E-06  0.00000E+00  0.00000E+00  4.51651E+02
   208  8.38137E-04 -8.97774E+00 -8.97774E+00 -1.86035E-06  0.00000E+00  0.00000E+00  4.51438E+02
   209  8.58976E-04 -8.97719E+00 -8.97718E+00 -1.90646E-06  0.00000E+00  0.00000E+00  4.51221E+02
   210  8.80331E-04 -8.97662E+00 -8.97662E+00 -1.95368E-06  0.00000E+00  0.00000E+00  4.51001E+02
   211  9.02212E-04 -8.97604E+00 -8.97604E+00 -2.00202E-06  0.00000E+00  0.00000E+00  4.50776E+02
   212  9.24635E-04 -8.97544E+00 -8.97544E+00 -2.05151E-06  0.00000E+00  0.00000E+00  4.50546E+02
   213  9.47611E-04 -8.97483E+00 -8.97483E+00 -2.10218E-06  0.00000E+00  0.00000E+00  4.50313E+02
   214  9.71155E-04 -8.97421E+00 -8.97420E+00 -2.15404E-06  0.00000E+00  0.00000E+00  4.50075E+02
   215  9.95280E-04 -8.97357E+00 -8.97356E+00 -2.20714E-06  0.00000E+00  0.00000E+00  4.49832E+02
   216  1.02000E-03 -8.97291E+00 -8.97291E+00 -2.26150E-06  0.00000E+00  0.00000E+00  4.49584E+02
   217  1.04533E-03 -8.97224E+00 -8.97223E+00 -2.31714E-06  0.00000E+00  0.00000E+00  4.49332E+02
   218  1.07129E-03 -8.97155E+00 -8.97154E+00 -2.37410E-06  0.00000E+00  0.00000E+00  4.49075E+02
   219  1.09789E-03 -8.97084E+00 -8.97084E+00 -2.43240E-06  0.00000E+00  0.00000E+00  4.48813E+02
   220  1.12515E-03 -8.97012E+00 -8.97011E+00 -2.49208E-06  0.00000E+00  0.00000E+00  4.48546E+02
   221  1.15308E-03 -8.96937E+00 -8.96937E+00 -2.55317E-06  0.00000E+00  0.00000E+00  4.48273E+02
   222  1.18170E-03 -8.96861E+00 -8.96861E+00 -2.61569E-06  0.00000E+00  0.00000E+00  4.47995E+02
   223  1.21102E-03 -8.96784E+00 -8.96783E+00 -2.67969E-06  0.00000E+00  0.00000E+00  4.47712E+02
   224  1.24107E-03 -8.96704E+00 -8.96704E+00 -2.74519E-06  0.00000E+00  0.00000E+00  4.47423E+02
   225  1.27187E-03 -8.96622E+00 -8.96622E+00 -2.81222E-06  0.00000E+00  0.00000E+00  4.47128E+02
   226  1.30342E-03 -8.96538E+00 -8.96538E+00 -2.88083E-06  0.00000E+00  0.00000E+00  4.46827E+02
   227  1.33575E-03 -8.96452E+00 -8.96452E+00 -2.95104E-06  0.00000E+00  0.00000E+00  4.46520E+02
   228  1.36889E-03 -8.96364E+00 -8.96364E+00 -3.02289E-06  0.00000E+00  0.00000E+00  4.46207E+02
   229  1.40284E-03 -8.96274E+00 -8.96274E+00 -3.09642E-06  0.00000E+00  0.00000E+00  4.45887E+02
   230  1.43762E-03 -8.96182E+00 -8.96182E+00 -3.17167E-06  0.00000E+00  0.00000E+00  4.45561E+02
   231  1.47327E-03 -8.96087E+00 -8.96087E+00 -3.24866E-06  0.00000E+00  0.00000E+00  4.45229E+02
   232  1.50980E-03 -8.95990E+00 -8.95990E+00 -3.32745E-06  0.00000E+00  0.00000E+00  4.44889E+02
   233  1.54723E-03 -8.95891E+00 -8.95890E+00 -3.40806E-06  0.00000E+00  0.00000E+00  4.44543E+02
   234  1.58559E-03 -8.95789E+00 -8.95789E+00 -3.49055E-06  0.00000E+00  0.00000E+00  4.44189E+02
   235  1.62489E-03 -8.95685E+00 -8.95684E+00 -3.57494E-06  0.00000E+00  0.00000E+00  4.43829E+02
   236  1.66516E-03 -8.95578E+00 -8.95577E+00 -3.66128E-06  0.00000E+00  0.00000E+00  4.43461E+02
   237  1.70643E-03 -8.95468E+00 -8.95468E+00 -3.74961E-06  0.00000E+00  0.00000E+00  4.43085E+02
   238  1.74872E-03 -8.95356E+00 -8.95355E+00 -3.83998E-06  0.00000E+00  0.00000E+00  4.42701E+02
   239  1.79205E-03 -8.95241E+00 -8.95240E+00 -3.93242E-06  0.00000E+00  0.00000E+00  4.42309E+02
   240  1.83646E-03 -8.95123E+00 -8.95122E+00 -4.02699E-06  0.00000E+00  0.00000E+00  4.41910E+02
   241  1.88196E-03 -8.95002E+00 -8.95002E+00 -4.12372E-06  0.00000E+00  0.00000E+00  4.41502E+02
   242  1.92858E-03 -8.94878E+00 -8.94878E+00 -4.22267E-06  0.00000E+00  0.00000E+00  4.41085E+02
   243  1.97635E-03 -8.94751E+00 -8.94751E+00 -4.32387E-06  0.00000E+00  0.00000E+00  4.40660E+02
   244  2.02531E-03 -8.94621E+00 -8.94621E+00 -4.42737E-06  0.00000E+00  0.00000E+00  4.40225E+02
   245  2.07547E-03 -8.94488E+00 -8.94488E+00 -4.53323E-06  0.00000E+00  0.00000E+00  4.39782E+02
   246  2.12688E-03 -8.94352E+00 -8.94351E+00 -4.64149E-06  0.00000E+00  0.00000E+00  4.39329E+02
   247  2.17955E-03 -8.94212E+00 -8.94211E+00 -4.75220E-06  0.00000E+00  0.00000E+00  4.38867E+02
   248  2.23352E-03 -8.94069E+00 -8.94068E+00 -4.86542E-06  0.00000E+00  0.00000E+00  4.38395E+02
   249  2.28883E-03 -8.93922E+00 -8.93921E+00 -4.98118E-06  0.00000E+00  0.00000E+00  4.37912E+02
   250  2.34550E-03 -8.93771E+00 -8.93771E+00 -5.09954E-06  0.00000E+00  0.00000E+00  4.37420E+02
   251  2.40357E-03 -8.93617E+00 -8.93617E+00 -5.22056E-06  0.00000E+00  0.00000E+00  4.36917E+02
   252  2.46308E-03 -8.93459E+00 -8.93459E+00 -5.34429E-06  0.00000E+00  0.00000E+00  4.36404E+02
   253  2.52406E-03 -8.93297E+00 -8.93297E+00 -5.47077E-06  0.00000E+00  0.00000E+00  4.35880E+02
   254  2.58654E-03 -8.93132E+00 -8.93131E+00 -5.60008E-06  0.00000E+00  0.00000E+00  4.35344E+02
   255  2.65056E-03 -8.92962E+00 -8.92961E+00 -5.73225E-06  0.00000E+00  0.00000E+00  4.34797E+02
   256  2.71617E-03 -8.92788E+00 -8.92787E+00 -5.86735E-06  0.00000E+00  0.00000E+00  4.34239E+02
   257  2.78340E-03 -8.92609E+00 -8.92608E+00 -6.00543E-06  0.00000E+00  0.00000E+00  4.33668E+02
   258  2.85228E-03 -8.92426E+00 -8.92426E+00 -6.14655E-06  0.00000E+00  0.00000E+00  4.33085E+02
   259  2.92287E-03 -8.92239E+00 -8.92238E+00 -6.29077E-06  0.00000E+00  0.00000E+00  4.32490E+02
   260  2.99520E-03 -8.92047E+00 -8.92046E+00 -6.43815E-06  0.00000E+00  0.00000E+00  4.31883E+02
   261  3.06932E-03 -8.91850E+00 -8.91850E+00 -6.58873E-06  0.00000E+00  0.00000E+00  4.31262E+02
   262  3.14527E-03 -8.91649E+00 -8.91648E+00 -6.74260E-06  0.00000E+00  0.00000E+00  4.30628E+02
   263  3.22309E-03 -8.91442E+00 -8.91442E+00 -6.89979E-06  0.00000E+00  0.00000E+00  4.29980E+02
   264  3.30284E-03 -8.91231E+00 -8.91230E+00 -7.06038E-06  0.00000E+00  0.00000E+00  4.29319E+02
   265  3.38455E-03 -8.91014E+00 -8.91013E+00 -7.22443E-06  0.00000E+00  0.00000E+00  4.28643E+02
   266  3.46828E-03 -8.90792E+00 -8.90791E+00 -7.39199E-06  0.00000E+00  0.00000E+00  4.27953E+02
   267  3.55408E-03 -8.90564E+00 -8.90563E+00 -7.56313E-06  0.00000E+00  0.00000E+00  4.27248E+02
   268  3.64200E-03 -8.90331E+00 -8.90330E+00 -7.73791E-06  0.00000E+00  0.00000E+00  4.26528E+02
   269  3.73209E-03 -8.90092E+00 -8.90091E+00 -7.91640E-06  0.00000E+00  0.00000E+00  4.25793E+02
   270  3.82440E-03 -8.89847E+00 -8.89846E+00 -8.09865E-06  0.00000E+00  0.00000E+00  4.25042E+02
   271  3.91900E-03 -8.89596E+00 -8.89596E+00 -8.28473E-06  0.00000E+00  0.00000E+00  4.24274E+02
   272  4.01593E-03 -8.89339E+00 -8.89338E+00 -8.47471E-06  0.00000E+00  0.00000E+00  4.23491E+02
   273  4.11525E-03 -8.89076E+00 -8.89075E+00 -8.66864E-06  0.00000E+00  0.00000E+00  4.22691E+02
   274  4.21702E-03 -8.88806E+00 -8.88805E+00 -8.86659E-06  0.00000E+00  0.00000E+00  4.21873E+02
   275  4.32131E-03 -8.88530E+00 -8.88529E+00 -9.06863E-06  0.00000E+00  0.00000E+00  4.21039E+02
   276  4.42818E-03 -8.88246E+00 -8.88245E+00 -9.27481E-06  0.00000E+00  0.00000E+00  4.20186E+02
   277  4.53768E-03 -8.87956E+00 -8.87955E+00 -9.48520E-06  0.00000E+00  0.00000E+00  4.19315E+02
   278  4.64988E-03 -8.87659E+00 -8.87658E+00 -9.69987E-06  0.00000E+00  0.00000E+00  4.18426E+02
   279  4.76486E-03 -8.87354E+00 -8.87353E+00 -9.91888E-06  0.00000E+00  0.00000E+00  4.17518E+02
   280  4.88267E-03 -8.87042E+00 -8.87041E+00 -1.01423E-05  0.00000E+00  0.00000E+00  4.16591E+02
   281  5.00339E-03 -8.86722E+00 -8.86721E+00 -1.03702E-05  0.00000E+00  0.00000E+00  4.15644E+02
   282  5.12709E-03 -8.86394E+00 -8.86393E+00 -1.06026E-05  0.00000E+00  0.00000E+00  4.14677E+02
   283  5.25385E-03 -8.86059E+00 -8.86057E+00 -1.08395E-05  0.00000E+00  0.00000E+00  4.13689E+02
   284  5.38374E-03 -8.85715E+00 -8.85713E+00 -1.10812E-05  0.00000E+00  0.00000E+00  4.12681E+02
   285  5.51683E-03 -8.85362E+00 -8.85361E+00 -1.13275E-05  0.00000E+00  0.00000E+00  4.11652E+02
   286  5.65321E-03 -8.85001E+00 -8.85000E+00 -1.15786E-05  0.00000E+00  0.00000E+00  4.10600E+02
   287  5.79295E-03 -8.84631E+00 -8.84630E+00 -1.18345E-05  0.00000E+00  0.00000E+00  4.09527E+02
   288  5.93614E-03 -8.84252E+00 -8.84251E+00 -1.20953E-05  0.00000E+00  0.00000E+00  4.08431E+02
   289  6.08287E-03 -8.83864E+00 -8.83862E+00 -1.23611E-05  0.00000E+00  0.00000E+00  4.07313E+02
   290  6.23322E-03 -8.83466E+00 -8.83465E+00 -1.26318E-05  0.00000E+00  0.00000E+00  4.06171E+02
   291  6.38728E-03 -8.83058E+00 -8.83057E+00 -1.29076E-05  0.00000E+00  0.00000E+00  4.05005E+02
   292  6.54514E-03 -8.82641E+00 -8.82639E+00 -1.31884E-05  0.00000E+00  0.00000E+00  4.03815E+02
   293  6.70690E-03 -8.82213E+00 -8.82212E+00 -1.34744E-05  0.00000E+00  0.00000E+00  4.02600E+02
   294  6.87266E-03 -8.81775E+00 -8.81773E+00 -1.37656E-05  0.00000E+00  0.00000E+00  4.01361E+02
   295  7.04250E-03 -8.81326E+00 -8.81324E+00 -1.40621E-05  0.00000E+00  0.00000E+00  4.00095E+02
   296  7.21654E-03 -8.80866E+00 -8.80864E+00 -1.43638E-05  0.00000E+00  0.00000E+00  3.98804E+02
   297  7.39487E-03 -8.80395E+00 -8.80393E+00 -1.46708E-05  0.00000E+00  0.00000E+00  3.97486E+02
   298  7.57760E-03 -8.79912E+00 -8.79910E+00 -1.49831E-05  0.00000E+00  0.00000E+00  3.96142E+02
   299  7.76484E-03 -8.79418E+00 -8.79416E+00 -1.53009E-05  0.00000E+00  0.00000E+00  3.94769E+02
   300  7.95670E-03 -8.78911E+00 -8.78909E+00 -1.56241E-05  0.00000E+00  0.00000E+00  3.93370E+02
   301  8.15329E-03 -8.78392E+00 -8.78391E+00 -1.59527E-05  0.00000E+00  0.00000E+00  3.91941E+02
   302  8.35474E-03 -8.77861E+00 -8.77859E+00 -1.62867E-05  0.00000E+00  0.00000E+00  3.90484E+02
   303  8.56116E-03 -8.77316E+00 -8.77314E+00 -1.66263E-05  0.00000E+00  0.00000E+00  3.88998E+02
   304  8.77267E-03 -8.76758E+00 -8.76757E+00 -1.69713E-05  0.00000E+00  0.00000E+00  3.87482E+02
   305  8.98940E-03 -8.76187E+00 -8.76185E+00 -1.73219E-05  0.00000E+00  0.00000E+00  3.85936E+02
   306  9.21147E-03 -8.75602E+00 -8.75600E+00 -1.76780E-05  0.00000E+00  0.00000E+00  3.84359E+02
   307  9.43903E-03 -8.75003E+00 -8.75001E+00 -1.80396E-05  0.00000E+00  0.00000E+00  3.82751E+02
   308  9.67220E-03 -8.74389E+00 -8.74387E+00 -1.84067E-05  0.00000E+00  0.00000E+00  3.81112E+02
   309  9.91112E-03 -8.73760E+00 -8.73758E+00 -1.87793E-05  0.00000E+00  0.00000E+00  3.79440E+02
   310  1.01559E-02 -8.73116E+00 -8.73114E+00 -1.91574E-05  0.00000E+00  0.00000E+00  3.77736E+02
   311  1.04068E-02 -8.72456E+00 -8.72454E+00 -1.95410E-05  0.00000E+00  0.00000E+00  3.75998E+02
   312  1.06638E-02 -8.71781E+00 -8.71779E+00 -1.99300E-05  0.00000E+00  0.00000E+00  3.74228E+02
   313  1.09272E-02 -8.71089E+00 -8.71087E+00 -2.03244E-05  0.00000E+00  0.00000E+00  3.72423E+02
   314  1.11971E-02 -8.70380E+00 -8.70378E+00 -2.07242E-05  0.00000E+00  0.00000E+00  3.70584E+02
   315  1.14736E-02 -8.69655E+00 -8.69653E+00 -2.11293E-05  0.00000E+00  0.00000E+00  3.68710E+02
   316  1.17570E-02 -8.68912E+00 -8.68909E+00 -2.15397E-05  0.00000E+00  0.00000E+00  3.66801E+02
   317  1.20473E-02 -8.68151E+00 -8.68148E+00 -2.19552E-05  0.00000E+00  0.00000E+00  3.64856E+02
   318  1.23448E-02 -8.67371E+00 -8.67369E+00 -2.23759E-05  0.00000E+00  0.00000E+00  3.62875E+02
   319  1.26497E-02 -8.66573E+00 -8.66571E+00 -2.28015E-05  0.00000E+00  0.00000E+00  3.60857E+02
   320  1.29620E-02 -8.65756E+00 -8.65754E+00 -2.32322E-05  0.00000E+00  0.00000E+00  3.58802E+02
   321  1.32821E-02 -8.64919E+00 -8.64917E+00 -2.36676E-05  0.00000E+00  0.00000E+00  3.56710E+02
   322  1.36101E-02 -8.64063E+00 -8.64060E+00 -2.41078E-05  0.00000E+00  0.00000E+00  3.54579E+02
   323  1.39461E-02 -8.63186E+00 -8.63183E+00 -2.45526E-05  0.00000E+00  0.00000E+00  3.52411E+02
   324  1.42904E-02 -8.62288E+00 -8.62285E+00 -2.50018E-05  0.00000E+00  0.00000E+00  3.50204E+02
   325  1.46432E-02 -8.61368E+00 -8.61366E+00 -2.54554E-05  0.00000E+00  0.00000E+00  3.47958E+02
   326  1.50047E-02 -8.60427E+00 -8.60424E+00 -2.59132E-05  0.00000E+00  0.00000E+00  3.45673E+02
   327  1.53752E-02 -8.59463E+00 -8.59461E+00 -2.63749E-05  0.00000E+00  0.00000E+00  3.43348E+02
   328  1.57547E-02 -8.58477E+00 -8.58474E+00 -2.68404E-05  0.00000E+00  0.00000E+00  3.40983E+02
   329  1.61436E-02 -8.57467E+00 -8.57465E+00 -2.73096E-05  0.00000E+00  0.00000E+00  3.38578E+02
   330  1.65421E-02 -8.56434E+00 -8.56431E+00 -2.77821E-05  0.00000E+00  0.00000E+00  3.36132E+02
   331  1.69504E-02 -8.55376E+00 -8.55373E+00 -2.82579E-05  0.00000E+00  0.00000E+00  3.33645E+02
   332  1.73688E-02 -8.54294E+00 -8.54291E+00 -2.87365E-05  0.00000E+00  0.00000E+00  3.31117E+02
   333  1.77975E-02 -8.53186E+00 -8.53183E+00 -2.92179E-05  0.00000E+00  0.00000E+00  3.28548E+02
   334  1.82367E-02 -8.52052E+00 -8.52049E+00 -2.97017E-05  0.00000E+00  0.00000E+00  3.25938E+02
   335  1.86868E-02 -8.50891E+00 -8.50888E+00 -3.01876E-05  0.00000E+00  0.00000E+00  3.23286E+02
   336  1.91479E-02 -8.49704E+00 -8.49701E+00 -3.06754E-05  0.00000E+00  0.00000E+00  3.20592E+02
   337  1.96204E-02 -8.48489E+00 -8.48486E+00 -3.11647E-05  0.00000E+00  0.00000E+00  3.17856E+02
   338  2.01046E-02 -8.47246E+00 -8.47243E+00 -3.16552E-05  0.00000E+00  0.00000E+00  3.15078E+02
   339  2.06007E-02 -8.45975E+00 -8.45971E+00 -3.21465E-05  0.00000E+00  0.00000E+00  3.12258E+02
   340  2.11090E-02 -8.44674E+00 -8.44670E+00 -3.26383E-05  0.00000E+00  0.00000E+00  3.09395E+02
   341  2.16298E-02 -8.43343E+00 -8.43340E+00 -3.31302E-05  0.00000E+00  0.00000E+00  3.06491E+02
   342  2.21634E-02 -8.41982E+00 -8.41978E+00 -3.36217E-05  0.00000E+00  0.00000E+00  3.03545E+02
   343  2.27102E-02 -8.40589E+00 -8.40586E+00 -3.41126E-05  0.00000E+00  0.00000E+00  3.00557E+02
   344  2.32705E-02 -8.39166E+00 -8.39162E+00 -3.46022E-05  0.00000E+00  0.00000E+00  2.97526E+02
   345  2.38445E-02 -8.37710E+00 -8.37706E+00 -3.50902E-05  0.00000E+00  0.00000E+00  2.94455E+02
   346  2.44327E-02 -8.36221E+00 -8.36217E+00 -3.55761E-05  0.00000E+00  0.00000E+00  2.91341E+02
   347  2.50353E-02 -8.34698E+00 -8.34695E+00 -3.60594E-05  0.00000E+00  0.00000E+00  2.88187E+02
   348  2.56528E-02 -8.33142E+00 -8.33138E+00 -3.65396E-05  0.00000E+00  0.00000E+00  2.84991E+02
   349  2.62854E-02 -8.31551E+00 -8.31547E+00 -3.70161E-05  0.00000E+00  0.00000E+00  2.81755E+02
   350  2.69337E-02 -8.29925E+00 -8.29921E+00 -3.74884E-05  0.00000E+00  0.00000E+00  2.78478E+02
   351  2.75979E-02 -8.28262E+00 -8.28259E+00 -3.79559E-05  0.00000E+00  0.00000E+00  2.75162E+02
   352  2.82784E-02 -8.26564E+00 -8.26560E+00 -3.84181E-05  0.00000E+00  0.00000E+00  2.71806E+02
   353  2.89757E-02 -8.24828E+00 -8.24824E+00 -3.88742E-05  0.00000E+00  0.00000E+00  2.68412E+02
   354  2.96901E-02 -8.23054E+00 -8.23050E+00 -3.93238E-05  0.00000E+00  0.00000E+00  2.64979E+02
   355  3.04221E-02 -8.21242E+00 -8.21238E+00 -3.97660E-05  0.00000E+00  0.00000E+00  2.61509E+02
   356  3.11721E-02 -8.19391E+00 -8.19387E+00 -4.02004E-05  0.00000E+00  0.00000E+00  2.58002E+02
   357  3.19405E-02 -8.17500E+00 -8.17496E+00 -4.06262E-05  0.00000E+00  0.00000E+00  2.54459E+02
   358  3.27279E-02 -8.15569E+00 -8.15565E+00 -4.10427E-05  0.00000E+00  0.00000E+00  2.50881E+02
   359  3.35346E-02 -8.13597E+00 -8.13593E+00 -4.14492E-05  0.00000E+00  0.00000E+00  2.47268E+02
   360  3.43611E-02 -8.11584E+00 -8.11580E+00 -4.18449E-05  0.00000E+00  0.00000E+00  2.43622E+02
   361  3.52079E-02 -8.09529E+00 -8.09525E+00 -4.22292E-05  0.00000E+00  0.00000E+00  2.39944E+02
   362  3.60755E-02 -8.07431E+00 -8.07427E+00 -4.26013E-05  0.00000E+00  0.00000E+00  2.36234E+02
   363  3.69645E-02 -8.05290E+00 -8.05286E+00 -4.29604E-05  0.00000E+00  0.00000E+00  2.32494E+02
   364  3.78753E-02 -8.03105E+00 -8.03101E+00 -4.33058E-05  0.00000E+00  0.00000E+00  2.28725E+02
   365  3.88085E-02 -8.00876E+00 -8.00872E+00 -4.36366E-05  0.00000E+00  0.00000E+00  2.24928E+02
   366  3.97645E-02 -7.98602E+00 -7.98598E+00 -4.39521E-05  0.00000E+00  0.00000E+00  2.21106E+02
   367  4.07441E-02 -7.96283E+00 -7.96278E+00 -4.42515E-05  0.00000E+00  0.00000E+00  2.17258E+02
   368  4.17477E-02 -7.93918E+00 -7.93913E+00 -4.45340E-05  0.00000E+00  0.00000E+00  2.13387E+02
   369  4.27760E-02 -7.91506E+00 -7.91501E+00 -4.47988E-05  0.00000E+00  0.00000E+00  2.09494E+02
   370  4.38295E-02 -7.89048E+00 -7.89043E+00 -4.50450E-05  0.00000E+00  0.00000E+00  2.05580E+02
   371  4.49088E-02 -7.86542E+00 -7.86537E+00 -4.52720E-05  0.00000E+00  0.00000E+00  2.01649E+02
   372  4.60147E-02 -7.83988E+00 -7.83984E+00 -4.54788E-05  0.00000E+00  0.00000E+00  1.97700E+02
   373  4.71477E-02 -7.81387E+00 -7.81382E+00 -4.56647E-05  0.00000E+00  0.00000E+00  1.93737E+02
   374  4.83084E-02 -7.78737E+00 -7.78732E+00 -4.58290E-05  0.00000E+00  0.00000E+00  1.89761E+02
   375  4.94976E-02 -7.76038E+00 -7.76033E+00 -4.59708E-05  0.00000E+00  0.00000E+00  1.85773E+02
   376  5.07160E-02 -7.73289E+00 -7.73285E+00 -4.60894E-05  0.00000E+00  0.00000E+00  1.81777E+02
   377  5.19643E-02 -7.70491E+00 -7.70487E+00 -4.61841E-05  0.00000E+00  0.00000E+00  1.77774E+02
   378  5.32431E-02 -7.67644E+00 -7.67639E+00 -4.62541E-05  0.00000E+00  0.00000E+00  1.73766E+02
   379  5.45533E-02 -7.64746E+00 -7.64741E+00 -4.62988E-05  0.00000E+00  0.00000E+00  1.69755E+02
   380  5.58956E-02 -7.61798E+00 -7.61793E+00 -4.63175E-05  0.00000E+00  0.00000E+00  1.65744E+02
   381  5.72708E-02 -7.58799E+00 -7.58795E+00 -4.63095E-05  0.00000E+00  0.00000E+00  1.61736E+02
   382  5.86797E-02 -7.55750E+00 -7.55746E+00 -4.62743E-05  0.00000E+00  0.00000E+00  1.57731E+02
   383  6.01230E-02 -7.52651E+00 -7.52646E+00 -4.62112E-05  0.00000E+00  0.00000E+00  1.53734E+02
   384  6.16017E-02 -7.49500E+00 -7.49495E+00 -4.61198E-05  0.00000E+00  0.00000E+00  1.49746E+02
   385  6.31166E-02 -7.46298E+00 -7.46294E+00 -4.59996E-05  0.00000E+00  0.00000E+00  1.45770E+02
   386  6.46686E-02 -7.43046E+00 -7.43042E+00 -4.58501E-05  0.00000E+00  0.00000E+00  1.41809E+02
   387  6.62585E-02 -7.39743E+00 -7.39739E+00 -4.56709E-05  0.00000E+00  0.00000E+00  1.37864E+02
   388  6.78873E-02 -7.36389E+00 -7.36385E+00 -4.54617E-05  0.00000E+00  0.00000E+00  1.33940E+02
   389  6.95560E-02 -7.32985E+00 -7.32980E+00 -4.52223E-05  0.00000E+00  0.00000E+00  1.30037E+02
   390  7.12654E-02 -7.29530E+00 -7.29526E+00 -4.49524E-05  0.00000E+00  0.00000E+00  1.26160E+02
   391  7.30166E-02 -7.26025E+00 -7.26021E+00 -4.46518E-05  0.00000E+00  0.00000E+00  1.22310E+02
   392  7.48106E-02 -7.22470E+00 -7.22466E+00 -4.43205E-05  0.00000E+00  0.00000E+00  1.18491E+02
   393  7.66484E-02 -7.18866E+00 -7.18861E+00 -4.39585E-05  0.00000E+00  0.00000E+00  1.14705E+02
   394  7.85311E-02 -7.15212E+00 -7.15207E+00 -4.35659E-05  0.00000E+00  0.00000E+00  1.10954E+02
   395  8.04598E-02 -7.11509E+00 -7.11505E+00 -4.31427E-05  0.00000E+00  0.00000E+00  1.07242E+02
   396  8.24355E-02 -7.07757E+00 -7.07753E+00 -4.26892E-05  0.00000E+00  0.00000E+00  1.03571E+02
   397  8.44594E-02 -7.03958E+00 -7.03954E+00 -4.22056E-05  0.00000E+00  0.00000E+00  9.99441E+01
   398  8.65327E-02 -7.00111E+00 -7.00107E+00 -4.16925E-05  0.00000E+00  0.00000E+00  9.63631E+01
   399  8.86566E-02 -6.96216E+00 -6.96212E+00 -4.11502E-05  0.00000E+00  0.00000E+00  9.28309E+01
   400  9.08322E-02 -6.92276E+00 -6.92271E+00 -4.05793E-05  0.00000E+00  0.00000E+00  8.93501E+01
   401  9.30608E-02 -6.88289E+00 -6.88285E+00 -3.99805E-05  0.00000E+00  0.00000E+00  8.59230E+01
   402  9.53437E-02 -6.84256E+00 -6.84253E+00 -3.93544E-05  0.00000E+00  0.00000E+00  8.25521E+01
   403  9.76822E-02 -6.80179E+00 -6.80176E+00 -3.87020E-05  0.00000E+00  0.00000E+00  7.92398E+01
   404  1.00078E-01 -6.76058E+00 -6.76055E+00 -3.80241E-05  0.00000E+00  0.00000E+00  7.59881E+01
   405  1.02531E-01 -6.71894E+00 -6.71890E+00 -3.73218E-05  0.00000E+00  0.00000E+00  7.27994E+01
   406  1.05045E-01 -6.67687E+00 -6.67683E+00 -3.65961E-05  0.00000E+00  0.00000E+00  6.96756E+01
   407  1.07619E-01 -6.63437E+00 -6.63434E+00 -3.58482E-05  0.00000E+00  0.00000E+00  6.66188E+01
   408  1.10256E-01 -6.59147E+00 -6.59143E+00 -3.50794E-05  0.00000E+00  0.00000E+00  6.36307E+01
   409  1.12958E-01 -6.54815E+00 -6.54812E+00 -3.42910E-05  0.00000E+00  0.00000E+00  6.07131E+01
   410  1.15724E-01 -6.50444E+00 -6.50440E+00 -3.34846E-05  0.00000E+00  0.00000E+00  5.78677E+01
   411  1.18558E-01 -6.46033E+00 -6.46030E+00 -3.26615E-05  0.00000E+00  0.00000E+00  5.50959E+01
   412  1.21461E-01 -6.41584E+00 -6.41580E+00 -3.18234E-05  0.00000E+00  0.00000E+00  5.23991E+01
   413  1.24434E-01 -6.37096E+00 -6.37093E+00 -3.09720E-05  0.00000E+00  0.00000E+00  4.97785E+01
   414  1.27479E-01 -6.32571E+00 -6.32568E+00 -3.01088E-05  0.00000E+00  0.00000E+00  4.72352E+01
   415  1.30598E-01 -6.28009E+00 -6.28006E+00 -2.92358E-05  0.00000E+00  0.00000E+00  4.47701E+01
   416  1.33793E-01 -6.23411E+00 -6.23408E+00 -2.83547E-05  0.00000E+00  0.00000E+00  4.23841E+01
   417  1.37065E-01 -6.18776E+00 -6.18774E+00 -2.74675E-05  0.00000E+00  0.00000E+00  4.00776E+01
   418  1.40416E-01 -6.14106E+00 -6.14104E+00 -2.65759E-05  0.00000E+00  0.00000E+00  3.78512E+01
   419  1.43848E-01 -6.09401E+00 -6.09399E+00 -2.56819E-05  0.00000E+00  0.00000E+00  3.57051E+01
   420  1.47363E-01 -6.04661E+00 -6.04659E+00 -2.47875E-05  0.00000E+00  0.00000E+00  3.36396E+01
   421  1.50963E-01 -5.99887E+00 -5.99884E+00 -2.38946E-05  0.00000E+00  0.00000E+00  3.16545E+01
   422  1.54649E-01 -5.95077E+00 -5.95075E+00 -2.30053E-05  0.00000E+00  0.00000E+00  2.97497E+01
   423  1.58425E-01 -5.90233E+00 -5.90231E+00 -2.21214E-05  0.00000E+00  0.00000E+00  2.79248E+01
   424  1.62292E-01 -5.85354E+00 -5.85352E+00 -2.12449E-05  0.00000E+00  0.00000E+00  2.61793E+01
   425  1.66252E-01 -5.80441E+00 -5.80439E+00 -2.03776E-05  0.00000E+00  0.00000E+00  2.45125E+01
   426  1.70308E-01 -5.75492E+00 -5.75490E+00 -1.95216E-05  0.00000E+00  0.00000E+00  2.29235E+01
   427  1.74461E-01 -5.70508E+00 -5.70506E+00 -1.86786E-05  0.00000E+00  0.00000E+00  2.14114E+01
   428  1.78714E-01 -5.65487E+00 -5.65486E+00 -1.78504E-05  0.00000E+00  0.00000E+00  1.99750E+01
   429  1.83069E-01 -5.60430E+00 -5.60429E+00 -1.70387E-05  0.00000E+00  0.00000E+00  1.86131E+01
   430  1.87529E-01 -5.55336E+00 -5.55334E+00 -1.62451E-05  0.00000E+00  0.00000E+00  1.73241E+01
   431  1.92097E-01 -5.50204E+00 -5.50202E+00 -1.54712E-05  0.00000E+00  0.00000E+00  1.61065E+01
   432  1.96773E-01 -5.45032E+00 -5.45031E+00 -1.47184E-05  0.00000E+00  0.00000E+00  1.49586E+01
   433  2.01562E-01 -5.39820E+00 -5.39819E+00 -1.39882E-05  0.00000E+00  0.00000E+00  1.38787E+01
   434  2.06466E-01 -5.34567E+00 -5.34566E+00 -1.32817E-05  0.00000E+00  0.00000E+00  1.28647E+01
   435  2.11487E-01 -5.29271E+00 -5.29270E+00 -1.26001E-05  0.00000E+00  0.00000E+00  1.19148E+01
   436  2.16628E-01 -5.23931E+00 -5.23930E+00 -1.19444E-05  0.00000E+00  0.00000E+00  1.10267E+01
   437  2.21892E-01 -5.18546E+00 -5.18545E+00 -1.13156E-05  0.00000E+00  0.00000E+00  1.01983E+01
   438  2.27282E-01 -5.13114E+00 -5.13113E+00 -1.07142E-05  0.00000E+00  0.00000E+00  9.42732E+00
   439  2.32800E-01 -5.07633E+00 -5.07632E+00 -1.01410E-05  0.00000E+00  0.00000E+00  8.71146E+00
   440  2.38450E-01 -5.02102E+00 -5.02101E+00 -9.59649E-06  0.00000E+00  0.00000E+00  8.04833E+00
   441  2.44235E-01 -4.96518E+00 -4.96517E+00 -9.08093E-06  0.00000E+00  0.00000E+00  7.43555E+00
   442  2.50158E-01 -4.90881E+00 -4.90880E+00 -8.59454E-06  0.00000E+00  0.00000E+00  6.87067E+00
   443  2.56221E-01 -4.85188E+00 -4.85188E+00 -8.13738E-06  0.00000E+00  0.00000E+00  6.35126E+00
   444  2.62429E-01 -4.79438E+00 -4.79438E+00 -7.70936E-06  0.00000E+00  0.00000E+00  5.87485E+00
   445  2.68783E-01 -4.73629E+00 -4.73628E+00 -7.31026E-06  0.00000E+00  0.00000E+00  5.43901E+00
   446  2.75289E-01 -4.67759E+00 -4.67758E+00 -6.93973E-06  0.00000E+00  0.00000E+00  5.04130E+00
   447  2.81949E-01 -4.61826E+00 -4.61825E+00 -6.59726E-06  0.00000E+00  0.00000E+00  4.67931E+00
   448  2.88766E-01 -4.55829E+00 -4.55828E+00 -6.28226E-06  0.00000E+00  0.00000E+00  4.35068E+00
   449  2.95745E-01 -4.49765E+00 -4.49765E+00 -5.99399E-06  0.00000E+00  0.00000E+00  4.05309E+00
   450  3.02889E-01 -4.43635E+00 -4.43635E+00 -5.73160E-06  0.00000E+00  0.00000E+00  3.78425E+00
   451  3.10201E-01 -4.37436E+00 -4.37436E+00 -5.49416E-06  0.00000E+00  0.00000E+00  3.54197E+00
   452  3.17686E-01 -4.31168E+00 -4.31167E+00 -5.28062E-06  0.00000E+00  0.00000E+00  3.32410E+00
   453  3.25346E-01 -4.24829E+00 -4.24828E+00 -5.08986E-06  0.00000E+00  0.00000E+00  3.12857E+00
   454  3.33187E-01 -4.18418E+00 -4.18417E+00 -4.92068E-06  0.00000E+00  0.00000E+00  2.95340E+00
   455  3.41213E-01 -4.11936E+00 -4.11935E+00 -4.77182E-06  0.00000E+00  0.00000E+00  2.79669E+00
   456  3.49426E-01 -4.05381E+00 -4.05381E+00 -4.64196E-06  0.00000E+00  0.00000E+00  2.65663E+00
   457  3.57832E-01 -3.98754E+00 -3.98754E+00 -4.52974E-06  0.00000E+00  0.00000E+00  2.53150E+00
   458  3.66435E-01 -3.92056E+00 -3.92055E+00 -4.43376E-06  0.00000E+00  0.00000E+00  2.41969E+00
   459  3.75239E-01 -3.85286E+00 -3.85286E+00 -4.35262E-06  0.00000E+00  0.00000E+00  2.31967E+00
   460  3.84249E-01 -3.78446E+00 -3.78446E+00 -4.28490E-06  0.00000E+00  0.00000E+00  2.23003E+00
   461  3.93469E-01 -3.71537E+00 -3.71537E+00 -4.22916E-06  0.00000E+00  0.00000E+00  2.14945E+00
   462  4.02903E-01 -3.64561E+00 -3.64560E+00 -4.18401E-06  0.00000E+00  0.00000E+00  2.07671E+00
   463  4.12557E-01 -3.57519E+00 -3.57519E+00 -4.14805E-06  0.00000E+00  0.00000E+00  2.01068E+00
   464  4.22435E-01 -3.50415E+00 -3.50414E+00 -4.11991E-06  0.00000E+00  0.00000E+00  1.95034E+00
   465  4.32542E-01 -3.43250E+00 -3.43250E+00 -4.09829E-06  0.00000E+00  0.00000E+00  1.89478E+00
   466  4.42883E-01 -3.36028E+00 -3.36028E+00 -4.08191E-06  0.00000E+00  0.00000E+00  1.84314E+00
   467  4.53462E-01 -3.28753E+00 -3.28753E+00 -4.06955E-06  0.00000E+00  0.00000E+00  1.79468E+00
   468  4.64287E-01 -3.21429E+00 -3.21428E+00 -4.06006E-06  0.00000E+00  0.00000E+00  1.74875E+00
   469  4.75360E-01 -3.14059E+00 -3.14059E+00 -4.05234E-06  0.00000E+00  0.00000E+00  1.70476E+00
   470  4.86688E-01 -3.06649E+00 -3.06649E+00 -4.04537E-06  0.00000E+00  0.00000E+00  1.66222E+00
   471  4.98277E-01 -2.99204E+00 -2.99204E+00 -4.03823E-06  0.00000E+00  0.00000E+00  1.62069E+00
   472  5.10131E-01 -2.91729E+00 -2.91729E+00 -4.03003E-06  0.00000E+00  0.00000E+00  1.57982E+00
   473  5.22257E-01 -2.84230E+00 -2.84230E+00 -4.02002E-06  0.00000E+00  0.00000E+00  1.53931E+00
   474  5.34659E-01 -2.76714E+00 -2.76714E+00 -4.00748E-06  0.00000E+00  0.00000E+00  1.49891E+00
   475  5.47344E-01 -2.69187E+00 -2.69186E+00 -3.99180E-06  0.00000E+00  0.00000E+00  1.45844E+00
   476  5.60319E-01 -2.61655E+00 -2.61654E+00 -3.97246E-06  0.00000E+00  0.00000E+00  1.41777E+00
   477  5.73587E-01 -2.54125E+00 -2.54125E+00 -3.94901E-06  0.00000E+00  0.00000E+00  1.37679E+00
   478  5.87157E-01 -2.46606E+00 -2.46606E+00 -3.92108E-06  0.00000E+00  0.00000E+00  1.33546E+00
   479  6.01034E-01 -2.39104E+00 -2.39104E+00 -3.88839E-06  0.00000E+00  0.00000E+00  1.29375E+00
   480  6.15224E-01 -2.31627E+00 -2.31627E+00 -3.85072E-06  0.00000E+00  0.00000E+00  1.25167E+00
   481  6.29734E-01 -2.24184E+00 -2.24183E+00 -3.80796E-06  0.00000E+00  0.00000E+00  1.20924E+00
   482  6.44571E-01 -2.16781E+00 -2.16780E+00 -3.76001E-06  0.00000E+00  0.00000E+00  1.16654E+00
   483  6.59740E-01 -2.09427E+00 -2.09426E+00 -3.70690E-06  0.00000E+00  0.00000E+00  1.12361E+00
   484  6.75249E-01 -2.02130E+00 -2.02129E+00 -3.64867E-06  0.00000E+00  0.00000E+00  1.08056E+00
   485  6.91105E-01 -1.94897E+00 -1.94897E+00 -3.58545E-06  0.00000E+00  0.00000E+00  1.03748E+00
   486  7.07314E-01 -1.87738E+00 -1.87738E+00 -3.51740E-06  0.00000E+00  0.00000E+00  9.94464E-01
   487  7.23883E-01 -1.80659E+00 -1.80659E+00 -3.44474E-06  0.00000E+00  0.00000E+00  9.51627E-01
   488  7.40820E-01 -1.73669E+00 -1.73669E+00 -3.36772E-06  0.00000E+00  0.00000E+00  9.09080E-01
   489  7.58132E-01 -1.66775E+00 -1.66775E+00 -3.28664E-06  0.00000E+00  0.00000E+00  8.66933E-01
   490  7.75826E-01 -1.59985E+00 -1.59985E+00 -3.20181E-06  0.00000E+00  0.00000E+00  8.25296E-01
   491  7.93910E-01 -1.53305E+00 -1.53305E+00 -3.11359E-06  0.00000E+00  0.00000E+00  7.84275E-01
   492  8.12390E-01 -1.46743E+00 -1.46743E+00 -3.02233E-06  0.00000E+00  0.00000E+00  7.43971E-01
   493  8.31276E-01 -1.40305E+00 -1.40305E+00 -2.92844E-06  0.00000E+00  0.00000E+00  7.04481E-01
   494  8.50574E-01 -1.33998E+00 -1.33998E+00 -2.83229E-06  0.00000E+00  0.00000E+00  6.65893E-01
   495  8.70293E-01 -1.27827E+00 -1.27827E+00 -2.73430E-06  0.00000E+00  0.00000E+00  6.28288E-01
   496  8.90439E-01 -1.21798E+00 -1.21797E+00 -2.63486E-06  0.00000E+00  0.00000E+00  5.91740E-01
   497  9.11023E-01 -1.15915E+00 -1.15915E+00 -2.53437E-06  0.00000E+00  0.00000E+00  5.56313E-01
   498  9.32050E-01 -1.10184E+00 -1.10184E+00 -2.43323E-06  0.00000E+00  0.00000E+00  5.22062E-01
   499  9.53531E-01 -1.04609E+00 -1.04609E+00 -2.33183E-06  0.00000E+00  0.00000E+00  4.89036E-01
   500  9.75472E-01 -9.91935E-01 -9.91933E-01 -2.23054E-06  0.00000E+00  0.00000E+00  4.57270E-01
   501  9.97883E-01 -9.39404E-01 -9.39402E-01 -2.12971E-06  0.00000E+00  0.00000E+00  4.26795E-01
   502  1.02077E+00 -8.88526E-01 -8.88524E-01 -2.02970E-06  0.00000E+00  0.00000E+00  3.97631E-01
   503  1.04415E+00 -8.39324E-01 -8.39322E-01 -1.93081E-06  0.00000E+00  0.00000E+00  3.69791E-01
   504  1.06802E+00 -7.91815E-01 -7.91813E-01 -1.83337E-06  0.00000E+00  0.00000E+00  3.43279E-01
   505  1.09239E+00 -7.46011E-01 -7.46010E-01 -1.73763E-06  0.00000E+00  0.00000E+00  3.18094E-01
   506  1.11728E+00 -7.01920E-01 -7.01918E-01 -1.64386E-06  0.00000E+00  0.00000E+00  2.94225E-01
   507  1.14269E+00 -6.59543E-01 -6.59542E-01 -1.55229E-06  0.00000E+00  0.00000E+00  2.71657E-01
   508  1.16863E+00 -6.18879E-01 -6.18877E-01 -1.46313E-06  0.00000E+00  0.00000E+00  2.50369E-01
   509  1.19512E+00 -5.79919E-01 -5.79918E-01 -1.37655E-06  0.00000E+00  0.00000E+00  2.30335E-01
   510  1.22215E+00 -5.42653E-01 -5.42651E-01 -1.29272E-06  0.00000E+00  0.00000E+00  2.11524E-01
   511  1.24974E+00 -5.07063E-01 -5.07062E-01 -1.21177E-06  0.00000E+00  0.00000E+00  1.93901E-01
   512  1.27789E+00 -4.73131E-01 -4.73130E-01 -1.13381E-06  0.00000E+00  0.00000E+00  1.77428E-01
   513  1.30663E+00 -4.40832E-01 -4.40831E-01 -1.05892E-06  0.00000E+00  0.00000E+00  1.62064E-01
   514  1.33595E+00 -4.10137E-01 -4.10136E-01 -9.87159E-07  0.00000E+00  0.00000E+00  1.47766E-01
   515  1.36587E+00 -3.81017E-01 -3.81016E-01 -9.18580E-07  0.00000E+00  0.00000E+00  1.34488E-01
   516  1.39639E+00 -3.53436E-01 -3.53435E-01 -8.53201E-07  0.00000E+00  0.00000E+00  1.22186E-01
   517  1.42754E+00 -3.27356E-01 -3.27356E-01 -7.91024E-07  0.00000E+00  0.00000E+00  1.10810E-01
   518  1.45930E+00 -3.02739E-01 -3.02739E-01 -7.32037E-07  0.00000E+00  0.00000E+00  1.00315E-01
   519  1.49170E+00 -2.79542E-01 -2.79542E-01 -6.76209E-07  0.00000E+00  0.00000E+00  9.06516E-02
   520  1.52475E+00 -2.57721E-01 -2.57720E-01 -6.23494E-07  0.00000E+00  0.00000E+00  8.17733E-02
   521  1.55845E+00 -2.37229E-01 -2.37229E-01 -5.73837E-07  0.00000E+00  0.00000E+00  7.36330E-02
   522  1.59282E+00 -2.18020E-01 -2.18020E-01 -5.27166E-07  0.00000E+00  0.00000E+00  6.61849E-02
   523  1.62786E+00 -2.00045E-01 -2.00045E-01 -4.83403E-07  0.00000E+00  0.00000E+00  5.93840E-02
   524  1.66358E+00 -1.83254E-01 -1.83254E-01 -4.42459E-07  0.00000E+00  0.00000E+00  5.31870E-02
   525  1.70001E+00 -1.67598E-01 -1.67597E-01 -4.04239E-07  0.00000E+00  0.00000E+00  4.75516E-02
   526  1.73713E+00 -1.53025E-01 -1.53025E-01 -3.68641E-07  0.00000E+00  0.00000E+00  4.24373E-02
   527  1.77497E+00 -1.39486E-01 -1.39486E-01 -3.35558E-07  0.00000E+00  0.00000E+00  3.78053E-02
   528  1.81354E+00 -1.26930E-01 -1.26930E-01 -3.04879E-07  0.00000E+00  0.00000E+00  3.36185E-02
   529  1.85284E+00 -1.15308E-01 -1.15307E-01 -2.76493E-07  0.00000E+00  0.00000E+00  2.98417E-02
   530  1.89289E+00 -1.04569E-01 -1.04568E-01 -2.50285E-07  0.00000E+00  0.00000E+00  2.64416E-02
   531  1.93369E+00 -9.46648E-02 -9.46646E-02 -2.26140E-07  0.00000E+00  0.00000E+00  2.33866E-02
   532  1.97526E+00 -8.55483E-02 -8.55481E-02 -2.03943E-07  0.00000E+00  0.00000E+00  2.06472E-02
   533  2.01760E+00 -7.71724E-02 -7.71723E-02 -1.83580E-07  0.00000E+00  0.00000E+00  1.81957E-02
   534  2.06073E+00 -6.94917E-02 -6.94915E-02 -1.64941E-07  0.00000E+00  0.00000E+00  1.60061E-02
   535  2.10465E+00 -6.24620E-02 -6.24618E-02 -1.47915E-07  0.00000E+00  0.00000E+00  1.40543E-02
   536  2.14938E+00 -5.60406E-02 -5.60404E-02 -1.32395E-07  0.00000E+00  0.00000E+00  1.23179E-02
   537  2.19492E+00 -5.01863E-02 -5.01862E-02 -1.18279E-07  0.00000E+00  0.00000E+00  1.07762E-02
   538  2.24129E+00 -4.48596E-02 -4.48595E-02 -1.05467E-07  0.00000E+00  0.00000E+00  9.41010E-03
   539  2.28850E+00 -4.00225E-02 -4.00224E-02 -9.38618E-08  0.00000E+00  0.00000E+00  8.20192E-03
   540  2.33655E+00 -3.56389E-02 -3.56388E-02 -8.33729E-08  0.00000E+00  0.00000E+00  7.13555E-03
   541  2.38545E+00 -3.16743E-02 -3.16742E-02 -7.39127E-08  0.00000E+00  0.00000E+00  6.19620E-03
   542  2.43522E+00 -2.80959E-02 -2.80958E-02 -6.53983E-08  0.00000E+00  0.00000E+00  5.37038E-03
   543  2.48587E+00 -2.48728E-02 -2.48727E-02 -5.77514E-08  0.00000E+00  0.00000E+00  4.64581E-03
   544  2.53739E+00 -2.19756E-02 -2.19756E-02 -5.08980E-08  0.00000E+00  0.00000E+00  4.01135E-03
   545  2.58982E+00 -1.93770E-02 -1.93769E-02 -4.47690E-08  0.00000E+00  0.00000E+00  3.45689E-03
   546  2.64314E+00 -1.70510E-02 -1.70509E-02 -3.92993E-08  0.00000E+00  0.00000E+00  2.97332E-03
   547  2.69738E+00 -1.49734E-02 -1.49734E-02 -3.44285E-08  0.00000E+00  0.00000E+00  2.55243E-03
   548  2.75253E+00 -1.31218E-02 -1.31218E-02 -3.01002E-08  0.00000E+00  0.00000E+00  2.18683E-03
   549  2.80862E+00 -1.14752E-02 -1.14751E-02 -2.62624E-08  0.00000E+00  0.00000E+00  1.86990E-03
   550  2.86565E+00 -1.00140E-02 -1.00139E-02 -2.28668E-08  0.00000E+00  0.00000E+00  1.59573E-03
   551  2.92363E+00 -8.72018E-03 -8.72016E-03 -1.98689E-08  0.00000E+00  0.00000E+00  1.35903E-03
   552  2.98256E+00 -7.57720E-03 -7.57719E-03 -1.72279E-08  0.00000E+00  0.00000E+00  1.15510E-03
   553  3.04246E+00 -6.56972E-03 -6.56971E-03 -1.49065E-08  0.00000E+00  0.00000E+00  9.79779E-04
   554  3.10334E+00 -5.68370E-03 -5.68368E-03 -1.28705E-08  0.00000E+00  0.00000E+00  8.29360E-04
   555  3.16519E+00 -4.90626E-03 -4.90625E-03 -1.10887E-08  0.00000E+00  0.00000E+00  7.00581E-04
   556  3.22804E+00 -4.22569E-03 -4.22568E-03 -9.53296E-09  0.00000E+00  0.00000E+00  5.90562E-04
   557  3.29189E+00 -3.63130E-03 -3.63129E-03 -8.17759E-09  0.00000E+00  0.00000E+00  4.96771E-04
   558  3.35675E+00 -3.11340E-03 -3.11340E-03 -6.99947E-09  0.00000E+00  0.00000E+00  4.16988E-04
   559  3.42262E+00 -2.66323E-03 -2.66322E-03 -5.97778E-09  0.00000E+00  0.00000E+00  3.49267E-04
   560  3.48951E+00 -2.27286E-03 -2.27285E-03 -5.09377E-09  0.00000E+00  0.00000E+00  2.91912E-04
   561  3.55744E+00 -1.93516E-03 -1.93516E-03 -4.33068E-09  0.00000E+00  0.00000E+00  2.43442E-04
   562  3.62640E+00 -1.64375E-03 -1.64374E-03 -3.67350E-09  0.00000E+00  0.00000E+00  2.02573E-04
   563  3.69641E+00 -1.39289E-03 -1.39289E-03 -3.10888E-09  0.00000E+00  0.00000E+00  1.68190E-04
   564  3.76747E+00 -1.17748E-03 -1.17748E-03 -2.62493E-09  0.00000E+00  0.00000E+00  1.39330E-04
   565  3.83959E+00 -9.92975E-04 -9.92973E-04 -2.21112E-09  0.00000E+00  0.00000E+00  1.15160E-04
   566  3.91278E+00 -8.35335E-04 -8.35333E-04 -1.85814E-09  0.00000E+00  0.00000E+00  9.49664E-05
   567  3.98704E+00 -7.00992E-04 -7.00991E-04 -1.55779E-09  0.00000E+00  0.00000E+00  7.81331E-05
   568  4.06237E+00 -5.86797E-04 -5.86796E-04 -1.30285E-09  0.00000E+00  0.00000E+00  6.41343E-05
   569  4.13880E+00 -4.89978E-04 -4.89977E-04 -1.08698E-09  0.00000E+00  0.00000E+00  5.25202E-05
   570  4.21631E+00 -4.08104E-04 -4.08103E-04 -9.04672E-10  0.00000E+00  0.00000E+00  4.29078E-05
   571  4.29492E+00 -3.39051E-04 -3.39050E-04 -7.51082E-10  0.00000E+00  0.00000E+00  3.49711E-05
   572  4.37462E+00 -2.80963E-04 -2.80963E-04 -6.22020E-10  0.00000E+00  0.00000E+00  2.84342E-05
   573  4.45544E+00 -2.32230E-04 -2.32230E-04 -5.13846E-10  0.00000E+00  0.00000E+00  2.30632E-05
   574  4.53737E+00 -1.91454E-04 -1.91454E-04 -4.23415E-10  0.00000E+00  0.00000E+00  1.86612E-05
   575  4.62042E+00 -1.57428E-04 -1.57428E-04 -3.48013E-10  0.00000E+00  0.00000E+00  1.50623E-05
   576  4.70458E+00 -1.29111E-04 -1.29110E-04 -2.85308E-10  0.00000E+00  0.00000E+00  1.21275E-05
   577  4.78988E+00 -1.05609E-04 -1.05609E-04 -2.33299E-10  0.00000E+00  0.00000E+00  9.74016E-06
   578  4.87630E+00 -8.61570E-05 -8.61568E-05 -1.90277E-10  0.00000E+00  0.00000E+00  7.80322E-06
   579  4.96386E+00 -7.01013E-05 -7.01012E-05 -1.54785E-10  0.00000E+00  0.00000E+00  6.23571E-06
   580  5.05255E+00 -5.68856E-05 -5.68855E-05 -1.25583E-10  0.00000E+00  0.00000E+00  4.97045E-06
   581  5.14239E+00 -4.60376E-05 -4.60375E-05 -1.01621E-10  0.00000E+00  0.00000E+00  3.95182E-06
   582  5.23337E+00 -3.71581E-05 -3.71581E-05 -8.20143E-11  0.00000E+00  0.00000E+00  3.13390E-06
   583  5.32550E+00 -2.99102E-05 -2.99102E-05 -6.60140E-11  0.00000E+00  0.00000E+00  2.47886E-06
   584  5.41879E+00 -2.40108E-05 -2.40107E-05 -5.29930E-11  0.00000E+00  0.00000E+00  1.95566E-06
   585  5.51322E+00 -1.92225E-05 -1.92224E-05 -4.24261E-11  0.00000E+00  0.00000E+00  1.53888E-06
   586  5.60881E+00 -1.53471E-05 -1.53470E-05 -3.38746E-11  0.00000E+00  0.00000E+00  1.20776E-06
   587  5.70556E+00 -1.22194E-05 -1.22194E-05 -2.69735E-11  0.00000E+00  0.00000E+00  9.45401E-07
   588  5.80347E+00 -9.70240E-06 -9.70237E-06 -2.14199E-11  0.00000E+00  0.00000E+00  7.38087E-07
   589  5.90255E+00 -7.68264E-06 -7.68263E-06 -1.69634E-11  0.00000E+00  0.00000E+00  5.74712E-07
   590  6.00278E+00 -6.06655E-06 -6.06653E-06 -1.33973E-11  0.00000E+00  0.00000E+00  4.46314E-07
   591  6.10418E+00 -4.77715E-06 -4.77714E-06 -1.05518E-11  0.00000E+00  0.00000E+00  3.45681E-07
   592  6.20675E+00 -3.75138E-06 -3.75137E-06 -8.28781E-12  0.00000E+00  0.00000E+00  2.67025E-07
   593  6.31049E+00 -2.93768E-06 -2.93768E-06 -6.49163E-12  0.00000E+00  0.00000E+00  2.05716E-07
   594  6.41539E+00 -2.29408E-06 -2.29408E-06 -5.07067E-12  0.00000E+00  0.00000E+00  1.58059E-07
   595  6.52146E+00 -1.78650E-06 -1.78649E-06 -3.94978E-12  0.00000E+00  0.00000E+00  1.21117E-07
   596  6.62870E+00 -1.38734E-06 -1.38734E-06 -3.06813E-12  0.00000E+00  0.00000E+00  9.25599E-08
   597  6.73711E+00 -1.07436E-06 -1.07436E-06 -2.37666E-12  0.00000E+00  0.00000E+00  7.05457E-08
   598  6.84669E+00 -8.29663E-07 -8.29661E-07 -1.83591E-12  0.00000E+00  0.00000E+00  5.36225E-08
   599  6.95744E+00 -6.38909E-07 -6.38907E-07 -1.41424E-12  0.00000E+00  0.00000E+00  4.06492E-08
   600  7.06935E+00 -4.90637E-07 -4.90636E-07 -1.08639E-12  0.00000E+00  0.00000E+00  3.07315E-08
   601  7.18244E+00 -3.75722E-07 -3.75722E-07 -8.32218E-13  0.00000E+00  0.00000E+00  2.31709E-08
   602  7.29669E+00 -2.86918E-07 -2.86918E-07 -6.35734E-13  0.00000E+00  0.00000E+00  1.74232E-08
   603  7.41210E+00 -2.18492E-07 -2.18491E-07 -4.84286E-13  0.00000E+00  0.00000E+00  1.30659E-08
   604  7.52868E+00 -1.65919E-07 -1.65919E-07 -3.67889E-13  0.00000E+00  0.00000E+00  9.77182E-09
   605  7.64642E+00 -1.25645E-07 -1.25645E-07 -2.78689E-13  0.00000E+00  0.00000E+00  7.28852E-09
   606  7.76532E+00 -9.48816E-08 -9.48814E-08 -2.10530E-13  0.00000E+00  0.00000E+00  5.42165E-09
   607  7.88538E+00 -7.14509E-08 -7.14507E-08 -1.58598E-13  0.00000E+00  0.00000E+00  4.02209E-09
   608  8.00660E+00 -5.36567E-08 -5.36565E-08 -1.19144E-13  0.00000E+00  0.00000E+00  2.97579E-09
   609  8.12897E+00 -4.01820E-08 -4.01819E-08 -8.92568E-14  0.00000E+00  0.00000E+00  2.19575E-09
   610  8.25249E+00 -3.00078E-08 -3.00077E-08 -6.66814E-14  0.00000E+00  0.00000E+00  1.61583E-09
   611  8.37717E+00 -2.23477E-08 -2.23476E-08 -4.96781E-14  0.00000E+00  0.00000E+00  1.18589E-09
   612  8.50299E+00 -1.65970E-08 -1.65970E-08 -3.69083E-14  0.00000E+00  0.00000E+00  8.68020E-10
   613  8.62995E+00 -1.22921E-08 -1.22921E-08 -2.73454E-14  0.00000E+00  0.00000E+00  6.33656E-10
   614  8.75806E+00 -9.07881E-09 -9.07879E-09 -2.02045E-14  0.00000E+00  0.00000E+00  4.61337E-10
   615  8.88731E+00 -6.68709E-09 -6.68707E-09 -1.48874E-14  0.00000E+00  0.00000E+00  3.34986E-10
   616  9.01769E+00 -4.91196E-09 -4.91195E-09 -1.09395E-14  0.00000E+00  0.00000E+00  2.42595E-10
   617  9.14920E+00 -3.59820E-09 -3.59819E-09 -8.01662E-15  0.00000E+00  0.00000E+00  1.75221E-10
   618  9.28184E+00 -2.62864E-09 -2.62864E-09 -5.85867E-15  0.00000E+00  0.00000E+00  1.26224E-10
   619  9.41560E+00 -1.91513E-09 -1.91513E-09 -4.26998E-15  0.00000E+00  0.00000E+00  9.06891E-11
   620  9.55048E+00 -1.39151E-09 -1.39151E-09 -3.10367E-15  0.00000E+00  0.00000E+00  6.49871E-11
   621  9.68648E+00 -1.00834E-09 -1.00833E-09 -2.24984E-15  0.00000E+00  0.00000E+00  4.64475E-11
   622  9.82359E+00 -7.28708E-10 -7.28706E-10 -1.62651E-15  0.00000E+00  0.00000E+00  3.31104E-11
   623  9.96181E+00 -5.25213E-10 -5.25212E-10 -1.17273E-15  0.00000E+00  0.00000E+00  2.35416E-11
   624  1.01011E+01 -3.77535E-10 -3.77534E-10 -8.43287E-16  0.00000E+00  0.00000E+00  1.66949E-11
   625  1.02416E+01 -2.70661E-10 -2.70660E-10 -6.04780E-16  0.00000E+00  0.00000E+00  1.18089E-11
   626  1.03831E+01 -1.93526E-10 -1.93525E-10 -4.32580E-16  0.00000E+00  0.00000E+00  8.33139E-12
   627  1.05257E+01 -1.38009E-10 -1.38009E-10 -3.08594E-16  0.00000E+00  0.00000E+00  5.86292E-12
   628  1.06694E+01 -9.81599E-11 -9.81597E-11 -2.19565E-16  0.00000E+00  0.00000E+00  4.11531E-12
   629  1.08141E+01 -6.96333E-11 -6.96332E-11 -1.55812E-16  0.00000E+00  0.00000E+00  2.88129E-12
   630  1.09600E+01 -4.92691E-11 -4.92690E-11 -1.10283E-16  0.00000E+00  0.00000E+00  2.01222E-12
   631  1.11069E+01 -3.47705E-11 -3.47704E-11 -7.78542E-17  0.00000E+00  0.00000E+00  1.40174E-12
   632  1.12549E+01 -2.44747E-11 -2.44746E-11 -5.48195E-17  0.00000E+00  0.00000E+00  9.74028E-13
   633  1.14039E+01 -1.71827E-11 -1.71827E-11 -3.85007E-17  0.00000E+00  0.00000E+00  6.75138E-13
   634  1.15540E+01 -1.20348E-11 -1.20348E-11 -2.69706E-17  0.00000E+00  0.00000E+00  4.66804E-13
   635  1.17051E+01 -8.40574E-12 -8.40572E-12 -1.88453E-17  0.00000E+00  0.00000E+00  3.21962E-13
   636  1.18573E+01 -5.85666E-12 -5.85665E-12 -1.31346E-17  0.00000E+00  0.00000E+00  2.21516E-13
   637  1.20105E+01 -4.06964E-12 -4.06963E-12 -9.13125E-18  0.00000E+00  0.00000E+00  1.52035E-13
   638  1.21648E+01 -2.82086E-12 -2.82085E-12 -6.33220E-18  0.00000E+00  0.00000E+00  1.04094E-13
   639  1.23201E+01 -1.95222E-12 -1.95222E-12 -4.38020E-18  0.00000E+00  0.00000E+00  7.10981E-14
   640  1.24764E+01 -1.34648E-12 -1.34648E-12 -3.02242E-18  0.00000E+00  0.00000E+00  4.84444E-14
   641  1.26337E+01 -9.25484E-13 -9.25482E-13 -2.08038E-18  0.00000E+00  0.00000E+00  3.29298E-14
   642  1.27920E+01 -6.35937E-13 -6.35936E-13 -1.42844E-18  0.00000E+00  0.00000E+00  2.23305E-14
   643  1.29513E+01 -4.35208E-13 -4.35207E-13 -9.78408E-19  0.00000E+00  0.00000E+00  1.51071E-14
   644  1.31117E+01 -2.96652E-13 -2.96652E-13 -6.68534E-19  0.00000E+00  0.00000E+00  1.01963E-14
   645  1.32730E+01 -2.02505E-13 -2.02505E-13 -4.55699E-19  0.00000E+00  0.00000E+00  6.86572E-15
   646  1.34353E+01 -1.36780E-13 -1.36779E-13 -3.09877E-19  0.00000E+00  0.00000E+00  4.61231E-15
   647  1.35986E+01 -9.23708E-14 -9.23706E-14 -2.10215E-19  0.00000E+00  0.00000E+00  3.09135E-15
   648  1.37628E+01 -1.42268E-19 -0.00000E+00 -1.42268E-19  0.00000E+00  0.00000E+00  2.06717E-15
   649  1.37628E+01 -0.00000E+00 -0.00000E+00  0.00000E+00  0.00000E+00  0.00000E+00  0.00000E+00
   650  2.75257E+01 -0.00000E+00 -0.00000E+00  0.00000E+00  0.00000E+00  0.00000E+00  0.00000E+00
   651  5.50513E+01 -0.00000E+00 -0.00000E+00  0.00000E+00  0.00000E+00  0.00000E+00  0.00000E+00
   652  1.10103E+02 -0.00000E+00 -0.00000E+00  0.00000E+00  0.00000E+00  0.00000E+00  0.00000E+00
   653  2.20205E+02 -0.00000E+00 -0.00000E+00  0.00000E+00  0.00000E+00  0.00000E+00  0.00000E+00
   654  4.40411E+02 -0.00000E+00 -0.00000E+00  0.00000E+00  0.00000E+00  0.00000E+00  0.00000E+00
   655  8.80821E+02 -0.00000E+00 -0.00000E+00  0.00000E+00  0.00000E+00  0.00000E+00  0.00000E+00
   656  1.76164E+03 -0.00000E+00 -0.00000E+00  0.00000E+00  0.00000E+00  0.00000E+00  0.00000E+00
   657  3.52328E+03 -0.00000E+00 -0.00000E+00  0.00000E+00  0.00000E+00  0.00000E+00  0.00000E+00
   658  7.04657E+03 -0.00000E+00 -0.00000E+00  0.00000E+00  0.00000E+00  0.00000E+00  0.00000E+00
   659  1.40931E+04 -0.00000E+00 -0.00000E+00  0.00000E+00  0.00000E+00  0.00000E+00  0.00000E+00
