 #  Scattering amplitudes (in cm)      MU=(1-cos(TH))/2
 #  Z =   7,   projectile: electron
 #  Kinetic energy = 3.70000E+06 eV
 #
 # TH (deg)      MU          Re(F)        Im(F)        Re(G)        Im(G)
 #--------------------------------------------------------------------------
  0.000E+00  0.00000E+00  1.81767E-07  4.46285E-09  0.00000E+00  0.00000E+00
  1.000E-04  7.61557E-13  1.81767E-07  4.46285E-09  1.39373E-13  3.42201E-15
  1.250E-04  1.18994E-12  1.81767E-07  4.46285E-09  1.74216E-13  4.27752E-15
  1.500E-04  1.71346E-12  1.81766E-07  4.46285E-09  2.09059E-13  5.13302E-15
  1.750E-04  2.33225E-12  1.81766E-07  4.46285E-09  2.43902E-13  5.98852E-15
  2.000E-04  3.04617E-12  1.81766E-07  4.46285E-09  2.78745E-13  6.84403E-15
  2.250E-04  3.85530E-12  1.81766E-07  4.46285E-09  3.13588E-13  7.69953E-15
  2.500E-04  4.75964E-12  1.81766E-07  4.46285E-09  3.48430E-13  8.55503E-15
  2.750E-04  5.75917E-12  1.81765E-07  4.46284E-09  3.83273E-13  9.41053E-15
  3.000E-04  6.85391E-12  1.81765E-07  4.46284E-09  4.18115E-13  1.02660E-14
  3.250E-04  8.04379E-12  1.81765E-07  4.46284E-09  4.52957E-13  1.11215E-14
  3.500E-04  9.32893E-12  1.81764E-07  4.46284E-09  4.87799E-13  1.19770E-14
  3.750E-04  1.07092E-11  1.81764E-07  4.46284E-09  5.22641E-13  1.28325E-14
  4.000E-04  1.21847E-11  1.81764E-07  4.46284E-09  5.57483E-13  1.36880E-14
  4.250E-04  1.37554E-11  1.81763E-07  4.46284E-09  5.92324E-13  1.45435E-14
  4.500E-04  1.54213E-11  1.81763E-07  4.46283E-09  6.27165E-13  1.53990E-14
  4.750E-04  1.71823E-11  1.81762E-07  4.46283E-09  6.62006E-13  1.62545E-14
  5.000E-04  1.90386E-11  1.81762E-07  4.46283E-09  6.96846E-13  1.71100E-14
  5.250E-04  2.09900E-11  1.81761E-07  4.46283E-09  7.31687E-13  1.79655E-14
  5.500E-04  2.30367E-11  1.81761E-07  4.46282E-09  7.66527E-13  1.88210E-14
  5.750E-04  2.51785E-11  1.81760E-07  4.46282E-09  8.01366E-13  1.96765E-14
  6.000E-04  2.74156E-11  1.81760E-07  4.46282E-09  8.36206E-13  2.05319E-14
  6.250E-04  2.97478E-11  1.81759E-07  4.46282E-09  8.71045E-13  2.13874E-14
  6.500E-04  3.21752E-11  1.81759E-07  4.46281E-09  9.05883E-13  2.22429E-14
  6.750E-04  3.46979E-11  1.81758E-07  4.46281E-09  9.40722E-13  2.30984E-14
  7.000E-04  3.73157E-11  1.81757E-07  4.46281E-09  9.75560E-13  2.39539E-14
  7.250E-04  4.00286E-11  1.81756E-07  4.46280E-09  1.01040E-12  2.48093E-14
  7.500E-04  4.28368E-11  1.81756E-07  4.46280E-09  1.04523E-12  2.56648E-14
  7.750E-04  4.57402E-11  1.81755E-07  4.46280E-09  1.08007E-12  2.65203E-14
  8.000E-04  4.87388E-11  1.81754E-07  4.46279E-09  1.11491E-12  2.73758E-14
  8.250E-04  5.18325E-11  1.81753E-07  4.46279E-09  1.14974E-12  2.82312E-14
  8.500E-04  5.50215E-11  1.81753E-07  4.46278E-09  1.18458E-12  2.90867E-14
  8.750E-04  5.83057E-11  1.81752E-07  4.46278E-09  1.21941E-12  2.99422E-14
  9.000E-04  6.16850E-11  1.81751E-07  4.46278E-09  1.25425E-12  3.07976E-14
  9.250E-04  6.51595E-11  1.81750E-07  4.46277E-09  1.28908E-12  3.16531E-14
  9.500E-04  6.87293E-11  1.81749E-07  4.46277E-09  1.32391E-12  3.25085E-14
  9.750E-04  7.23943E-11  1.81748E-07  4.46276E-09  1.35875E-12  3.33640E-14
  1.000E-03  7.61544E-11  1.81747E-07  4.46276E-09  1.39358E-12  3.42194E-14
  1.250E-03  1.18991E-10  1.81736E-07  4.46271E-09  1.74187E-12  4.27738E-14
  1.500E-03  1.71347E-10  1.81723E-07  4.46264E-09  2.09009E-12  5.13278E-14
  1.750E-03  2.33223E-10  1.81707E-07  4.46257E-09  2.43822E-12  5.98815E-14
  2.000E-03  3.04617E-10  1.81688E-07  4.46248E-09  2.78625E-12  6.84346E-14
  2.250E-03  3.85531E-10  1.81667E-07  4.46238E-09  3.13418E-12  7.69872E-14
  2.500E-03  4.75965E-10  1.81644E-07  4.46227E-09  3.48197E-12  8.55393E-14
  2.750E-03  5.75917E-10  1.81618E-07  4.46215E-09  3.82962E-12  9.40906E-14
  3.000E-03  6.85389E-10  1.81590E-07  4.46202E-09  4.17712E-12  1.02641E-13
  3.250E-03  8.04380E-10  1.81559E-07  4.46187E-09  4.52445E-12  1.11191E-13
  3.500E-03  9.32891E-10  1.81526E-07  4.46172E-09  4.87159E-12  1.19740E-13
  3.750E-03  1.07092E-09  1.81490E-07  4.46155E-09  5.21854E-12  1.28288E-13
  4.000E-03  1.21847E-09  1.81452E-07  4.46137E-09  5.56528E-12  1.36835E-13
  4.250E-03  1.37554E-09  1.81412E-07  4.46118E-09  5.91179E-12  1.45381E-13
  4.500E-03  1.54213E-09  1.81369E-07  4.46097E-09  6.25806E-12  1.53926E-13
  4.750E-03  1.71823E-09  1.81324E-07  4.46076E-09  6.60408E-12  1.62470E-13
  5.000E-03  1.90386E-09  1.81276E-07  4.46053E-09  6.94983E-12  1.71012E-13
  5.250E-03  2.09900E-09  1.81226E-07  4.46030E-09  7.29530E-12  1.79553E-13
  5.500E-03  2.30367E-09  1.81173E-07  4.46005E-09  7.64048E-12  1.88093E-13
  5.750E-03  2.51785E-09  1.81118E-07  4.45979E-09  7.98535E-12  1.96631E-13
  6.000E-03  2.74156E-09  1.81061E-07  4.45951E-09  8.32990E-12  2.05167E-13
  6.250E-03  2.97478E-09  1.81001E-07  4.45923E-09  8.67411E-12  2.13702E-13
  6.500E-03  3.21752E-09  1.80939E-07  4.45894E-09  9.01797E-12  2.22236E-13
  6.750E-03  3.46978E-09  1.80874E-07  4.45863E-09  9.36147E-12  2.30767E-13
  7.000E-03  3.73156E-09  1.80807E-07  4.45831E-09  9.70459E-12  2.39297E-13
  7.250E-03  4.00286E-09  1.80737E-07  4.45798E-09  1.00473E-11  2.47825E-13
  7.500E-03  4.28368E-09  1.80666E-07  4.45764E-09  1.03897E-11  2.56351E-13
  7.750E-03  4.57402E-09  1.80592E-07  4.45729E-09  1.07316E-11  2.64876E-13
  8.000E-03  4.87388E-09  1.80515E-07  4.45692E-09  1.10731E-11  2.73398E-13
  8.250E-03  5.18326E-09  1.80436E-07  4.45655E-09  1.14141E-11  2.81917E-13
  8.500E-03  5.50215E-09  1.80355E-07  4.45616E-09  1.17547E-11  2.90435E-13
  8.750E-03  5.83057E-09  1.80271E-07  4.45576E-09  1.20948E-11  2.98951E-13
  9.000E-03  6.16850E-09  1.80185E-07  4.45535E-09  1.24344E-11  3.07464E-13
  9.250E-03  6.51596E-09  1.80097E-07  4.45493E-09  1.27736E-11  3.15975E-13
  9.500E-03  6.87293E-09  1.80006E-07  4.45450E-09  1.31122E-11  3.24483E-13
  9.750E-03  7.23942E-09  1.79913E-07  4.45405E-09  1.34503E-11  3.32989E-13
  1.000E-02  7.61544E-09  1.79818E-07  4.45360E-09  1.37879E-11  3.41492E-13
  1.250E-02  1.18991E-08  1.78739E-07  4.44841E-09  1.71314E-11  4.26367E-13
  1.500E-02  1.71347E-08  1.77436E-07  4.44208E-09  2.04079E-11  5.10913E-13
  1.750E-02  2.33223E-08  1.75920E-07  4.43463E-09  2.36057E-11  5.95066E-13
  2.000E-02  3.04617E-08  1.74200E-07  4.42607E-09  2.67142E-11  6.78762E-13
  2.250E-02  3.85531E-08  1.72288E-07  4.41641E-09  2.97237E-11  7.61941E-13
  2.500E-02  4.75965E-08  1.70198E-07  4.40566E-09  3.26257E-11  8.44541E-13
  2.750E-02  5.75917E-08  1.67942E-07  4.39385E-09  3.54126E-11  9.26504E-13
  3.000E-02  6.85389E-08  1.65535E-07  4.38099E-09  3.80783E-11  1.00777E-12
  3.250E-02  8.04380E-08  1.62991E-07  4.36710E-09  4.06175E-11  1.08829E-12
  3.500E-02  9.32891E-08  1.60324E-07  4.35221E-09  4.30262E-11  1.16801E-12
  3.750E-02  1.07092E-07  1.57550E-07  4.33633E-09  4.53017E-11  1.24688E-12
  4.000E-02  1.21847E-07  1.54681E-07  4.31950E-09  4.74420E-11  1.32484E-12
  4.250E-02  1.37554E-07  1.51733E-07  4.30173E-09  4.94464E-11  1.40185E-12
  4.500E-02  1.54213E-07  1.48719E-07  4.28305E-09  5.13149E-11  1.47787E-12
  4.750E-02  1.71823E-07  1.45651E-07  4.26349E-09  5.30485E-11  1.55285E-12
  5.000E-02  1.90386E-07  1.42543E-07  4.24308E-09  5.46489E-11  1.62675E-12
  5.250E-02  2.09900E-07  1.39406E-07  4.22185E-09  5.61186E-11  1.69954E-12
  5.500E-02  2.30367E-07  1.36251E-07  4.19982E-09  5.74605E-11  1.77118E-12
  5.750E-02  2.51785E-07  1.33089E-07  4.17704E-09  5.86780E-11  1.84164E-12
  6.000E-02  2.74156E-07  1.29929E-07  4.15351E-09  5.97752E-11  1.91089E-12
  6.250E-02  2.97478E-07  1.26779E-07  4.12929E-09  6.07564E-11  1.97891E-12
  6.500E-02  3.21752E-07  1.23647E-07  4.10440E-09  6.16260E-11  2.04566E-12
  6.750E-02  3.46978E-07  1.20542E-07  4.07887E-09  6.23889E-11  2.11112E-12
  7.000E-02  3.73156E-07  1.17468E-07  4.05273E-09  6.30500E-11  2.17528E-12
  7.250E-02  4.00286E-07  1.14433E-07  4.02602E-09  6.36143E-11  2.23812E-12
  7.500E-02  4.28368E-07  1.11440E-07  3.99876E-09  6.40868E-11  2.29963E-12
  7.750E-02  4.57402E-07  1.08495E-07  3.97100E-09  6.44727E-11  2.35978E-12
  8.000E-02  4.87388E-07  1.05600E-07  3.94275E-09  6.47769E-11  2.41858E-12
  8.250E-02  5.18325E-07  1.02760E-07  3.91406E-09  6.50044E-11  2.47600E-12
  8.500E-02  5.50215E-07  9.99763E-08  3.88495E-09  6.51601E-11  2.53206E-12
  8.750E-02  5.83057E-07  9.72518E-08  3.85545E-09  6.52487E-11  2.58674E-12
  9.000E-02  6.16850E-07  9.45881E-08  3.82560E-09  6.52747E-11  2.64005E-12
  9.250E-02  6.51596E-07  9.19866E-08  3.79541E-09  6.52427E-11  2.69198E-12
  9.500E-02  6.87293E-07  8.94480E-08  3.76494E-09  6.51569E-11  2.74253E-12
  9.750E-02  7.23942E-07  8.69732E-08  3.73419E-09  6.50214E-11  2.79172E-12
  1.000E-01  7.61543E-07  8.45624E-08  3.70320E-09  6.48401E-11  2.83954E-12
  1.250E-01  1.18991E-06  6.38945E-08  3.38574E-09  6.12408E-11  3.24515E-12
  1.500E-01  1.71347E-06  4.87612E-08  3.06955E-09  5.60832E-11  3.53051E-12
  1.750E-01  2.33223E-06  3.78464E-08  2.77009E-09  5.07845E-11  3.71710E-12
  2.000E-01  3.04617E-06  2.99556E-08  2.49588E-09  4.59386E-11  3.82761E-12
  2.250E-01  3.85531E-06  2.41851E-08  2.25033E-09  4.17254E-11  3.88242E-12
  2.500E-01  4.75964E-06  1.98968E-08  2.03345E-09  3.81413E-11  3.89807E-12
  2.750E-01  5.75916E-06  1.66520E-08  1.84343E-09  3.51132E-11  3.88718E-12
  3.000E-01  6.85388E-06  1.41506E-08  1.67752E-09  3.25514E-11  3.85892E-12
  3.250E-01  8.04378E-06  1.21871E-08  1.53275E-09  3.03710E-11  3.81972E-12
  3.500E-01  9.32888E-06  1.06191E-08  1.40621E-09  2.84991E-11  3.77395E-12
  3.750E-01  1.07092E-05  9.34680E-09  1.29527E-09  2.68764E-11  3.72452E-12
  4.000E-01  1.21846E-05  8.29927E-09  1.19762E-09  2.54553E-11  3.67332E-12
  4.250E-01  1.37553E-05  7.42537E-09  1.11128E-09  2.41983E-11  3.62155E-12
  4.500E-01  1.54212E-05  6.68766E-09  1.03458E-09  2.30763E-11  3.56994E-12
  4.750E-01  1.71822E-05  6.05830E-09  9.66120E-10  2.20661E-11  3.51892E-12
  5.000E-01  1.90385E-05  5.51629E-09  9.04726E-10  2.11495E-11  3.46875E-12
  5.250E-01  2.09899E-05  5.04560E-09  8.49421E-10  2.03121E-11  3.41955E-12
  5.500E-01  2.30365E-05  4.63376E-09  7.99388E-10  1.95425E-11  3.37138E-12
  5.750E-01  2.51783E-05  4.27102E-09  7.53944E-10  1.88315E-11  3.32427E-12
  6.000E-01  2.74153E-05  3.94960E-09  7.12512E-10  1.81715E-11  3.27818E-12
  6.250E-01  2.97475E-05  3.66328E-09  6.74607E-10  1.75565E-11  3.23312E-12
  6.500E-01  3.21749E-05  3.40699E-09  6.39817E-10  1.69814E-11  3.18905E-12
  6.750E-01  3.46974E-05  3.17657E-09  6.07791E-10  1.64419E-11  3.14595E-12
  7.000E-01  3.73152E-05  2.96859E-09  5.78228E-10  1.59345E-11  3.10378E-12
  7.250E-01  4.00281E-05  2.78017E-09  5.50868E-10  1.54562E-11  3.06254E-12
  7.500E-01  4.28362E-05  2.60892E-09  5.25487E-10  1.50043E-11  3.02218E-12
  7.750E-01  4.57395E-05  2.45279E-09  5.01891E-10  1.45766E-11  2.98269E-12
  8.000E-01  4.87380E-05  2.31004E-09  4.79907E-10  1.41711E-11  2.94406E-12
  8.250E-01  5.18317E-05  2.17918E-09  4.59388E-10  1.37862E-11  2.90625E-12
  8.500E-01  5.50205E-05  2.05893E-09  4.40200E-10  1.34202E-11  2.86926E-12
  8.750E-01  5.83045E-05  1.94817E-09  4.22228E-10  1.30717E-11  2.83307E-12
  9.000E-01  6.16838E-05  1.84593E-09  4.05367E-10  1.27397E-11  2.79766E-12
  9.250E-01  6.51582E-05  1.75137E-09  3.89525E-10  1.24228E-11  2.76301E-12
  9.500E-01  6.87277E-05  1.66374E-09  3.74620E-10  1.21203E-11  2.72911E-12
  9.750E-01  7.23925E-05  1.58239E-09  3.60577E-10  1.18310E-11  2.69594E-12
  1.000E+00  7.61524E-05  1.50673E-09  3.47330E-10  1.15543E-11  2.66349E-12
  1.100E+00  9.21439E-05  1.25162E-09  3.01175E-10  1.05579E-11  2.54054E-12
  1.200E+00  1.09658E-04  1.05518E-09  2.63825E-10  9.71013E-12  2.42782E-12
  1.300E+00  1.28695E-04  9.00897E-10  2.33153E-10  8.98135E-12  2.32439E-12
  1.400E+00  1.49255E-04  7.77646E-10  2.07643E-10  8.34909E-12  2.22933E-12
  1.500E+00  1.71338E-04  6.77718E-10  1.86189E-10  7.79606E-12  2.14181E-12
  1.600E+00  1.94942E-04  5.95640E-10  1.67969E-10  7.30878E-12  2.06106E-12
  1.700E+00  2.20070E-04  5.27440E-10  1.52359E-10  6.87653E-12  1.98639E-12
  1.800E+00  2.46720E-04  4.70186E-10  1.38879E-10  6.49077E-12  1.91718E-12
  1.900E+00  2.74892E-04  4.21674E-10  1.27156E-10  6.14457E-12  1.85289E-12
  2.000E+00  3.04586E-04  3.80225E-10  1.16894E-10  5.83228E-12  1.79302E-12
  2.100E+00  3.35803E-04  3.44542E-10  1.07857E-10  5.54927E-12  1.73716E-12
  2.200E+00  3.68542E-04  3.13610E-10  9.98571E-11  5.29169E-12  1.68492E-12
  2.300E+00  4.02802E-04  2.86626E-10  9.27387E-11  5.05631E-12  1.63596E-12
  2.400E+00  4.38585E-04  2.62951E-10  8.63759E-11  4.84043E-12  1.58999E-12
  2.500E+00  4.75889E-04  2.42068E-10  8.06641E-11  4.64176E-12  1.54674E-12
  2.600E+00  5.14715E-04  2.23557E-10  7.55164E-11  4.45835E-12  1.50598E-12
  2.700E+00  5.55063E-04  2.07074E-10  7.08600E-11  4.28853E-12  1.46749E-12
  2.800E+00  5.96931E-04  1.92334E-10  6.66335E-11  4.13087E-12  1.43110E-12
  2.900E+00  6.40321E-04  1.79101E-10  6.27849E-11  3.98411E-12  1.39662E-12
  3.000E+00  6.85233E-04  1.67177E-10  5.92699E-11  3.84718E-12  1.36392E-12
  3.100E+00  7.31665E-04  1.56397E-10  5.60505E-11  3.71914E-12  1.33285E-12
  3.200E+00  7.79618E-04  1.46618E-10  5.30940E-11  3.59914E-12  1.30330E-12
  3.300E+00  8.29092E-04  1.37722E-10  5.03722E-11  3.48648E-12  1.27515E-12
  3.400E+00  8.80086E-04  1.29605E-10  4.78604E-11  3.38049E-12  1.24830E-12
  3.500E+00  9.32601E-04  1.22179E-10  4.55374E-11  3.28060E-12  1.22267E-12
  3.600E+00  9.86636E-04  1.15369E-10  4.33845E-11  3.18632E-12  1.19816E-12
  3.700E+00  1.04219E-03  1.09109E-10  4.13851E-11  3.09719E-12  1.17472E-12
  3.800E+00  1.09927E-03  1.03340E-10  3.95248E-11  3.01279E-12  1.15225E-12
  3.900E+00  1.15786E-03  9.80137E-11  3.77908E-11  2.93276E-12  1.13072E-12
  4.000E+00  1.21797E-03  9.30855E-11  3.61718E-11  2.85678E-12  1.11005E-12
  4.100E+00  1.27961E-03  8.85169E-11  3.46576E-11  2.78455E-12  1.09019E-12
  4.200E+00  1.34276E-03  8.42739E-11  3.32393E-11  2.71580E-12  1.07110E-12
  4.300E+00  1.40743E-03  8.03264E-11  3.19089E-11  2.65028E-12  1.05273E-12
  4.400E+00  1.47362E-03  7.66476E-11  3.06590E-11  2.58778E-12  1.03504E-12
  4.500E+00  1.54133E-03  7.32139E-11  2.94833E-11  2.52809E-12  1.01799E-12
  4.600E+00  1.61056E-03  7.00040E-11  2.83759E-11  2.47102E-12  1.00155E-12
  4.700E+00  1.68131E-03  6.69989E-11  2.73315E-11  2.41642E-12  9.85681E-13
  4.800E+00  1.75357E-03  6.41816E-11  2.63453E-11  2.36412E-12  9.70353E-13
  4.900E+00  1.82735E-03  6.15370E-11  2.54131E-11  2.31399E-12  9.55540E-13
  5.000E+00  1.90265E-03  5.90511E-11  2.45310E-11  2.26588E-12  9.41215E-13
  5.100E+00  1.97947E-03  5.67116E-11  2.36952E-11  2.21969E-12  9.27354E-13
  5.200E+00  2.05780E-03  5.45072E-11  2.29027E-11  2.17530E-12  9.13933E-13
  5.300E+00  2.13765E-03  5.24278E-11  2.21504E-11  2.13261E-12  9.00931E-13
  5.400E+00  2.21902E-03  5.04642E-11  2.14356E-11  2.09152E-12  8.88329E-13
  5.500E+00  2.30190E-03  4.86079E-11  2.07558E-11  2.05195E-12  8.76108E-13
  5.600E+00  2.38630E-03  4.68513E-11  2.01088E-11  2.01381E-12  8.64249E-13
  5.700E+00  2.47222E-03  4.51873E-11  1.94924E-11  1.97703E-12  8.52737E-13
  5.800E+00  2.55965E-03  4.36097E-11  1.89046E-11  1.94154E-12  8.41555E-13
  5.900E+00  2.64859E-03  4.21126E-11  1.83438E-11  1.90726E-12  8.30690E-13
  6.000E+00  2.73905E-03  4.06906E-11  1.78083E-11  1.87415E-12  8.20128E-13
  6.100E+00  2.83103E-03  3.93387E-11  1.72965E-11  1.84213E-12  8.09856E-13
  6.200E+00  2.92452E-03  3.80525E-11  1.68071E-11  1.81117E-12  7.99861E-13
  6.300E+00  3.01952E-03  3.68278E-11  1.63387E-11  1.78120E-12  7.90133E-13
  6.400E+00  3.11604E-03  3.56607E-11  1.58902E-11  1.75219E-12  7.80659E-13
  6.500E+00  3.21407E-03  3.45478E-11  1.54603E-11  1.72408E-12  7.71431E-13
  6.600E+00  3.31362E-03  3.34856E-11  1.50482E-11  1.69683E-12  7.62438E-13
  6.700E+00  3.41468E-03  3.24713E-11  1.46527E-11  1.67042E-12  7.53671E-13
  6.800E+00  3.51725E-03  3.15019E-11  1.42731E-11  1.64479E-12  7.45121E-13
  6.900E+00  3.62133E-03  3.05748E-11  1.39084E-11  1.61991E-12  7.36781E-13
  7.000E+00  3.72692E-03  2.96877E-11  1.35578E-11  1.59576E-12  7.28641E-13
  7.100E+00  3.83403E-03  2.88383E-11  1.32208E-11  1.57230E-12  7.20695E-13
  7.200E+00  3.94265E-03  2.80245E-11  1.28964E-11  1.54950E-12  7.12937E-13
  7.300E+00  4.05278E-03  2.72443E-11  1.25842E-11  1.52733E-12  7.05357E-13
  7.400E+00  4.16442E-03  2.64959E-11  1.22834E-11  1.50577E-12  6.97952E-13
  7.500E+00  4.27757E-03  2.57776E-11  1.19936E-11  1.48480E-12  6.90714E-13
  7.600E+00  4.39223E-03  2.50879E-11  1.17142E-11  1.46439E-12  6.83637E-13
  7.700E+00  4.50840E-03  2.44252E-11  1.14446E-11  1.44451E-12  6.76717E-13
  7.800E+00  4.62608E-03  2.37881E-11  1.11846E-11  1.42516E-12  6.69947E-13
  7.900E+00  4.74527E-03  2.31754E-11  1.09335E-11  1.40630E-12  6.63323E-13
  8.000E+00  4.86597E-03  2.25858E-11  1.06909E-11  1.38792E-12  6.56840E-13
  8.100E+00  4.98817E-03  2.20182E-11  1.04566E-11  1.37000E-12  6.50493E-13
  8.200E+00  5.11188E-03  2.14715E-11  1.02301E-11  1.35253E-12  6.44279E-13
  8.300E+00  5.23711E-03  2.09447E-11  1.00110E-11  1.33548E-12  6.38191E-13
  8.400E+00  5.36383E-03  2.04369E-11  9.79907E-12  1.31885E-12  6.32228E-13
  8.500E+00  5.49207E-03  1.99471E-11  9.59396E-12  1.30262E-12  6.26384E-13
  8.600E+00  5.62181E-03  1.94745E-11  9.39539E-12  1.28677E-12  6.20656E-13
  8.700E+00  5.75306E-03  1.90184E-11  9.20306E-12  1.27128E-12  6.15040E-13
  8.800E+00  5.88581E-03  1.85779E-11  9.01672E-12  1.25616E-12  6.09534E-13
  8.900E+00  6.02007E-03  1.81523E-11  8.83612E-12  1.24138E-12  6.04133E-13
  9.000E+00  6.15583E-03  1.77411E-11  8.66102E-12  1.22694E-12  5.98835E-13
  9.100E+00  6.29310E-03  1.73435E-11  8.49120E-12  1.21282E-12  5.93637E-13
  9.200E+00  6.43187E-03  1.69590E-11  8.32644E-12  1.19901E-12  5.88536E-13
  9.300E+00  6.57214E-03  1.65870E-11  8.16654E-12  1.18550E-12  5.83529E-13
  9.400E+00  6.71392E-03  1.62270E-11  8.01131E-12  1.17229E-12  5.78612E-13
  9.500E+00  6.85720E-03  1.58784E-11  7.86057E-12  1.15935E-12  5.73785E-13
  9.600E+00  7.00198E-03  1.55408E-11  7.71414E-12  1.14669E-12  5.69044E-13
  9.700E+00  7.14827E-03  1.52137E-11  7.57185E-12  1.13430E-12  5.64387E-13
  9.800E+00  7.29605E-03  1.48968E-11  7.43356E-12  1.12217E-12  5.59812E-13
  9.900E+00  7.44534E-03  1.45895E-11  7.29911E-12  1.11028E-12  5.55316E-13
  1.000E+01  7.59612E-03  1.42915E-11  7.16835E-12  1.09863E-12  5.50897E-13
  1.025E+01  7.97965E-03  1.35848E-11  6.85676E-12  1.07053E-12  5.40175E-13
  1.050E+01  8.37255E-03  1.29287E-11  6.56547E-12  1.04379E-12  5.29893E-13
  1.075E+01  8.77480E-03  1.23185E-11  6.29273E-12  1.01831E-12  5.20024E-13
  1.100E+01  9.18641E-03  1.17499E-11  6.03699E-12  9.94014E-13  5.10542E-13
  1.125E+01  9.60736E-03  1.12194E-11  5.79683E-12  9.70813E-13  5.01425E-13
  1.150E+01  1.00376E-02  1.07235E-11  5.57100E-12  9.48637E-13  4.92650E-13
  1.175E+01  1.04773E-02  1.02594E-11  5.35837E-12  9.27420E-13  4.84199E-13
  1.200E+01  1.09262E-02  9.82443E-12  5.15792E-12  9.07102E-13  4.76053E-13
  1.225E+01  1.13844E-02  9.41616E-12  4.96871E-12  8.87627E-13  4.68195E-13
  1.250E+01  1.18520E-02  9.03249E-12  4.78991E-12  8.68944E-13  4.60609E-13
  1.275E+01  1.23288E-02  8.67148E-12  4.62077E-12  8.51006E-13  4.53282E-13
  1.300E+01  1.28150E-02  8.33139E-12  4.46058E-12  8.33769E-13  4.46199E-13
  1.325E+01  1.33104E-02  8.01064E-12  4.30873E-12  8.17193E-13  4.39348E-13
  1.350E+01  1.38150E-02  7.70781E-12  4.16462E-12  8.01242E-13  4.32718E-13
  1.375E+01  1.43290E-02  7.42158E-12  4.02774E-12  7.85880E-13  4.26297E-13
  1.400E+01  1.48521E-02  7.15076E-12  3.89761E-12  7.71075E-13  4.20076E-13
  1.425E+01  1.53845E-02  6.89428E-12  3.77379E-12  7.56799E-13  4.14045E-13
  1.450E+01  1.59262E-02  6.65115E-12  3.65586E-12  7.43023E-13  4.08194E-13
  1.475E+01  1.64770E-02  6.42045E-12  3.54345E-12  7.29721E-13  4.02516E-13
  1.500E+01  1.70371E-02  6.20137E-12  3.43622E-12  7.16870E-13  3.97003E-13
  1.525E+01  1.76063E-02  5.99312E-12  3.33385E-12  7.04447E-13  3.91647E-13
  1.550E+01  1.81848E-02  5.79502E-12  3.23606E-12  6.92431E-13  3.86442E-13
  1.575E+01  1.87724E-02  5.60642E-12  3.14255E-12  6.80803E-13  3.81381E-13
  1.600E+01  1.93692E-02  5.42672E-12  3.05310E-12  6.69543E-13  3.76458E-13
  1.625E+01  1.99751E-02  5.25538E-12  2.96745E-12  6.58636E-13  3.71666E-13
  1.650E+01  2.05901E-02  5.09188E-12  2.88540E-12  6.48064E-13  3.67002E-13
  1.675E+01  2.12143E-02  4.93575E-12  2.80675E-12  6.37813E-13  3.62458E-13
  1.700E+01  2.18476E-02  4.78657E-12  2.73130E-12  6.27868E-13  3.58032E-13
  1.725E+01  2.24900E-02  4.64393E-12  2.65889E-12  6.18216E-13  3.53717E-13
  1.750E+01  2.31415E-02  4.50745E-12  2.58934E-12  6.08843E-13  3.49510E-13
  1.775E+01  2.38021E-02  4.37677E-12  2.52252E-12  5.99739E-13  3.45406E-13
  1.800E+01  2.44717E-02  4.25160E-12  2.45827E-12  5.90891E-13  3.41401E-13
  1.825E+01  2.51504E-02  4.13161E-12  2.39646E-12  5.82289E-13  3.37493E-13
  1.850E+01  2.58382E-02  4.01652E-12  2.33698E-12  5.73923E-13  3.33676E-13
  1.875E+01  2.65349E-02  3.90608E-12  2.27970E-12  5.65783E-13  3.29949E-13
  1.900E+01  2.72407E-02  3.80004E-12  2.22451E-12  5.57861E-13  3.26306E-13
  1.925E+01  2.79555E-02  3.69817E-12  2.17132E-12  5.50147E-13  3.22747E-13
  1.950E+01  2.86793E-02  3.60025E-12  2.12002E-12  5.42634E-13  3.19267E-13
  1.975E+01  2.94120E-02  3.50608E-12  2.07053E-12  5.35314E-13  3.15864E-13
  2.000E+01  3.01537E-02  3.41548E-12  2.02276E-12  5.28179E-13  3.12535E-13
  2.025E+01  3.09043E-02  3.32826E-12  1.97663E-12  5.21223E-13  3.09278E-13
  2.050E+01  3.16639E-02  3.24427E-12  1.93207E-12  5.14439E-13  3.06091E-13
  2.075E+01  3.24324E-02  3.16334E-12  1.88900E-12  5.07820E-13  3.02970E-13
  2.100E+01  3.32098E-02  3.08533E-12  1.84736E-12  5.01361E-13  2.99914E-13
  2.125E+01  3.39961E-02  3.01009E-12  1.80708E-12  4.95056E-13  2.96921E-13
  2.150E+01  3.47912E-02  2.93752E-12  1.76811E-12  4.88899E-13  2.93989E-13
  2.175E+01  3.55952E-02  2.86746E-12  1.73039E-12  4.82886E-13  2.91115E-13
  2.200E+01  3.64081E-02  2.79983E-12  1.69387E-12  4.77011E-13  2.88299E-13
  2.225E+01  3.72297E-02  2.73449E-12  1.65848E-12  4.71269E-13  2.85538E-13
  2.250E+01  3.80602E-02  2.67136E-12  1.62420E-12  4.65657E-13  2.82830E-13
  2.275E+01  3.88995E-02  2.61033E-12  1.59096E-12  4.60169E-13  2.80174E-13
  2.300E+01  3.97476E-02  2.55131E-12  1.55873E-12  4.54803E-13  2.77568E-13
  2.325E+01  4.06044E-02  2.49421E-12  1.52747E-12  4.49552E-13  2.75011E-13
  2.350E+01  4.14700E-02  2.43896E-12  1.49714E-12  4.44415E-13  2.72502E-13
  2.375E+01  4.23443E-02  2.38547E-12  1.46770E-12  4.39387E-13  2.70039E-13
  2.400E+01  4.32273E-02  2.33367E-12  1.43912E-12  4.34465E-13  2.67620E-13
  2.425E+01  4.41190E-02  2.28349E-12  1.41135E-12  4.29646E-13  2.65245E-13
  2.450E+01  4.50194E-02  2.23486E-12  1.38438E-12  4.24925E-13  2.62912E-13
  2.475E+01  4.59284E-02  2.18772E-12  1.35817E-12  4.20301E-13  2.60620E-13
  2.500E+01  4.68461E-02  2.14201E-12  1.33270E-12  4.15771E-13  2.58368E-13
  2.550E+01  4.87074E-02  2.05467E-12  1.28383E-12  4.06979E-13  2.53979E-13
  2.600E+01  5.06030E-02  1.97239E-12  1.23758E-12  3.98528E-13  2.49738E-13
  2.650E+01  5.25328E-02  1.89480E-12  1.19376E-12  3.90398E-13  2.45635E-13
  2.700E+01  5.44967E-02  1.82155E-12  1.15221E-12  3.82572E-13  2.41665E-13
  2.750E+01  5.64946E-02  1.75233E-12  1.11276E-12  3.75032E-13  2.37821E-13
  2.800E+01  5.85262E-02  1.68684E-12  1.07527E-12  3.67764E-13  2.34095E-13
  2.850E+01  6.05914E-02  1.62483E-12  1.03962E-12  3.60752E-13  2.30484E-13
  2.900E+01  6.26901E-02  1.56604E-12  1.00569E-12  3.53983E-13  2.26980E-13
  2.950E+01  6.48222E-02  1.51028E-12  9.73356E-13  3.47445E-13  2.23579E-13
  3.000E+01  6.69873E-02  1.45732E-12  9.42532E-13  3.41125E-13  2.20277E-13
  3.050E+01  6.91854E-02  1.40699E-12  9.13119E-13  3.35014E-13  2.17068E-13
  3.100E+01  7.14163E-02  1.35911E-12  8.85032E-13  3.29100E-13  2.13949E-13
  3.150E+01  7.36799E-02  1.31354E-12  8.58191E-13  3.23374E-13  2.10916E-13
  3.200E+01  7.59760E-02  1.27012E-12  8.32523E-13  3.17828E-13  2.07964E-13
  3.250E+01  7.83043E-02  1.22873E-12  8.07960E-13  3.12452E-13  2.05091E-13
  3.300E+01  8.06647E-02  1.18923E-12  7.84438E-13  3.07239E-13  2.02293E-13
  3.350E+01  8.30571E-02  1.15152E-12  7.61899E-13  3.02182E-13  1.99567E-13
  3.400E+01  8.54812E-02  1.11549E-12  7.40288E-13  2.97273E-13  1.96910E-13
  3.450E+01  8.79369E-02  1.08104E-12  7.19554E-13  2.92506E-13  1.94319E-13
  3.500E+01  9.04240E-02  1.04808E-12  6.99649E-13  2.87875E-13  1.91792E-13
  3.550E+01  9.29422E-02  1.01653E-12  6.80530E-13  2.83374E-13  1.89325E-13
  3.600E+01  9.54915E-02  9.86311E-13  6.62156E-13  2.78998E-13  1.86918E-13
  3.650E+01  9.80716E-02  9.57343E-13  6.44487E-13  2.74741E-13  1.84567E-13
  3.700E+01  1.00682E-01  9.29566E-13  6.27487E-13  2.70598E-13  1.82270E-13
  3.750E+01  1.03323E-01  9.02910E-13  6.11124E-13  2.66564E-13  1.80026E-13
  3.800E+01  1.05995E-01  8.77318E-13  5.95364E-13  2.62637E-13  1.77832E-13
  3.850E+01  1.08696E-01  8.52734E-13  5.80179E-13  2.58810E-13  1.75687E-13
  3.900E+01  1.11427E-01  8.29106E-13  5.65540E-13  2.55080E-13  1.73589E-13
  3.950E+01  1.14188E-01  8.06388E-13  5.51422E-13  2.51444E-13  1.71536E-13
  4.000E+01  1.16978E-01  7.84532E-13  5.37799E-13  2.47898E-13  1.69526E-13
  4.050E+01  1.19797E-01  7.63495E-13  5.24649E-13  2.44438E-13  1.67559E-13
  4.100E+01  1.22645E-01  7.43236E-13  5.11949E-13  2.41061E-13  1.65632E-13
  4.150E+01  1.25522E-01  7.23718E-13  4.99680E-13  2.37765E-13  1.63744E-13
  4.200E+01  1.28428E-01  7.04906E-13  4.87821E-13  2.34546E-13  1.61895E-13
  4.250E+01  1.31361E-01  6.86767E-13  4.76354E-13  2.31401E-13  1.60082E-13
  4.300E+01  1.34323E-01  6.69269E-13  4.65263E-13  2.28329E-13  1.58305E-13
  4.350E+01  1.37313E-01  6.52383E-13  4.54530E-13  2.25325E-13  1.56562E-13
  4.400E+01  1.40330E-01  6.36080E-13  4.44141E-13  2.22389E-13  1.54853E-13
  4.450E+01  1.43375E-01  6.20334E-13  4.34080E-13  2.19517E-13  1.53176E-13
  4.500E+01  1.46447E-01  6.05119E-13  4.24333E-13  2.16708E-13  1.51530E-13
  4.550E+01  1.49545E-01  5.90412E-13  4.14889E-13  2.13959E-13  1.49914E-13
  4.600E+01  1.52671E-01  5.76192E-13  4.05733E-13  2.11269E-13  1.48328E-13
  4.650E+01  1.55823E-01  5.62438E-13  3.96856E-13  2.08634E-13  1.46770E-13
  4.700E+01  1.59001E-01  5.49130E-13  3.88244E-13  2.06055E-13  1.45240E-13
  4.750E+01  1.62205E-01  5.36247E-13  3.79888E-13  2.03528E-13  1.43737E-13
  4.800E+01  1.65435E-01  5.23773E-13  3.71777E-13  2.01053E-13  1.42259E-13
  4.850E+01  1.68690E-01  5.11690E-13  3.63902E-13  1.98627E-13  1.40807E-13
  4.900E+01  1.71970E-01  4.99982E-13  3.56254E-13  1.96249E-13  1.39380E-13
  4.950E+01  1.75276E-01  4.88635E-13  3.48824E-13  1.93917E-13  1.37976E-13
  5.000E+01  1.78606E-01  4.77634E-13  3.41604E-13  1.91631E-13  1.36596E-13
  5.050E+01  1.81961E-01  4.66965E-13  3.34586E-13  1.89388E-13  1.35238E-13
  5.100E+01  1.85340E-01  4.56615E-13  3.27762E-13  1.87188E-13  1.33902E-13
  5.150E+01  1.88743E-01  4.46571E-13  3.21125E-13  1.85029E-13  1.32587E-13
  5.200E+01  1.92169E-01  4.36821E-13  3.14668E-13  1.82910E-13  1.31293E-13
  5.250E+01  1.95619E-01  4.27354E-13  3.08386E-13  1.80830E-13  1.30020E-13
  5.300E+01  1.99092E-01  4.18160E-13  3.02271E-13  1.78787E-13  1.28766E-13
  5.350E+01  2.02589E-01  4.09228E-13  2.96317E-13  1.76782E-13  1.27531E-13
  5.400E+01  2.06107E-01  4.00549E-13  2.90520E-13  1.74811E-13  1.26314E-13
  5.450E+01  2.09649E-01  3.92113E-13  2.84873E-13  1.72875E-13  1.25116E-13
  5.500E+01  2.13212E-01  3.83911E-13  2.79372E-13  1.70973E-13  1.23936E-13
  5.550E+01  2.16797E-01  3.75934E-13  2.74011E-13  1.69103E-13  1.22773E-13
  5.600E+01  2.20404E-01  3.68175E-13  2.68785E-13  1.67266E-13  1.21626E-13
  5.650E+01  2.24032E-01  3.60625E-13  2.63691E-13  1.65459E-13  1.20496E-13
  5.700E+01  2.27680E-01  3.53279E-13  2.58723E-13  1.63682E-13  1.19382E-13
  5.750E+01  2.31350E-01  3.46128E-13  2.53878E-13  1.61934E-13  1.18284E-13
  5.800E+01  2.35040E-01  3.39165E-13  2.49152E-13  1.60215E-13  1.17200E-13
  5.850E+01  2.38751E-01  3.32384E-13  2.44540E-13  1.58524E-13  1.16132E-13
  5.900E+01  2.42481E-01  3.25779E-13  2.40039E-13  1.56860E-13  1.15078E-13
  5.950E+01  2.46231E-01  3.19343E-13  2.35646E-13  1.55222E-13  1.14038E-13
  6.000E+01  2.50000E-01  3.13072E-13  2.31356E-13  1.53610E-13  1.13012E-13
  6.050E+01  2.53788E-01  3.06960E-13  2.27167E-13  1.52022E-13  1.12000E-13
  6.100E+01  2.57595E-01  3.01002E-13  2.23076E-13  1.50460E-13  1.11000E-13
  6.150E+01  2.61421E-01  2.95192E-13  2.19080E-13  1.48921E-13  1.10014E-13
  6.200E+01  2.65264E-01  2.89525E-13  2.15175E-13  1.47405E-13  1.09040E-13
  6.250E+01  2.69126E-01  2.83997E-13  2.11360E-13  1.45911E-13  1.08078E-13
  6.300E+01  2.73005E-01  2.78604E-13  2.07630E-13  1.44440E-13  1.07129E-13
  6.350E+01  2.76901E-01  2.73341E-13  2.03984E-13  1.42991E-13  1.06191E-13
  6.400E+01  2.80814E-01  2.68204E-13  2.00420E-13  1.41562E-13  1.05264E-13
  6.450E+01  2.84744E-01  2.63190E-13  1.96934E-13  1.40154E-13  1.04349E-13
  6.500E+01  2.88691E-01  2.58295E-13  1.93525E-13  1.38766E-13  1.03445E-13
  6.550E+01  2.92653E-01  2.53514E-13  1.90190E-13  1.37397E-13  1.02551E-13
  6.600E+01  2.96632E-01  2.48844E-13  1.86927E-13  1.36048E-13  1.01668E-13
  6.650E+01  3.00625E-01  2.44282E-13  1.83735E-13  1.34717E-13  1.00796E-13
  6.700E+01  3.04634E-01  2.39825E-13  1.80610E-13  1.33405E-13  9.99331E-14
  6.750E+01  3.08658E-01  2.35470E-13  1.77552E-13  1.32110E-13  9.90803E-14
  6.800E+01  3.12697E-01  2.31213E-13  1.74558E-13  1.30833E-13  9.82372E-14
  6.850E+01  3.16749E-01  2.27053E-13  1.71627E-13  1.29572E-13  9.74035E-14
  6.900E+01  3.20816E-01  2.22985E-13  1.68756E-13  1.28329E-13  9.65791E-14
  6.950E+01  3.24896E-01  2.19007E-13  1.65945E-13  1.27101E-13  9.57637E-14
  7.000E+01  3.28990E-01  2.15116E-13  1.63191E-13  1.25890E-13  9.49572E-14
  7.050E+01  3.33097E-01  2.11310E-13  1.60493E-13  1.24694E-13  9.41594E-14
  7.100E+01  3.37216E-01  2.07588E-13  1.57850E-13  1.23513E-13  9.33701E-14
  7.150E+01  3.41348E-01  2.03948E-13  1.55261E-13  1.22347E-13  9.25891E-14
  7.200E+01  3.45492E-01  2.00385E-13  1.52723E-13  1.21196E-13  9.18164E-14
  7.250E+01  3.49647E-01  1.96897E-13  1.50235E-13  1.20059E-13  9.10516E-14
  7.300E+01  3.53814E-01  1.93482E-13  1.47796E-13  1.18936E-13  9.02947E-14
  7.350E+01  3.57992E-01  1.90139E-13  1.45405E-13  1.17827E-13  8.95456E-14
  7.400E+01  3.62181E-01  1.86868E-13  1.43060E-13  1.16731E-13  8.88039E-14
  7.450E+01  3.66381E-01  1.83665E-13  1.40761E-13  1.15648E-13  8.80697E-14
  7.500E+01  3.70590E-01  1.80527E-13  1.38507E-13  1.14578E-13  8.73428E-14
  7.550E+01  3.74810E-01  1.77454E-13  1.36295E-13  1.13521E-13  8.66230E-14
  7.600E+01  3.79039E-01  1.74443E-13  1.34126E-13  1.12476E-13  8.59102E-14
  7.650E+01  3.83277E-01  1.71494E-13  1.31997E-13  1.11442E-13  8.52042E-14
  7.700E+01  3.87524E-01  1.68604E-13  1.29909E-13  1.10421E-13  8.45050E-14
  7.750E+01  3.91780E-01  1.65772E-13  1.27859E-13  1.09411E-13  8.38124E-14
  7.800E+01  3.96044E-01  1.62997E-13  1.25848E-13  1.08413E-13  8.31263E-14
  7.850E+01  4.00316E-01  1.60277E-13  1.23874E-13  1.07426E-13  8.24466E-14
  7.900E+01  4.04596E-01  1.57611E-13  1.21936E-13  1.06450E-13  8.17731E-14
  7.950E+01  4.08882E-01  1.54996E-13  1.20034E-13  1.05484E-13  8.11057E-14
  8.000E+01  4.13176E-01  1.52433E-13  1.18166E-13  1.04529E-13  8.04443E-14
  8.050E+01  4.17476E-01  1.49919E-13  1.16332E-13  1.03584E-13  7.97889E-14
  8.100E+01  4.21783E-01  1.47454E-13  1.14531E-13  1.02649E-13  7.91393E-14
  8.150E+01  4.26095E-01  1.45037E-13  1.12763E-13  1.01724E-13  7.84954E-14
  8.200E+01  4.30413E-01  1.42665E-13  1.11026E-13  1.00809E-13  7.78571E-14
  8.250E+01  4.34737E-01  1.40339E-13  1.09319E-13  9.99034E-14  7.72243E-14
  8.300E+01  4.39065E-01  1.38056E-13  1.07643E-13  9.90071E-14  7.65969E-14
  8.350E+01  4.43398E-01  1.35817E-13  1.05996E-13  9.81199E-14  7.59748E-14
  8.400E+01  4.47736E-01  1.33619E-13  1.04378E-13  9.72417E-14  7.53580E-14
  8.450E+01  4.52077E-01  1.31462E-13  1.02788E-13  9.63723E-14  7.47462E-14
  8.500E+01  4.56422E-01  1.29345E-13  1.01225E-13  9.55115E-14  7.41396E-14
  8.550E+01  4.60770E-01  1.27267E-13  9.96899E-14  9.46593E-14  7.35378E-14
  8.600E+01  4.65122E-01  1.25227E-13  9.81806E-14  9.38154E-14  7.29410E-14
  8.650E+01  4.69476E-01  1.23225E-13  9.66970E-14  9.29797E-14  7.23489E-14
  8.700E+01  4.73832E-01  1.21258E-13  9.52386E-14  9.21521E-14  7.17615E-14
  8.750E+01  4.78190E-01  1.19328E-13  9.38048E-14  9.13323E-14  7.11788E-14
  8.800E+01  4.82550E-01  1.17432E-13  9.23952E-14  9.05203E-14  7.06006E-14
  8.850E+01  4.86912E-01  1.15570E-13  9.10092E-14  8.97159E-14  7.00269E-14
  8.900E+01  4.91274E-01  1.13741E-13  8.96463E-14  8.89190E-14  6.94576E-14
  8.950E+01  4.95637E-01  1.11945E-13  8.83060E-14  8.81294E-14  6.88926E-14
  9.000E+01  5.00000E-01  1.10180E-13  8.69879E-14  8.73471E-14  6.83319E-14
  9.050E+01  5.04363E-01  1.08446E-13  8.56914E-14  8.65718E-14  6.77753E-14
  9.100E+01  5.08726E-01  1.06743E-13  8.44163E-14  8.58035E-14  6.72229E-14
  9.150E+01  5.13088E-01  1.05069E-13  8.31619E-14  8.50421E-14  6.66745E-14
  9.200E+01  5.17450E-01  1.03425E-13  8.19280E-14  8.42874E-14  6.61301E-14
  9.250E+01  5.21810E-01  1.01809E-13  8.07140E-14  8.35393E-14  6.55896E-14
  9.300E+01  5.26168E-01  1.00221E-13  7.95197E-14  8.27977E-14  6.50530E-14
  9.350E+01  5.30524E-01  9.86596E-14  7.83445E-14  8.20625E-14  6.45202E-14
  9.400E+01  5.34878E-01  9.71252E-14  7.71882E-14  8.13335E-14  6.39911E-14
  9.450E+01  5.39230E-01  9.56169E-14  7.60502E-14  8.06107E-14  6.34657E-14
  9.500E+01  5.43578E-01  9.41342E-14  7.49304E-14  7.98940E-14  6.29439E-14
  9.550E+01  5.47923E-01  9.26765E-14  7.38284E-14  7.91833E-14  6.24256E-14
  9.600E+01  5.52264E-01  9.12435E-14  7.27437E-14  7.84784E-14  6.19109E-14
  9.650E+01  5.56602E-01  8.98345E-14  7.16761E-14  7.77793E-14  6.13996E-14
  9.700E+01  5.60935E-01  8.84489E-14  7.06253E-14  7.70859E-14  6.08917E-14
  9.750E+01  5.65263E-01  8.70864E-14  6.95908E-14  7.63980E-14  6.03872E-14
  9.800E+01  5.69587E-01  8.57464E-14  6.85725E-14  7.57157E-14  5.98859E-14
  9.850E+01  5.73905E-01  8.44285E-14  6.75700E-14  7.50387E-14  5.93879E-14
  9.900E+01  5.78217E-01  8.31325E-14  6.65830E-14  7.43670E-14  5.88930E-14
  9.950E+01  5.82524E-01  8.18577E-14  6.56112E-14  7.37005E-14  5.84013E-14
  1.000E+02  5.86824E-01  8.06038E-14  6.46544E-14  7.30392E-14  5.79127E-14
  1.005E+02  5.91118E-01  7.93703E-14  6.37122E-14  7.23829E-14  5.74271E-14
  1.010E+02  5.95404E-01  7.81568E-14  6.27845E-14  7.17316E-14  5.69446E-14
  1.015E+02  5.99684E-01  7.69630E-14  6.18709E-14  7.10852E-14  5.64649E-14
  1.020E+02  6.03956E-01  7.57884E-14  6.09712E-14  7.04436E-14  5.59882E-14
  1.025E+02  6.08220E-01  7.46328E-14  6.00851E-14  6.98067E-14  5.55144E-14
  1.030E+02  6.12476E-01  7.34958E-14  5.92125E-14  6.91745E-14  5.50434E-14
  1.035E+02  6.16723E-01  7.23770E-14  5.83530E-14  6.85468E-14  5.45751E-14
  1.040E+02  6.20961E-01  7.12761E-14  5.75065E-14  6.79237E-14  5.41096E-14
  1.045E+02  6.25190E-01  7.01926E-14  5.66727E-14  6.73050E-14  5.36468E-14
  1.050E+02  6.29410E-01  6.91263E-14  5.58513E-14  6.66907E-14  5.31866E-14
  1.055E+02  6.33619E-01  6.80769E-14  5.50423E-14  6.60807E-14  5.27290E-14
  1.060E+02  6.37819E-01  6.70442E-14  5.42453E-14  6.54748E-14  5.22741E-14
  1.065E+02  6.42008E-01  6.60277E-14  5.34601E-14  6.48732E-14  5.18216E-14
  1.070E+02  6.46186E-01  6.50273E-14  5.26867E-14  6.42757E-14  5.13717E-14
  1.075E+02  6.50353E-01  6.40425E-14  5.19247E-14  6.36822E-14  5.09242E-14
  1.080E+02  6.54508E-01  6.30732E-14  5.11740E-14  6.30926E-14  5.04791E-14
  1.085E+02  6.58652E-01  6.21189E-14  5.04343E-14  6.25070E-14  5.00365E-14
  1.090E+02  6.62784E-01  6.11795E-14  4.97056E-14  6.19252E-14  4.95962E-14
  1.095E+02  6.66903E-01  6.02547E-14  4.89875E-14  6.13473E-14  4.91582E-14
  1.100E+02  6.71010E-01  5.93443E-14  4.82801E-14  6.07730E-14  4.87225E-14
  1.105E+02  6.75104E-01  5.84481E-14  4.75830E-14  6.02024E-14  4.82890E-14
  1.110E+02  6.79184E-01  5.75658E-14  4.68962E-14  5.96355E-14  4.78578E-14
  1.115E+02  6.83251E-01  5.66970E-14  4.62193E-14  5.90721E-14  4.74288E-14
  1.120E+02  6.87303E-01  5.58416E-14  4.55524E-14  5.85122E-14  4.70019E-14
  1.125E+02  6.91342E-01  5.49993E-14  4.48952E-14  5.79557E-14  4.65771E-14
  1.130E+02  6.95366E-01  5.41700E-14  4.42476E-14  5.74027E-14  4.61545E-14
  1.135E+02  6.99375E-01  5.33535E-14  4.36094E-14  5.68530E-14  4.57339E-14
  1.140E+02  7.03368E-01  5.25495E-14  4.29805E-14  5.63066E-14  4.53153E-14
  1.145E+02  7.07347E-01  5.17578E-14  4.23608E-14  5.57634E-14  4.48987E-14
  1.150E+02  7.11309E-01  5.09783E-14  4.17500E-14  5.52235E-14  4.44842E-14
  1.155E+02  7.15256E-01  5.02106E-14  4.11481E-14  5.46867E-14  4.40715E-14
  1.160E+02  7.19186E-01  4.94545E-14  4.05550E-14  5.41530E-14  4.36608E-14
  1.165E+02  7.23099E-01  4.87100E-14  3.99704E-14  5.36223E-14  4.32520E-14
  1.170E+02  7.26995E-01  4.79769E-14  3.93943E-14  5.30947E-14  4.28450E-14
  1.175E+02  7.30874E-01  4.72550E-14  3.88266E-14  5.25700E-14  4.24399E-14
  1.180E+02  7.34736E-01  4.65441E-14  3.82671E-14  5.20482E-14  4.20365E-14
  1.185E+02  7.38579E-01  4.58440E-14  3.77157E-14  5.15293E-14  4.16350E-14
  1.190E+02  7.42405E-01  4.51545E-14  3.71723E-14  5.10132E-14  4.12352E-14
  1.195E+02  7.46212E-01  4.44754E-14  3.66368E-14  5.05000E-14  4.08372E-14
  1.200E+02  7.50000E-01  4.38066E-14  3.61090E-14  4.99894E-14  4.04408E-14
  1.205E+02  7.53769E-01  4.31481E-14  3.55889E-14  4.94816E-14  4.00462E-14
  1.210E+02  7.57519E-01  4.24995E-14  3.50763E-14  4.89764E-14  3.96532E-14
  1.215E+02  7.61249E-01  4.18609E-14  3.45711E-14  4.84739E-14  3.92618E-14
  1.220E+02  7.64960E-01  4.12320E-14  3.40733E-14  4.79739E-14  3.88720E-14
  1.225E+02  7.68650E-01  4.06125E-14  3.35827E-14  4.74765E-14  3.84839E-14
  1.230E+02  7.72320E-01  4.00025E-14  3.30993E-14  4.69816E-14  3.80973E-14
  1.235E+02  7.75968E-01  3.94017E-14  3.26228E-14  4.64891E-14  3.77122E-14
  1.240E+02  7.79596E-01  3.88100E-14  3.21533E-14  4.59991E-14  3.73286E-14
  1.245E+02  7.83203E-01  3.82274E-14  3.16907E-14  4.55115E-14  3.69466E-14
  1.250E+02  7.86788E-01  3.76538E-14  3.12348E-14  4.50262E-14  3.65660E-14
  1.255E+02  7.90351E-01  3.70889E-14  3.07856E-14  4.45433E-14  3.61869E-14
  1.260E+02  7.93893E-01  3.65326E-14  3.03430E-14  4.40626E-14  3.58092E-14
  1.265E+02  7.97411E-01  3.59847E-14  2.99068E-14  4.35842E-14  3.54330E-14
  1.270E+02  8.00908E-01  3.54452E-14  2.94771E-14  4.31080E-14  3.50581E-14
  1.275E+02  8.04381E-01  3.49140E-14  2.90537E-14  4.26340E-14  3.46846E-14
  1.280E+02  8.07831E-01  3.43910E-14  2.86365E-14  4.21621E-14  3.43124E-14
  1.285E+02  8.11257E-01  3.38760E-14  2.82255E-14  4.16924E-14  3.39416E-14
  1.290E+02  8.14660E-01  3.33691E-14  2.78206E-14  4.12247E-14  3.35720E-14
  1.295E+02  8.18039E-01  3.28699E-14  2.74217E-14  4.07591E-14  3.32038E-14
  1.300E+02  8.21394E-01  3.23783E-14  2.70287E-14  4.02955E-14  3.28369E-14
  1.305E+02  8.24724E-01  3.18944E-14  2.66416E-14  3.98339E-14  3.24712E-14
  1.310E+02  8.28030E-01  3.14180E-14  2.62603E-14  3.93742E-14  3.21067E-14
  1.315E+02  8.31310E-01  3.09490E-14  2.58847E-14  3.89165E-14  3.17434E-14
  1.320E+02  8.34565E-01  3.04875E-14  2.55148E-14  3.84607E-14  3.13814E-14
  1.325E+02  8.37795E-01  3.00331E-14  2.51505E-14  3.80067E-14  3.10205E-14
  1.330E+02  8.40999E-01  2.95859E-14  2.47917E-14  3.75546E-14  3.06608E-14
  1.335E+02  8.44177E-01  2.91457E-14  2.44383E-14  3.71043E-14  3.03022E-14
  1.340E+02  8.47329E-01  2.87124E-14  2.40904E-14  3.66558E-14  2.99448E-14
  1.345E+02  8.50455E-01  2.82860E-14  2.37477E-14  3.62091E-14  2.95885E-14
  1.350E+02  8.53553E-01  2.78663E-14  2.34104E-14  3.57640E-14  2.92332E-14
  1.355E+02  8.56625E-01  2.74535E-14  2.30783E-14  3.53207E-14  2.88791E-14
  1.360E+02  8.59670E-01  2.70473E-14  2.27513E-14  3.48790E-14  2.85260E-14
  1.365E+02  8.62687E-01  2.66476E-14  2.24295E-14  3.44390E-14  2.81739E-14
  1.370E+02  8.65677E-01  2.62543E-14  2.21126E-14  3.40006E-14  2.78229E-14
  1.375E+02  8.68639E-01  2.58674E-14  2.18008E-14  3.35638E-14  2.74729E-14
  1.380E+02  8.71572E-01  2.54867E-14  2.14939E-14  3.31286E-14  2.71238E-14
  1.385E+02  8.74478E-01  2.51124E-14  2.11918E-14  3.26949E-14  2.67758E-14
  1.390E+02  8.77355E-01  2.47442E-14  2.08947E-14  3.22627E-14  2.64287E-14
  1.395E+02  8.80203E-01  2.43822E-14  2.06023E-14  3.18320E-14  2.60826E-14
  1.400E+02  8.83022E-01  2.40263E-14  2.03146E-14  3.14028E-14  2.57374E-14
  1.405E+02  8.85812E-01  2.36762E-14  2.00316E-14  3.09750E-14  2.53931E-14
  1.410E+02  8.88573E-01  2.33320E-14  1.97533E-14  3.05486E-14  2.50497E-14
  1.415E+02  8.91304E-01  2.29935E-14  1.94795E-14  3.01237E-14  2.47072E-14
  1.420E+02  8.94005E-01  2.26608E-14  1.92103E-14  2.97001E-14  2.43656E-14
  1.425E+02  8.96677E-01  2.23339E-14  1.89456E-14  2.92778E-14  2.40248E-14
  1.430E+02  8.99318E-01  2.20128E-14  1.86854E-14  2.88569E-14  2.36849E-14
  1.435E+02  9.01928E-01  2.16973E-14  1.84296E-14  2.84372E-14  2.33458E-14
  1.440E+02  9.04508E-01  2.13872E-14  1.81781E-14  2.80189E-14  2.30075E-14
  1.445E+02  9.07058E-01  2.10824E-14  1.79309E-14  2.76018E-14  2.26700E-14
  1.450E+02  9.09576E-01  2.07830E-14  1.76881E-14  2.71860E-14  2.23334E-14
  1.455E+02  9.12063E-01  2.04891E-14  1.74495E-14  2.67713E-14  2.19974E-14
  1.460E+02  9.14519E-01  2.02006E-14  1.72152E-14  2.63579E-14  2.16623E-14
  1.465E+02  9.16943E-01  1.99174E-14  1.69850E-14  2.59456E-14  2.13279E-14
  1.470E+02  9.19335E-01  1.96394E-14  1.67590E-14  2.55344E-14  2.09942E-14
  1.475E+02  9.21696E-01  1.93664E-14  1.65371E-14  2.51244E-14  2.06613E-14
  1.480E+02  9.24024E-01  1.90985E-14  1.63192E-14  2.47155E-14  2.03290E-14
  1.485E+02  9.26320E-01  1.88356E-14  1.61054E-14  2.43077E-14  1.99975E-14
  1.490E+02  9.28584E-01  1.85778E-14  1.58955E-14  2.39010E-14  1.96666E-14
  1.495E+02  9.30815E-01  1.83251E-14  1.56897E-14  2.34952E-14  1.93364E-14
  1.500E+02  9.33013E-01  1.80773E-14  1.54878E-14  2.30906E-14  1.90069E-14
  1.505E+02  9.35178E-01  1.78343E-14  1.52898E-14  2.26869E-14  1.86780E-14
  1.510E+02  9.37310E-01  1.75962E-14  1.50957E-14  2.22842E-14  1.83497E-14
  1.515E+02  9.39409E-01  1.73628E-14  1.49054E-14  2.18824E-14  1.80221E-14
  1.520E+02  9.41474E-01  1.71341E-14  1.47189E-14  2.14817E-14  1.76950E-14
  1.525E+02  9.43505E-01  1.69102E-14  1.45363E-14  2.10818E-14  1.73686E-14
  1.530E+02  9.45503E-01  1.66910E-14  1.43574E-14  2.06828E-14  1.70427E-14
  1.535E+02  9.47467E-01  1.64765E-14  1.41822E-14  2.02848E-14  1.67174E-14
  1.540E+02  9.49397E-01  1.62666E-14  1.40108E-14  1.98876E-14  1.63926E-14
  1.545E+02  9.51293E-01  1.60612E-14  1.38430E-14  1.94912E-14  1.60685E-14
  1.550E+02  9.53154E-01  1.58604E-14  1.36789E-14  1.90957E-14  1.57448E-14
  1.555E+02  9.54981E-01  1.56639E-14  1.35184E-14  1.87010E-14  1.54217E-14
  1.560E+02  9.56773E-01  1.54720E-14  1.33615E-14  1.83071E-14  1.50990E-14
  1.565E+02  9.58530E-01  1.52846E-14  1.32082E-14  1.79139E-14  1.47769E-14
  1.570E+02  9.60252E-01  1.51016E-14  1.30585E-14  1.75215E-14  1.44553E-14
  1.575E+02  9.61940E-01  1.49230E-14  1.29123E-14  1.71299E-14  1.41341E-14
  1.580E+02  9.63592E-01  1.47487E-14  1.27696E-14  1.67390E-14  1.38134E-14
  1.585E+02  9.65209E-01  1.45787E-14  1.26304E-14  1.63488E-14  1.34931E-14
  1.590E+02  9.66790E-01  1.44129E-14  1.24947E-14  1.59592E-14  1.31733E-14
  1.595E+02  9.68336E-01  1.42514E-14  1.23624E-14  1.55704E-14  1.28540E-14
  1.600E+02  9.69846E-01  1.40941E-14  1.22336E-14  1.51822E-14  1.25350E-14
  1.605E+02  9.71321E-01  1.39412E-14  1.21083E-14  1.47946E-14  1.22165E-14
  1.610E+02  9.72759E-01  1.37924E-14  1.19863E-14  1.44077E-14  1.18983E-14
  1.615E+02  9.74162E-01  1.36478E-14  1.18677E-14  1.40213E-14  1.15805E-14
  1.620E+02  9.75528E-01  1.35072E-14  1.17524E-14  1.36356E-14  1.12632E-14
  1.625E+02  9.76858E-01  1.33707E-14  1.16405E-14  1.32504E-14  1.09461E-14
  1.630E+02  9.78152E-01  1.32383E-14  1.15319E-14  1.28657E-14  1.06295E-14
  1.635E+02  9.79410E-01  1.31100E-14  1.14267E-14  1.24816E-14  1.03132E-14
  1.640E+02  9.80631E-01  1.29858E-14  1.13247E-14  1.20980E-14  9.99718E-15
  1.645E+02  9.81815E-01  1.28657E-14  1.12261E-14  1.17149E-14  9.68151E-15
  1.650E+02  9.82963E-01  1.27495E-14  1.11307E-14  1.13323E-14  9.36616E-15
  1.655E+02  9.84074E-01  1.26373E-14  1.10385E-14  1.09501E-14  9.05112E-15
  1.660E+02  9.85148E-01  1.25290E-14  1.09496E-14  1.05684E-14  8.73636E-15
  1.665E+02  9.86185E-01  1.24246E-14  1.08640E-14  1.01872E-14  8.42188E-15
  1.670E+02  9.87185E-01  1.23242E-14  1.07815E-14  9.80634E-15  8.10767E-15
  1.675E+02  9.88148E-01  1.22278E-14  1.07023E-14  9.42590E-15  7.79373E-15
  1.680E+02  9.89074E-01  1.21354E-14  1.06263E-14  9.04585E-15  7.48003E-15
  1.685E+02  9.89962E-01  1.20468E-14  1.05534E-14  8.66618E-15  7.16658E-15
  1.690E+02  9.90814E-01  1.19620E-14  1.04837E-14  8.28685E-15  6.85335E-15
  1.695E+02  9.91627E-01  1.18810E-14  1.04172E-14  7.90787E-15  6.54034E-15
  1.700E+02  9.92404E-01  1.18039E-14  1.03538E-14  7.52921E-15  6.22754E-15
  1.705E+02  9.93143E-01  1.17306E-14  1.02936E-14  7.15086E-15  5.91494E-15
  1.710E+02  9.93844E-01  1.16612E-14  1.02366E-14  6.77279E-15  5.60253E-15
  1.715E+02  9.94508E-01  1.15957E-14  1.01826E-14  6.39501E-15  5.29030E-15
  1.720E+02  9.95134E-01  1.15341E-14  1.01318E-14  6.01749E-15  4.97823E-15
  1.725E+02  9.95722E-01  1.14761E-14  1.00841E-14  5.64021E-15  4.66633E-15
  1.730E+02  9.96273E-01  1.14218E-14  1.00395E-14  5.26316E-15  4.35457E-15
  1.735E+02  9.96786E-01  1.13713E-14  9.99803E-15  4.88633E-15  4.04295E-15
  1.740E+02  9.97261E-01  1.13245E-14  9.95962E-15  4.50969E-15  3.73146E-15
  1.745E+02  9.97698E-01  1.12816E-14  9.92432E-15  4.13324E-15  3.42009E-15
  1.750E+02  9.98097E-01  1.12426E-14  9.89213E-15  3.75696E-15  3.10883E-15
  1.755E+02  9.98459E-01  1.12073E-14  9.86302E-15  3.38083E-15  2.79766E-15
  1.760E+02  9.98782E-01  1.11757E-14  9.83697E-15  3.00484E-15  2.48659E-15
  1.765E+02  9.99067E-01  1.11477E-14  9.81398E-15  2.62897E-15  2.17559E-15
  1.770E+02  9.99315E-01  1.11234E-14  9.79403E-15  2.25320E-15  1.86467E-15
  1.775E+02  9.99524E-01  1.11027E-14  9.77716E-15  1.87753E-15  1.55380E-15
  1.780E+02  9.99695E-01  1.10860E-14  9.76338E-15  1.50193E-15  1.24298E-15
  1.785E+02  9.99829E-01  1.10731E-14  9.75270E-15  1.12639E-15  9.32199E-16
  1.790E+02  9.99924E-01  1.10641E-14  9.74510E-15  7.50900E-16  6.21449E-16
  1.795E+02  9.99981E-01  1.10588E-14  9.74056E-15  3.75441E-16  3.10719E-16
  1.800E+02  1.00000E+00  1.10572E-14  9.73906E-15  5.26868E-30  4.36043E-30
